338979217531,-126,-0.5739985,-0.13111407,-0.7964735,
338989227296,41,-0.57415223,-0.13130912,-0.79633945,
338999237062,97,-0.57435197,-0.1314979,-0.7961721,
339009277345,-88,-0.57464516,-0.1317023,-0.795935,
339019256593,54,-0.575354,-0.13223855,-0.7953419,
339029296876,54,-0.575354,-0.13223855,-0.7953419,
339039123537,-125,-0.57565635,-0.13253158,-0.7950696,
339049163820,-11,-0.57593995,-0.1328357,-0.7948018,
339059173585,-122,-0.57626444,-0.1331685,-0.7945007,
339069213868,-84,-0.5765316,-0.1334406,-0.7942504,
339079376222,73,-0.57678705,-0.13368142,-0.79401803,
339089416505,48,-0.577053,-0.13389906,-0.79378164,
339099426271,-80,-0.57730794,-0.13409473,-0.7935581,
339109497072,64,-0.5775525,-0.13423964,-0.793352,
339119476320,-46,-0.5777491,-0.13435358,-0.79318655,
339129516603,-117,-0.5778815,-0.13444431,-0.7930716,
339139495851,1,-0.57801235,-0.13451843,-0.792964,
339149536134,-9,-0.5781575,-0.13456745,-0.7928493,
339159545900,-4,-0.57835305,-0.13457948,-0.79270446,
339169586183,-122,-0.5785455,-0.1346134,-0.7925586,
339179595949,41,-0.5787815,-0.1346495,-0.7923798,
339189605714,-119,-0.5790166,-0.13467158,-0.7922079,
339199615480,-113,-0.5792267,-0.13466352,-0.79206437,
339209625245,126,-0.5793921,-0.13460702,-0.79196364,
339219665529,24,-0.57954973,-0.13451302,-0.7918691,
339229675294,36,-0.57970357,-0.13445193,-0.7917689,
339239685060,-27,-0.57986665,-0.13443163,-0.79165167,
339249725343,47,-0.57997745,-0.13444774,-0.7915642,
339259735109,-44,-0.58010083,-0.13450268,-0.7914588,
339269775392,-123,-0.580175,-0.13460226,-0.7913798,
339279785158,2,-0.5802675,-0.13473777,-0.7912772,
339289794923,46,-0.58040243,-0.13492897,-0.79113287,
339299621584,3,-0.5805215,-0.13516828,-0.79099476,
339309814455,-50,-0.5806587,-0.13536139,-0.7908493,
339319854738,-10,-0.58081436,-0.13552396,-0.7907024,
339329864504,-106,-0.5809829,-0.13565257,-0.79055864,
339339874269,-5,-0.5811611,-0.13572204,-0.7904156,
339349884035,20,-0.5813574,-0.13582522,-0.79026127,
339359924318,-74,-0.5815387,-0.13590257,-0.7901202,
339369934084,-90,-0.58170694,-0.13597403,-0.7899948,
339379943849,123,-0.5819008,-0.13601269,-0.7898561,
339389953615,39,-0.5821119,-0.13604483,-0.7897059,
339399993898,-118,-0.5823317,-0.13611244,-0.7895466,
339410003664,69,-0.5825934,-0.13620327,-0.78935194,
339420013429,117,-0.58286804,-0.13632068,-0.78914475,
339430023195,64,-0.5831404,-0.1364302,-0.78894144,
339440032960,62,-0.58338165,-0.13654949,-0.7887629,
339450073244,-81,-0.58367556,-0.13666604,-0.78855026,
339460083009,-90,-0.5839624,-0.13678008,-0.78834325,
339470092775,96,-0.58426654,-0.13689868,-0.7881187,
339480133058,-88,-0.5845625,-0.13700594,-0.7878963,
339490142824,11,-0.58481586,-0.13716574,-0.7876961,
339500152590,68,-0.5850779,-0.13733087,-0.7874799,
339510192873,-89,-0.5853028,-0.13755181,-0.7872758,
339520202638,-103,-0.5854323,-0.13776937,-0.78713495,
339530212404,26,-0.58558875,-0.13798395,-0.78697807,
339540222170,77,-0.58577156,-0.13814756,-0.7868144,
339550262453,-36,-0.58600175,-0.13829549,-0.7866246,
339560302736,-16,-0.5862867,-0.13844767,-0.7863973,
339570281984,-30,-0.5865701,-0.13862011,-0.78617156,
339580352785,66,-0.5867833,-0.1387361,-0.78599894,
339590332033,-99,-0.58685255,-0.13882667,-0.78593034,
339600372316,56,-0.5869098,-0.13894376,-0.78586054,
339610198976,-91,-0.58699,-0.13907355,-0.78576624,
339620391847,-76,-0.58708084,-0.13919306,-0.7856658,
339630432130,-35,-0.58718306,-0.13932087,-0.78556126,
339640441896,-93,-0.5872507,-0.13940129,-0.785492,
339650482179,-107,-0.587287,-0.13942118,-0.78545743,
339660461427,-101,-0.5873593,-0.13937856,-0.78540283,
339670501710,-87,-0.5874503,-0.13938478,-0.78532434,
339680511476,96,-0.58747727,-0.13946033,-0.7852804,
339690521242,90,-0.58750814,-0.13955466,-0.7852252,
339700561525,69,-0.5875413,-0.13964218,-0.7851695,
339710571290,-78,-0.5875839,-0.13974857,-0.7851125,
339720581056,126,-0.5876876,-0.13986905,-0.78501683,
339730621339,79,-0.58784467,-0.13996145,-0.78488827,
339740631105,112,-0.5879752,-0.14003675,-0.7847842,
339750640871,-10,-0.5881073,-0.14010249,-0.784682,
339760650636,75,-0.58825624,-0.1401241,-0.78456813,
339770690919,-93,-0.58837694,-0.14013354,-0.78448176,
339780700685,60,-0.5884628,-0.14011745,-0.7844277,
339790710451,-18,-0.5884985,-0.14009526,-0.78441054,
339800598146,14,-0.5884755,-0.14014216,-0.78442854,
339810577394,-9,-0.58848006,-0.14017169,-0.784418,
339820770265,-94,-0.5885108,-0.14025156,-0.7843795,
339830780031,35,-0.58853143,-0.14034021,-0.78435105,
339840820314,31,-0.58860296,-0.14040713,-0.78429276,
339850830079,8,-0.5887228,-0.14043242,-0.78420633,
339860839845,-92,-0.5888497,-0.14042933,-0.78412193,
339870849611,-39,-0.5890608,-0.14042865,-0.7839819,
339880889894,-16,-0.5892678,-0.14039981,-0.78385544,
339890869142,-69,-0.5894791,-0.14033058,-0.7837316,
339900909425,-122,-0.58962345,-0.14026655,-0.78365785,
339910949708,113,-0.5897177,-0.1402174,-0.7836171,
339920928956,14,-0.5898097,-0.14013198,-0.7835759,
339930969240,55,-0.5898756,-0.14007472,-0.7835522,
339940979005,-114,-0.58994585,-0.13999014,-0.78352755,
339951019288,-61,-0.59005374,-0.13989043,-0.78347385,
339960998537,14,-0.5901825,-0.13985138,-0.7833968,
339971069337,15,-0.59037334,-0.13985468,-0.7832637,
339981079103,-113,-0.5905561,-0.13986412,-0.78313184,
339991088868,25,-0.5907294,-0.13989154,-0.78300434,
340001098634,30,-0.59088576,-0.13988751,-0.78288907,
340011108400,89,-0.5910211,-0.13990848,-0.78278965,
340021148683,-111,-0.5911152,-0.13994044,-0.7827181,
340031158449,70,-0.591188,-0.13996165,-0.78266335,
340041168214,-106,-0.5912836,-0.14000545,-0.78259236,
340051208498,-21,-0.5913508,-0.14003555,-0.78254336,
340061218263,89,-0.59146696,-0.14005476,-0.78245646,
340071228029,-56,-0.5915943,-0.14007424,-0.78236353,
340081237794,-87,-0.5917541,-0.14006668,-0.7822554,
340091247560,92,-0.5919102,-0.13998984,-0.78216124,
340101287843,100,-0.59207404,-0.1399125,-0.7820621,
340111297609,-16,-0.5922375,-0.1398584,-0.78195894,
340121337892,118,-0.59241074,-0.13982603,-0.7818416,
340131347658,88,-0.59261703,-0.1398424,-0.7816917,
340141357423,117,-0.5928404,-0.13987136,-0.7815243,
340151397707,103,-0.5930323,-0.13990612,-0.7813842,
340161376955,37,-0.59325355,-0.13990103,-0.78123575,
340171386720,-37,-0.5934505,-0.13983676,-0.78111243,
340181427004,-27,-0.59361917,-0.13977057,-0.7810132,
340191436769,-90,-0.5937648,-0.13972624,-0.7809309,
340201446535,37,-0.59395236,-0.1396643,-0.7808141,
340211486818,-58,-0.5941065,-0.13963799,-0.78072083,
340221496584,-5,-0.5942798,-0.1396425,-0.7806057,
340231536867,47,-0.59446275,-0.13966623,-0.7804738,
340241546632,104,-0.5946011,-0.13970815,-0.7803698,
340251556398,-29,-0.5947645,-0.13975807,-0.78023934,
340261566164,13,-0.59493524,-0.13983062,-0.7800941,
340271606447,108,-0.5950808,-0.1399168,-0.7799601,
340281616213,10,-0.595225,-0.14005217,-0.7798228,
340291656496,-111,-0.59538823,-0.14018697,-0.7796717,
340301666261,105,-0.595524,-0.14029145,-0.77954525,
340311676027,0,-0.595663,-0.1404291,-0.7794192,
340321685793,43,-0.59578997,-0.14053203,-0.77930665,
340331695558,-113,-0.59591776,-0.14059526,-0.7792039,
340341735841,68,-0.5960984,-0.14059445,-0.77907914,
340351745607,-89,-0.59628373,-0.14054029,-0.7789699,
340361755373,99,-0.5964698,-0.14043278,-0.7788659,
340371765138,0,-0.59664327,-0.14038911,-0.77876604,
340381805421,-57,-0.5968162,-0.14036964,-0.7786594,
340391815187,62,-0.5969731,-0.14035593,-0.7785609,
340401824953,-60,-0.5971358,-0.14029509,-0.7784617,
340411834718,100,-0.59730136,-0.14024054,-0.77836317,
340421905519,-45,-0.59748304,-0.1401818,-0.77824837,
340431915285,-56,-0.5976694,-0.1401827,-0.77811736,
340441925050,27,-0.59782064,-0.14021705,-0.77800465,
340451934816,-59,-0.59795976,-0.14027621,-0.7778963,
340461944582,-52,-0.5980993,-0.1403561,-0.777787,
340471984865,-21,-0.5982327,-0.14042251,-0.7776827,
340481964113,9,-0.59832877,-0.14046526,-0.7776166,
340492004396,-87,-0.5984496,-0.14040253,-0.7775502,
340502014162,-16,-0.59858084,-0.14035048,-0.777489,
340512023927,33,-0.59872985,-0.1402348,-0.77742034,
340522064210,-41,-0.59888107,-0.14010356,-0.7773492,
340532073976,-10,-0.5990255,-0.14001344,-0.7772727,
340542083742,48,-0.59913534,-0.13993342,-0.77721334,
340552124025,32,-0.5992673,-0.13991408,-0.77712554,
340562133790,103,-0.5993885,-0.13992392,-0.7770384,
340572143556,81,-0.59949464,-0.13995938,-0.776958,
340582183839,-95,-0.59958714,-0.13999595,-0.776885,
340592193605,-115,-0.5996716,-0.14003707,-0.77682215,
340602203371,-119,-0.5997786,-0.1400438,-0.77675,
340612243654,26,-0.5999685,-0.14002909,-0.77661973,
340622253419,26,-0.60016966,-0.13999332,-0.77649015,
340632263185,26,-0.6003613,-0.13993847,-0.7763771,
340642272951,63,-0.6005601,-0.1398485,-0.77626204,
340652282716,-119,-0.6007586,-0.1397762,-0.7761418,
340662322999,5,-0.60091656,-0.13970385,-0.7760476,
340672332765,-33,-0.60107297,-0.13959336,-0.775953,
340682342531,-99,-0.60123193,-0.13950354,-0.77585375,
340692352296,96,-0.6013999,-0.13941541,-0.7757428,
340702423097,-100,-0.6015906,-0.13937111,-0.7756086,
340712432863,-18,-0.60175824,-0.13934128,-0.77549016,
340722442628,-89,-0.6018893,-0.13932319,-0.7754009,
340732452394,-27,-0.602044,-0.13926682,-0.7752945,
340742462160,-17,-0.6021518,-0.13920625,-0.77523065,
340752471925,80,-0.6022423,-0.13910002,-0.77519083,
340762481691,-49,-0.60236335,-0.13898437,-0.77513266,
340772491456,-112,-0.60248184,-0.13887024,-0.7750745,
340782531740,104,-0.6026361,-0.13883463,-0.77497715,
340792572023,87,-0.60276663,-0.13883436,-0.7748897,
340802581788,77,-0.6028784,-0.13884188,-0.7748092,
340812622072,100,-0.60294974,-0.13887113,-0.7747561,
340822601320,28,-0.6029775,-0.13891114,-0.77473444,
340832641603,116,-0.60307854,-0.13891745,-0.7746596,
340842651368,-83,-0.6032283,-0.13891509,-0.7745523,
340852691652,-83,-0.6033621,-0.1389343,-0.7744607,
340862701417,96,-0.60356796,-0.13893643,-0.77431667,
340872711183,-13,-0.60377616,-0.13888738,-0.77417094,
340882751466,-24,-0.6039421,-0.13883196,-0.7740579,
340892730714,39,-0.6040892,-0.13878174,-0.77396035,
340902740480,-43,-0.604243,-0.13866055,-0.77386546,
340912750245,-15,-0.60440755,-0.13851938,-0.7737697,
340922790529,14,-0.6045841,-0.1383956,-0.7736705,
340932800294,54,-0.6048093,-0.13827835,-0.7735351,
340942840578,-69,-0.60503817,-0.13816836,-0.77339584,
340952850343,4,-0.60524744,-0.13807437,-0.77326834,
340962860109,88,-0.6054066,-0.13797054,-0.7731716,
340972900392,-67,-0.60552937,-0.13793463,-0.77309126,
340982910158,68,-0.60560346,-0.13792846,-0.77304167,
340992919923,-9,-0.60571605,-0.1379358,-0.77295476,
341002960207,93,-0.6058576,-0.13795322,-0.7728487,
341012969972,-26,-0.6060348,-0.13796513,-0.77272457,
341022979738,-102,-0.60616165,-0.13793848,-0.77264845,
341032989504,7,-0.60629845,-0.13787334,-0.7725703,
341043090822,-42,-0.6064424,-0.1378152,-0.7724881,
341053039552,90,-0.6065857,-0.1377673,-0.77240276,
341063049318,-99,-0.60673267,-0.1377138,-0.7723118,
341073059084,88,-0.6068852,-0.13768654,-0.77221555,
341083099367,-114,-0.6070674,-0.13764594,-0.772095,
341093109132,-60,-0.6072586,-0.13763893,-0.7719624,
341103118898,63,-0.6073924,-0.13764544,-0.7718733,
341113159181,-20,-0.6075176,-0.13762803,-0.7717926,
341123168947,-49,-0.6075978,-0.13758405,-0.7717524,
341133178713,-91,-0.60763496,-0.13751036,-0.7717536,
341143188478,-102,-0.6077106,-0.13744065,-0.7717303,
341153228761,18,-0.6078454,-0.13730732,-0.7716703,
341163238527,58,-0.60802996,-0.13714775,-0.7715771,
341173248293,-25,-0.6081554,-0.13699678,-0.7715309,
341183288576,119,-0.60827893,-0.13686527,-0.77147907,
341193298341,-126,-0.6083631,-0.13676989,-0.7714497,
341203308107,-18,-0.608406,-0.13668056,-0.7714484,
341213134767,-85,-0.6083895,-0.13660546,-0.77148855,
341223175050,-33,-0.60837567,-0.13653985,-0.7715216,
341233367921,49,-0.6083573,-0.13650046,-0.7715554,
341243377687,-3,-0.60836554,-0.13643084,-0.7715688,
341253417970,62,-0.608347,-0.13637207,-0.7716012,
341263427736,112,-0.6083415,-0.13632834,-0.7716168,
341273468019,-111,-0.6083515,-0.1363306,-0.7716123,
341283477785,-49,-0.60838383,-0.13633376,-0.7715885,
341293487550,28,-0.6084864,-0.13635926,-0.771506,
341303497316,-62,-0.6086025,-0.13637757,-0.7714077,
341313537599,105,-0.6087672,-0.1364492,-0.77127343,
341323547365,-87,-0.60900164,-0.13647248,-0.7710959,
341333557130,-118,-0.6091825,-0.13643259,-0.770982,
341343566896,-24,-0.60930926,-0.13630168,-0.77093965,
341353393556,-92,-0.60944426,-0.13610764,-0.77092034,
341363403322,-120,-0.6095478,-0.13576831,-0.77096397,
341373443605,-61,-0.60965425,-0.13533175,-0.77104247,
341383453371,-28,-0.6098106,-0.1347894,-0.7711142,
341393463136,-25,-0.6099796,-0.13420361,-0.77118284,
341403472902,-21,-0.6102089,-0.13362905,-0.7711961,
341413482667,14,-0.61055213,-0.13316087,-0.77108604,
341423522951,121,-0.6109317,-0.1329042,-0.77087677,
341433715822,-35,-0.611396,-0.13293208,-0.77052754,
341443572999,-121,-0.6118679,-0.1332158,-0.77009493,
341453582765,118,-0.6122859,-0.13379586,-0.7696321,
341463623048,46,-0.6125783,-0.13460255,-0.7692104,
341473632814,-101,-0.61264837,-0.1355255,-0.76892936,
341483642579,69,-0.6125825,-0.13645346,-0.76875454,
341493652345,-93,-0.61234,-0.13736598,-0.76874316,
341503662111,14,-0.6118763,-0.13822035,-0.7689401,
341513671876,0,-0.61128736,-0.13898171,-0.76927894,
341523712160,-11,-0.6107212,-0.13969503,-0.76964855,
341533721925,126,-0.61022925,-0.14028342,-0.77001595,
341543731691,-52,-0.60989773,-0.14071655,-0.7702989,
341553741456,76,-0.60979307,-0.14105806,-0.77043265,
341563751222,121,-0.60981953,-0.1413274,-0.7704822,
341573760988,28,-0.60991734,-0.14147785,-0.7704919,
341583801271,3,-0.6102732,-0.14163409,-0.7702837,
341593811037,-68,-0.6107286,-0.14179286,-0.76997185,
341603851320,127,-0.6111624,-0.14201523,-0.7696296,
341614074708,106,-0.61152714,-0.14226063,-0.7693176,
341624084474,23,-0.61187744,-0.14246039,-0.76900756,
341634094240,85,-0.6121478,-0.14262304,-0.76876366,
341644134523,79,-0.61237454,-0.14269221,-0.7685713,
341654144288,109,-0.6126039,-0.14270313,-0.7683991,
341664154054,49,-0.6128201,-0.14256868,-0.7682698,
341673980714,-36,-0.6130674,-0.1423262,-0.76814735,
341683990480,31,-0.61325574,-0.14204137,-0.7680958,
341694000245,117,-0.613428,-0.14172451,-0.7680751,
341704010011,-2,-0.61352074,-0.14144625,-0.7681172,
341714050294,73,-0.6135317,-0.14116888,-0.7682174,
341724060060,-104,-0.6134261,-0.14088532,-0.76839924,
341734100343,-29,-0.61328226,-0.14061409,-0.76859003,
341744110109,-71,-0.6130734,-0.14045782,-0.7688074,
341754119874,42,-0.6128611,-0.1403315,-0.76900464,
341764160158,26,-0.6126807,-0.14026256,-0.76915044,
341774200441,84,-0.61253303,-0.14023474,-0.76924783,
341784210207,-82,-0.61253715,-0.14018954,-0.7692213,
341794219972,30,-0.6127435,-0.14001468,-0.7690493,
341804229738,52,-0.61303884,-0.13973743,-0.76882756,
341814239504,-42,-0.613345,-0.13931006,-0.76862496,
341824249269,71,-0.6136828,-0.13873008,-0.76842237,
341834259035,-34,-0.6140354,-0.13804409,-0.7682251,
341844299318,110,-0.61433756,-0.13732244,-0.7680777,
341854309084,35,-0.6146352,-0.13655573,-0.76793754,
341864318849,126,-0.6148888,-0.13575792,-0.7678241,
341874359132,88,-0.6151488,-0.13502458,-0.76768523,
341884368898,-81,-0.6153886,-0.1344011,-0.7675337,
341894378664,-11,-0.6156647,-0.13387874,-0.76733214,
341904418947,102,-0.6159296,-0.13336512,-0.7671315,
341914428713,96,-0.6162308,-0.13288793,-0.7668978,
341924468996,96,-0.6166532,-0.13245864,-0.7665561,
341934478761,103,-0.6170347,-0.13213438,-0.76623064,
341944488527,121,-0.6174885,-0.1318794,-0.7658335,
341954498293,9,-0.6178719,-0.13167939,-0.76547706,
341964538576,14,-0.6182689,-0.13159645,-0.7650781,
341974548341,-118,-0.61874366,-0.13173409,-0.76456195,
341984588625,81,-0.6192551,-0.13214144,-0.76394534,
341994567873,24,-0.6198272,-0.13274564,-0.76321757,
342004608156,57,-0.6204493,-0.1335155,-0.762405,
342014617921,-29,-0.62116975,-0.13442029,-0.7614928,
342024627687,50,-0.6219383,-0.1352988,-0.76054585,
342034667970,127,-0.622756,-0.13611667,-0.7595795,
342044677736,46,-0.6235281,-0.1368717,-0.75868577,
342054718019,-102,-0.624335,-0.13747202,-0.7578088,
342064697267,74,-0.62516284,-0.1379845,-0.7569692,
342074707033,-48,-0.6260276,-0.13836226,-0.7561604,
342084716798,67,-0.62690496,-0.13858752,-0.75539356,
342094757082,9,-0.62774533,-0.13870777,-0.7547098,
342104766847,4,-0.6285495,-0.1387296,-0.7541193,
342114776613,12,-0.62926364,-0.13866614,-0.75365156,
342124786378,-100,-0.62983465,-0.13858739,-0.7533307,
342134796144,9,-0.6303059,-0.13838133,-0.7531114,
342144836427,38,-0.63072026,-0.13808256,-0.752953,
342154846193,71,-0.6311018,-0.1377303,-0.7528339,
342164855959,12,-0.63147205,-0.13728,-0.75274175,
342174896242,-107,-0.63179994,-0.1367334,-0.75269234,
342184936525,49,-0.6319793,-0.1361584,-0.752739,
342194946290,-89,-0.63204074,-0.13563377,-0.75284314,
342204956056,18,-0.6319819,-0.13524215,-0.7530111,
342214996339,108,-0.63177377,-0.13488036,-0.7532708,
342225036622,85,-0.63146174,-0.13465117,-0.7535725,
342235046388,-11,-0.6310299,-0.13464497,-0.7539086,
342245056154,-121,-0.63061416,-0.13493715,-0.75414824,
342255065919,22,-0.6302337,-0.13547678,-0.7542973,
342265075685,80,-0.6298409,-0.13613488,-0.75442547,
342275115968,10,-0.6294043,-0.13670862,-0.7545747,
342285125734,19,-0.62890357,-0.13727568,-0.7547542,
342295166017,-102,-0.62833685,-0.1378743,-0.75495243,
342305175783,-27,-0.62792665,-0.1385491,-0.7549826,
342315185548,56,-0.62762034,-0.13916342,-0.75492114,
342325195314,-94,-0.6273552,-0.13965203,-0.75485295,
342335205079,115,-0.62725216,-0.14001288,-0.7546906,
342345245363,94,-0.62732226,-0.14026287,-0.754422,
342355255128,13,-0.62748593,-0.14050466,-0.75410503,
342365264894,-52,-0.62770486,-0.140716,-0.7537643,
342375274660,27,-0.6279168,-0.14093012,-0.7534447,
342385284425,-11,-0.62800324,-0.14124082,-0.753229,
342395324708,-100,-0.6280202,-0.14166276,-0.7530534,
342405334474,-7,-0.62798274,-0.14222462,-0.7528945,
342415344240,-92,-0.6279081,-0.14286554,-0.7527513,
342425384523,34,-0.62776774,-0.14349493,-0.75266916,
342435394288,66,-0.62760794,-0.14408274,-0.75261974,
342445404054,102,-0.6275082,-0.14459944,-0.7525304,
342455444337,-22,-0.6275146,-0.14511889,-0.75235057,
342465454103,-78,-0.6276915,-0.14565213,-0.75201917,
342475463868,126,-0.62798256,-0.1462909,-0.7515705,
342485473634,5,-0.6283493,-0.14695124,-0.7510389,
342495513917,8,-0.62874854,-0.14766935,-0.75046563,
342505523683,-126,-0.629195,-0.14842571,-0.7498432,
342515533449,85,-0.6296763,-0.14918858,-0.74918777,
342525573732,104,-0.6301388,-0.14992455,-0.7485464,
342535583498,18,-0.63060397,-0.15064697,-0.7478988,
342545593263,70,-0.6310281,-0.15134314,-0.74729156,
342555603029,-115,-0.63141483,-0.15194102,-0.74674594,
342565643312,-22,-0.63178504,-0.1523725,-0.7462637,
342575653078,-71,-0.63219386,-0.15266494,-0.7458194,
342585662843,-81,-0.6326634,-0.15271728,-0.7454068,
342595703127,-99,-0.6331183,-0.15260056,-0.7450835,
342605712892,85,-0.6336268,-0.15235716,-0.7447704,
342615692140,45,-0.634156,-0.15205468,-0.74447596,
342625732423,36,-0.6346392,-0.15177573,-0.7442322,
342635742189,127,-0.6351215,-0.15163237,-0.7439758,
342645751955,1,-0.63561374,-0.15166087,-0.7436943,
342655761720,8,-0.6361361,-0.15180051,-0.74338007,
342665771486,110,-0.63668776,-0.15195782,-0.74304324,
342675811769,-119,-0.6372281,-0.15206063,-0.74272645,
342685821535,-40,-0.6377711,-0.15206401,-0.74242306,
342695831300,0,-0.6383117,-0.15194203,-0.74214613,
342705871584,-107,-0.6388594,-0.15174519,-0.74189115,
342715881349,-121,-0.639413,-0.15145744,-0.7416602,
342725891115,-49,-0.64005727,-0.151134,-0.74136066,
342735900880,51,-0.6406216,-0.15082248,-0.7410919,
342745971681,62,-0.64107305,-0.15054598,-0.74087024,
342755950929,7,-0.641378,-0.15032531,-0.7407341,
342765991213,-103,-0.64155453,-0.14998682,-0.74072397,
342776000978,-55,-0.64151245,-0.1493084,-0.7409931,
342786041261,52,-0.64117455,-0.14810957,-0.7416705,
342796051027,-24,-0.64054334,-0.14635524,-0.7427705,
342806091310,25,-0.6397781,-0.144054,-0.74412906,
342816101076,88,-0.6391053,-0.14147663,-0.7454727,
342826110841,92,-0.6386763,-0.13908459,-0.74655885,
342836120607,-79,-0.6385509,-0.13707969,-0.74726254,
342846130373,110,-0.6385845,-0.13567555,-0.7476483,
342856170656,112,-0.6386989,-0.13488093,-0.74778855,
342866394044,9,-0.6387486,-0.13450874,-0.74785924,
342876190187,-8,-0.6387091,-0.13428633,-0.7479649,
342886199953,43,-0.6385684,-0.13394974,-0.7481871,
342896209718,126,-0.63828325,-0.133335,-0.7486258,
342906250001,40,-0.6378094,-0.13248059,-0.7492875,
342916259767,-26,-0.6372118,-0.13152836,-0.7500745,
342926269533,68,-0.6365474,-0.13064058,-0.75089985,
342936279298,-71,-0.6357821,-0.12986933,-0.7517847,
342946319582,31,-0.63505983,-0.12906314,-0.7526212,
342956329347,-58,-0.63439417,-0.12827757,-0.75339025,
342966369630,-13,-0.6337609,-0.12761126,-0.7541062,
342976379396,37,-0.6331068,-0.12692234,-0.75483745,
342986389162,60,-0.6325207,-0.12628625,-0.75549275,
342996429445,-123,-0.6320126,-0.12573135,-0.7560586,
343006439210,104,-0.63157856,-0.12529005,-0.7565335,
343016479494,-99,-0.63129026,-0.12502502,-0.7568458,
343026489259,87,-0.6310951,-0.124996245,-0.7570321,
343036499025,-99,-0.63093996,-0.12521684,-0.75712603,
343046539308,37,-0.63086045,-0.12554768,-0.7571352,
343056549074,-120,-0.63085735,-0.12591808,-0.7570781,
343066558839,-22,-0.6309988,-0.12627932,-0.7569182,
343076538087,-75,-0.63126117,-0.1265651,-0.75667536,
343086578371,15,-0.6316297,-0.12680821,-0.756369,
343096618654,27,-0.63204086,-0.1269457,-0.756062,
343106628419,122,-0.632489,-0.12695208,-0.75575846,
343116638185,-78,-0.63289505,-0.12686014,-0.75552094,
343126647951,59,-0.6332376,-0.12664312,-0.7553684,
343136657716,-6,-0.63357913,-0.1264087,-0.7552328,
343146697999,120,-0.63384163,-0.12615332,-0.75517154,
343156707765,-1,-0.63406414,-0.12593156,-0.7551323,
343166717531,-19,-0.6343628,-0.1256965,-0.7550292,
343176727296,-51,-0.634756,-0.12550221,-0.75484776,
343186737062,-66,-0.63518655,-0.12524118,-0.7546421,
343196777345,-17,-0.63575226,-0.12491663,-0.7543377,
343206787111,8,-0.6365358,-0.1245306,-0.7538675,
343216796876,113,-0.6373829,-0.12407648,-0.7533536,
343226806642,118,-0.63817364,-0.12361192,-0.75288606,
343236846925,-17,-0.6388686,-0.123190954,-0.7524799,
343246856691,-96,-0.639381,-0.122876495,-0.75220317,
343256896974,43,-0.6397006,-0.12253154,-0.7520936,
343266906740,45,-0.6398585,-0.12204781,-0.7521504,
343276947023,87,-0.6398751,-0.121336944,-0.7523877,
343286956788,-86,-0.6399163,-0.12043169,-0.7526626,
343296966554,19,-0.6400259,-0.11942514,-0.7529083,
343306976320,116,-0.6401005,-0.11845859,-0.7531734,
343317016603,114,-0.6399884,-0.11765125,-0.75353295,
343327056886,35,-0.6396182,-0.11712584,-0.7540188,
343337066652,-39,-0.63908994,-0.116886,-0.754531,
343347076417,102,-0.6383319,-0.11696142,-0.7551367,
343357116701,3,-0.6374583,-0.11726152,-0.75576943,
343367126466,15,-0.63644624,-0.11769363,-0.7564838,
343377136232,103,-0.6355455,-0.118125685,-0.7570975,
343387145998,50,-0.6348671,-0.11852098,-0.7575501,
343397155763,-123,-0.6343041,-0.118712075,-0.75796926,
343407196047,-22,-0.63387406,-0.11875948,-0.7583358,
343417205812,-49,-0.63354695,-0.118598804,-0.7586561,
343427246095,-14,-0.63319373,-0.11836017,-0.75901264,
343437255861,-50,-0.63279784,-0.11799406,-0.7593976,
343447265627,-20,-0.63234353,-0.11765977,-0.75980353,
343457305910,35,-0.6317654,-0.11735311,-0.76028866,
343467315675,86,-0.6311687,-0.117043614,-0.76077384,
343477325441,-34,-0.6306308,-0.11674561,-0.76119673,
343487335207,-59,-0.6300833,-0.11649881,-0.7616101,
343497344972,-104,-0.62957656,-0.11643521,-0.7619591,
343507385255,-92,-0.6290215,-0.11652791,-0.76231825,
343517395021,64,-0.62844425,-0.116725534,-0.76267457,
343527435304,-50,-0.6278208,-0.11700038,-0.76305944,
343537414552,-82,-0.62714636,-0.11729299,-0.7634892,
343547454836,-4,-0.62641436,-0.11755075,-0.76398844,
343557464601,-114,-0.62575126,-0.11767723,-0.76446474,
343567474367,-30,-0.6251509,-0.11771872,-0.7649224,
343577484132,72,-0.6246557,-0.11768088,-0.76531994,
343587524416,-29,-0.6242486,-0.11761992,-0.7656611,
343597534181,-73,-0.6239171,-0.11755961,-0.7659448,
343607574464,98,-0.62363183,-0.11755237,-0.76618296,
343617584230,79,-0.6234667,-0.11761616,-0.76632035,
343627593996,104,-0.62343323,-0.11767006,-0.7663542,
343637634279,-10,-0.6234888,-0.11765038,-0.7663288,
343647644044,71,-0.6236684,-0.117597215,-0.7662072,
343657653810,-22,-0.6239387,-0.11748704,-0.7660281,
343667663576,100,-0.62428415,-0.117270604,-0.76581365,
343677673341,-83,-0.6247485,-0.11695672,-0.7655341,
343687683107,104,-0.6252487,-0.11655713,-0.76525015,
343697723390,111,-0.62581456,-0.11615822,-0.76492137,
343707733156,123,-0.6264824,-0.115792155,-0.7645076,
343717742921,-50,-0.6272059,-0.11545205,-0.76404333,
343727752687,-122,-0.62799466,-0.11515981,-0.7635237,
343737762453,4,-0.628796,-0.11487212,-0.7630003,
343747772218,49,-0.62960726,-0.11456649,-0.76247853,
343757812501,62,-0.630401,-0.11430325,-0.7619819,
343767822267,-104,-0.63121283,-0.113957904,-0.7614884,
343777832033,36,-0.63198316,-0.11358626,-0.7610415,
343787841798,95,-0.6326395,-0.1131278,-0.7607019,
343797882082,-59,-0.6331693,-0.112551816,-0.7604862,
343807891847,37,-0.63357544,-0.11193505,-0.76038677,
343817901613,15,-0.6340214,-0.111367814,-0.76025367,
343827941896,93,-0.6344848,-0.11085071,-0.7600963,
343837951662,-38,-0.6350402,-0.110395595,-0.7598433,
343847961427,68,-0.6357014,-0.11001696,-0.7594776,
343857971193,63,-0.63623846,-0.10966525,-0.7592019,
343867980959,-97,-0.636634,-0.109176785,-0.75905,
343878051759,103,-0.63679576,-0.10842199,-0.75912255,
343888061525,4,-0.6366348,-0.107237756,-0.75953084,
343898101808,51,-0.63621855,-0.10567141,-0.7602145,
343908111574,96,-0.6355143,-0.10381568,-0.76117826,
343918121339,20,-0.6346766,-0.10194232,-0.76224816,
343928131105,-7,-0.6338852,-0.10030286,-0.7632286,
343938140871,-65,-0.6332193,-0.09926944,-0.7639951,
343948150636,-54,-0.6327144,-0.09881401,-0.76451516,
343958190919,81,-0.6322864,-0.09896065,-0.7648712,
343968231202,-19,-0.6317323,-0.09953716,-0.76524574,
343978240968,-55,-0.63111085,-0.10016954,-0.7656695,
343988250734,125,-0.63038176,-0.10057717,-0.76622576,
343998260499,20,-0.62957,-0.100678585,-0.7669065,
344008270265,84,-0.62870187,-0.100445926,-0.7676811,
344018280031,-87,-0.6279038,-0.10013021,-0.7684079,
344028289796,123,-0.62718886,-0.099768266,-0.76907486,
344038330079,-17,-0.62657464,-0.099354014,-0.76966774,
344048339845,-42,-0.62604547,-0.09881255,-0.77020717,
344058349611,-90,-0.62560034,-0.09818456,-0.7706888,
344068420412,115,-0.6251688,-0.09747852,-0.7711651,
344078399660,46,-0.6248161,-0.09675165,-0.77158207,
344088439943,41,-0.62447584,-0.09605795,-0.7719798,
344098449708,-120,-0.62414837,-0.09545965,-0.7723494,
344108489992,-74,-0.6238008,-0.09500194,-0.7727086,
344118499757,36,-0.6234549,-0.09468825,-0.7730369,
344128540041,-100,-0.623198,-0.09457098,-0.77325815,
344138519288,113,-0.6230464,-0.09462022,-0.77336663,
344148559572,97,-0.62302804,-0.094739854,-0.77335817,
344158569337,-75,-0.6230717,-0.09482617,-0.7733048,
344168792726,-73,-0.62318665,-0.09487511,-0.77320516,
344178802492,-16,-0.6232754,-0.094837785,-0.773143,
344188812257,-89,-0.62332135,-0.09472202,-0.77313095,
344198822023,93,-0.6233299,-0.09456383,-0.77315664,
344208679201,-94,-0.6232548,-0.0943403,-0.77325755,
344218688966,110,-0.62317216,-0.0940393,-0.7733726,
344228881837,-55,-0.62311393,-0.09364829,-0.7734834,
344238708498,-51,-0.6231714,-0.09320861,-0.7735073,
344248748781,-19,-0.6233846,-0.0927074,-0.7734107,
344258758547,-55,-0.62382287,-0.09225647,-0.7731276,
344268768312,-65,-0.62449235,-0.091804884,-0.77265674,
344278778078,91,-0.62528825,-0.09136355,-0.77208436,
344288787843,96,-0.62622476,-0.09099029,-0.7713921,
344298797609,-126,-0.6272481,-0.090723224,-0.7706157,
344308837892,-23,-0.6282286,-0.09050653,-0.7698602,
344318847658,11,-0.62911063,-0.090458006,-0.7691611,
344328887941,-123,-0.62970847,-0.09054104,-0.76867044,
344338897707,-20,-0.6300924,-0.09078006,-0.7683275,
344348907472,67,-0.6302839,-0.09116859,-0.7681175,
344358917238,31,-0.6304035,-0.091580935,-0.7679642,
344368927004,-69,-0.6305204,-0.09187416,-0.7678376,
344378967287,-94,-0.630793,-0.09197778,-0.7676198,
344388977052,17,-0.63120997,-0.091947645,-0.7673068,
344398986818,11,-0.63168705,-0.09205194,-0.766935,
344409027101,-58,-0.63198364,-0.09226001,-0.7666853,
344419036867,-4,-0.6320049,-0.09281464,-0.76660556,
344429107667,117,-0.6317069,-0.09367135,-0.76671803,
344439086916,-6,-0.63115,-0.0949155,-0.76696014,
344449127199,63,-0.630475,-0.096508406,-0.7672277,
344459136964,-55,-0.6297967,-0.0982678,-0.76746315,
344469146730,-75,-0.6292712,-0.09983181,-0.7675941,
344479156496,18,-0.62876934,-0.101123646,-0.7677574,
344489196779,-54,-0.628218,-0.102097966,-0.76802534,
344499237062,-16,-0.6275447,-0.10268631,-0.7684611,
344509216310,-121,-0.6267022,-0.10295791,-0.7690775,
344519256593,38,-0.62571955,-0.103100546,-0.76981056,
344529266359,-26,-0.62462485,-0.10329811,-0.7706148,
344539276125,70,-0.6233727,-0.10347719,-0.7715354,
344549316408,-68,-0.6220739,-0.103584886,-0.7724877,
344559326173,-14,-0.6208319,-0.10371675,-0.7733853,
344569335939,34,-0.61969686,-0.10385732,-0.7741891,
344579345705,-104,-0.6186765,-0.104044154,-0.77489185,
344589385988,90,-0.61761874,-0.104213215,-0.7756248,
344599395753,-15,-0.61660093,-0.10434416,-0.77633226,
344609405519,9,-0.6156381,-0.10440458,-0.777012,
344619415285,104,-0.61468565,-0.10434743,-0.7777156,
344629425050,87,-0.61381817,-0.104124665,-0.77839416,
344639465333,-59,-0.6130237,-0.1037177,-0.77906066,
344649475099,116,-0.61233854,-0.103164814,-0.7796791,
344659484865,-100,-0.6117857,-0.10250564,-0.78021574,
344669525148,-21,-0.61137474,-0.10188137,-0.78064156,
344679534913,119,-0.61103606,-0.10130452,-0.78099906,
344689544679,-71,-0.6107994,-0.10087265,-0.7812482,
344699768068,70,-0.6106924,-0.100652516,-0.7813582,
344709777833,-66,-0.6107007,-0.100568004,-0.78134817,
344719604494,-107,-0.61076856,-0.100611076,-0.7812676,
344729614259,-101,-0.61085194,-0.10074897,-0.781159,
344739654542,23,-0.61102366,-0.10094489,-0.7809703,
344749664308,94,-0.6112421,-0.10119215,-0.7807368,
344759674074,-41,-0.6115352,-0.10149462,-0.7804403,
344769714357,86,-0.6118461,-0.10177212,-0.78013754,
344779693605,-94,-0.61223334,-0.10202365,-0.7797849,
344789733888,53,-0.6126171,-0.10221371,-0.7794502,
344799743654,73,-0.6130455,-0.10240087,-0.7790861,
344809753419,108,-0.61349857,-0.10254918,-0.77870905,
344819793702,-95,-0.614088,-0.10266266,-0.77823395,
344829803468,29,-0.61478686,-0.102712736,-0.7776855,
344839813234,108,-0.61553377,-0.10267014,-0.77711695,
344849853517,46,-0.6162554,-0.102505416,-0.7765943,
344859863283,-26,-0.61687213,-0.102241434,-0.77617836,
344869873048,-18,-0.6173198,-0.10193704,-0.77590525,
344879913331,3,-0.6175671,-0.10159193,-0.77580464,
344889923097,-14,-0.61765677,-0.101059444,-0.77587056,
344899932863,82,-0.6177169,-0.10029709,-0.77600765,
344909942628,-72,-0.61782706,-0.09940472,-0.77613044,
344919952394,-103,-0.61805737,-0.09860794,-0.7761426,
344929992677,-107,-0.6184305,-0.09797555,-0.77600473,
344940002443,89,-0.6188185,-0.09743867,-0.77581596,
344950042726,85,-0.6190138,-0.096930645,-0.7757623,
344960052492,38,-0.61906266,-0.09626522,-0.7758449,
344970062257,-82,-0.6188427,-0.095132515,-0.77620715,
344980072023,59,-0.61836946,-0.0935073,-0.77684766,
344990112306,57,-0.61764735,-0.091391884,-0.7777647,
345000122072,-110,-0.6168622,-0.08886323,-0.778791,
345010131837,-119,-0.6161562,-0.08622781,-0.7797688,
345020141603,56,-0.61560214,-0.0837403,-0.7805899,
345030151368,75,-0.6151277,-0.08176534,-0.7812648,
345040191652,32,-0.6148514,-0.080411874,-0.7816867,
345050231935,47,-0.61464214,-0.07963869,-0.78197026,
345060424806,-12,-0.61448133,-0.079323836,-0.7821483,
345070434572,-45,-0.6142422,-0.07927206,-0.7823471,
345080261232,83,-0.61374766,-0.079301395,-0.78272605,
345090301515,120,-0.6130145,-0.079353064,-0.78328156,
345100311281,85,-0.61221606,-0.079470895,-0.7838775,
345110321047,-76,-0.6114107,-0.07965399,-0.7844695,
345120330812,-95,-0.61068213,-0.07988497,-0.78499556,
345130340578,-106,-0.6100694,-0.08025089,-0.78542536,
345140380861,-23,-0.6094712,-0.080541424,-0.78585255,
345150390627,60,-0.60893255,-0.0807356,-0.7862488,
345160430910,10,-0.6084284,-0.08080408,-0.78664136,
345170440675,-128,-0.60793793,-0.080657035,-0.7870546,
345180450441,-65,-0.6075713,-0.08030497,-0.7874005,
345190460207,56,-0.60728246,-0.07983486,-0.7877029,
345200469972,90,-0.6071056,-0.07932262,-0.7879232,
345210510255,10,-0.60698473,-0.07881288,-0.78809834,
345220550539,-104,-0.6070146,-0.07837223,-0.788149,
345230743410,126,-0.6071995,-0.078011476,-0.78806657,
345240722658,60,-0.60750484,-0.07778971,-0.7878728,
345250793459,-98,-0.6077949,-0.07769165,-0.7876766,
345260803224,-11,-0.608033,-0.07758345,-0.7875199,
345270812990,24,-0.60826546,-0.077451274,-0.78737086,
345280822755,119,-0.60843015,-0.077283196,-0.7872774,
345290863039,55,-0.6085744,-0.07707924,-0.787203,
345300872804,120,-0.608686,-0.07683466,-0.78716,
345310882570,29,-0.6087693,-0.0765585,-0.7871442,
345320922853,93,-0.6087846,-0.07632169,-0.7871772,
345330932619,100,-0.6087293,-0.076114826,-0.787258,
345340942384,-63,-0.60870165,-0.07598058,-0.78730744,
345350952150,-43,-0.60873306,-0.0759122,-0.787304,
345360992433,30,-0.60888344,-0.07595683,-0.78720003,
345370788576,91,-0.6091362,-0.07608443,-0.78700787,
345380828859,-125,-0.6094077,-0.076292455,-0.7867909,
345390838625,69,-0.6098026,-0.07655263,-0.78647023,
345400848390,60,-0.6102871,-0.07684191,-0.7860735,
345410858156,-43,-0.61079323,-0.077171974,-0.7856536,
345420867921,58,-0.611232,-0.07758664,-0.7852731,
345430908205,96,-0.611589,-0.07805574,-0.7849462,
345440917970,-16,-0.611933,-0.078531906,-0.78462255,
345450927736,113,-0.6122369,-0.079028256,-0.78432983,
345460968019,-114,-0.612458,-0.07936565,-0.7841249,
345471160890,-119,-0.6126466,-0.079383016,-0.78399646,
345481048585,30,-0.61281747,-0.07912427,-0.783937,
345491027833,118,-0.6130076,-0.07859632,-0.7839045,
345501037599,-74,-0.6131134,-0.07796647,-0.7839541,
345511047365,-69,-0.61304075,-0.07739803,-0.78412557,
345521087648,117,-0.6128453,-0.077163205,-0.78434044,
345531127931,85,-0.612465,-0.07738441,-0.7846222,
345541137697,-78,-0.6118257,-0.078220785,-0.78501004,
345551147462,96,-0.6110442,-0.079560526,-0.78542095,
345561157228,85,-0.61022836,-0.08119484,-0.7857989,
345571166994,3,-0.60956234,-0.08294118,-0.7860395,
345581207277,19,-0.60907966,-0.08444293,-0.78616947,
345591217042,50,-0.6087819,-0.08556083,-0.78622055,
345601226808,-65,-0.6085416,-0.08619191,-0.78630346,
345611236574,-23,-0.6082467,-0.086385965,-0.7864948,
345621276857,-14,-0.6079383,-0.08627127,-0.78673714,
345631286622,103,-0.6075665,-0.085979655,-0.7870468,
345641326906,37,-0.6070379,-0.08557874,-0.787482,
345651336671,-127,-0.6064522,-0.085072346,-0.7879642,
345661346437,70,-0.60583884,-0.084516786,-0.7884671,
345671356202,15,-0.6052056,-0.08397598,-0.78897536,
345681365968,-42,-0.6045541,-0.08348984,-0.789474,
345691406251,64,-0.60391617,-0.08316022,-0.7899296,
345701416017,-80,-0.6033261,-0.08302434,-0.7903169,
345711425783,-63,-0.60287577,-0.08305486,-0.79057634,
345721466066,59,-0.6024938,-0.08314238,-0.79077893,
345731475831,107,-0.6021675,-0.08322483,-0.79094964,
345741485597,8,-0.6018722,-0.08314431,-0.79113394,
345751525880,-118,-0.6015274,-0.0828654,-0.7913994,
345761535646,-60,-0.60122555,-0.0823912,-0.7916713,
345771545412,-84,-0.60096884,-0.08181833,-0.7919354,
345781555177,37,-0.600725,-0.08125212,-0.7922003,
345791595460,-67,-0.60046643,-0.08071142,-0.79247636,
345801605226,122,-0.6002207,-0.080252714,-0.7927364,
345811614992,23,-0.60001975,-0.079847366,-0.7929564,
345821807863,-52,-0.5999506,-0.07958295,-0.7930639,
345831848146,-13,-0.59995365,-0.07944195,-0.793107,
345841857912,61,-0.6000065,-0.0794141,-0.7931044,
345851898195,-61,-0.60008144,-0.07941478,-0.7930796,
345861907960,-54,-0.6001606,-0.079408236,-0.79304945,
345871917726,-124,-0.60026777,-0.07934723,-0.79300153,
345881958009,-77,-0.60039955,-0.07924008,-0.79293925,
345891784670,111,-0.6006709,-0.0790836,-0.7927762,
345901794435,118,-0.6010797,-0.07884763,-0.792518,
345911804201,-85,-0.6015717,-0.07855634,-0.7922056,
345921813966,-109,-0.60218644,-0.078167245,-0.79181284,
345931854250,64,-0.6029276,-0.07773185,-0.79133224,
345941833498,111,-0.60380065,-0.0772217,-0.7907632,
345951873781,-4,-0.6047487,-0.07664781,-0.7901513,
345961883547,-11,-0.60572565,-0.075972684,-0.78953266,
345971893312,-122,-0.6066109,-0.07525719,-0.7889979,
345981903078,-100,-0.6073769,-0.07445247,-0.7885664,
345991912843,-118,-0.6078807,-0.07356949,-0.788345,
346001953127,102,-0.60821915,-0.07256175,-0.78826493,
346011962892,-34,-0.6084462,-0.0714011,-0.7882891,
346022003175,-5,-0.6087525,-0.0701279,-0.78826195,
346031982423,-70,-0.6092363,-0.06887642,-0.7880874,
346042022707,-12,-0.610018,-0.06786994,-0.78765315,
346052032472,-21,-0.6110422,-0.06707043,-0.78699756,
346062072755,73,-0.61215055,-0.06648844,-0.7862424,
346072082521,49,-0.6130733,-0.06604008,-0.78561103,
346082092287,-76,-0.61387855,-0.065409176,-0.78507936,
346092132570,41,-0.6144176,-0.06437086,-0.7847967,
346102172853,92,-0.6145186,-0.06287695,-0.7849028,
346112182619,-98,-0.61413765,-0.061025787,-0.78542,
346122192384,-3,-0.6135614,-0.05900275,-0.78609514,
346132202150,34,-0.6129021,-0.057169773,-0.7868058,
346142211916,87,-0.6123403,-0.055754192,-0.7873894,
346152252199,-102,-0.6119049,-0.05488847,-0.7878202,
346162445070,-49,-0.6115947,-0.05444142,-0.78811157,
346172302248,-89,-0.6111734,-0.054289885,-0.7884605,
346182312013,-3,-0.6106158,-0.054220676,-0.7889043,
346192321779,-119,-0.60988796,-0.054233067,-0.7894743,
346202331544,-100,-0.6089839,-0.054228786,-0.7901785,
346212341310,12,-0.60788125,-0.054192804,-0.79103124,
346222381593,-67,-0.6065534,-0.054171357,-0.7920481,
346232391359,-30,-0.6050693,-0.05414061,-0.7931772,
346242401125,-88,-0.6036154,-0.05409876,-0.79427826,
346252441408,47,-0.60231704,-0.053962164,-0.7952624,
346262451173,50,-0.60123855,-0.053855173,-0.79607403,
346272491456,-123,-0.6003511,-0.053748112,-0.79673433,
346282501222,19,-0.59968376,-0.05384292,-0.79720974,
346292510988,70,-0.5991598,-0.054108325,-0.7975564,
346302520753,109,-0.59873956,-0.054617535,-0.79779845,
346312561037,-41,-0.5984337,-0.055357866,-0.7979292,
346322570802,-16,-0.5981927,-0.05625302,-0.7979937,
346332611085,-93,-0.5980294,-0.057192225,-0.7979929,
346342590333,-76,-0.598002,-0.058130175,-0.79788804,
346352600099,40,-0.5981666,-0.059081253,-0.79763854,
346362640382,-6,-0.5984562,-0.06010012,-0.7972878,
346372650148,-99,-0.598697,-0.06118096,-0.7969678,
346382659913,-35,-0.59885955,-0.062173653,-0.7967145,
346392730714,-26,-0.59896445,-0.063048184,-0.796521,
346402709962,75,-0.59899384,-0.06368862,-0.7964072,
346412719728,42,-0.5989844,-0.06419243,-0.7963394,
346422760011,-125,-0.5989195,-0.06471091,-0.7963122,
346432769777,-106,-0.598796,-0.06533041,-0.7963148,
346442810060,-46,-0.5986839,-0.066111855,-0.79628927,
346452819825,-83,-0.5985596,-0.06691551,-0.79626596,
346462829591,-98,-0.59848046,-0.06763608,-0.7962157,
346472839357,-18,-0.5986401,-0.06830334,-0.79599094,
346482849122,-43,-0.59901464,-0.06903593,-0.7956013,
