1392735206901,$GPGSV,4,1,13,02,02,132,,05,27,074,,06,08,323,,08,10,036,*7D

1392735206909,$GPGSV,4,2,13,09,12,039,,15,77,144,,18,36,275,,21,58,302,*7B

1392735206917,$GPGSV,4,3,13,22,03,268,,24,12,154,,26,49,054,,27,01,330,*7A

1392735206925,$GPGSV,4,4,13,29,30,209,*48

1392735206933,$GLGSV,3,1,09,78,14,026,,70,61,303,,86,26,326,,80,04,130,*63

1392735206941,$GLGSV,3,2,09,79,21,080,,69,40,043,,84,37,191,,85,60,267,*6D

1392735206950,$GLGSV,3,3,09,71,18,260,*57

1392735206965,$GPGGA,145321.0,,,,,0,,,,,,,,*78

1392735206973,$PQXFI,145321.0,,,,,,,,*64

1392735206981,$GNGNS,145321.0,,,,,NN,,,,,,*4D

1392735206993,$GPVTG,,T,,M,,N,,K,N*2C

1392735206998,$GPRMC,,V,,,,,,,,,,N*53

1392735207041,$GPGSA,A,1,,,,,,,,,,,,,,,*1E

1392735207043,$GNGSA,A,1,,,,,,,,,,,,,,,*00

1392735207901,$GPGSV,4,1,13,02,02,132,,05,27,074,,06,08,323,,08,10,036,*7D

1392735207909,$GPGSV,4,2,13,09,12,039,,15,77,144,,18,36,275,,21,58,302,*7B

1392735207917,$GPGSV,4,3,13,22,03,268,,24,12,154,,26,49,054,,27,01,330,*7A

1392735207927,$GPGSV,4,4,13,29,30,209,*48

1392735207933,$GLGSV,3,1,09,78,14,026,,70,61,303,,86,26,326,,80,04,130,*63

1392735207941,$GLGSV,3,2,09,79,21,080,,69,40,043,,84,37,191,,85,60,267,*6D

1392735207949,$GLGSV,3,3,09,71,18,260,*57

1392735207966,$GPGGA,145322.0,,,,,0,,,,,,,,*7B

1392735207973,$PQXFI,145322.0,,,,,,,,*67

1392735207981,$GNGNS,145322.0,,,,,NN,,,,,,*4E

1392735207989,$GPVTG,,T,,M,,N,,K,N*2C

1392735207997,$GPRMC,,V,,,,,,,,,,N*53

1392735208005,$GPGSA,A,1,,,,,,,,,,,,,,,*1E

1392735208013,$GNGSA,A,1,,,,,,,,,,,,,,,*00

1392735208901,$GPGSV,4,1,13,02,02,132,,05,27,074,,06,08,323,,08,10,036,*7D

1392735208909,$GPGSV,4,2,13,09,12,039,,15,77,144,,18,36,275,,21,58,302,*7B

1392735208917,$GPGSV,4,3,13,22,03,268,,24,12,154,,26,49,054,,27,01,330,*7A

1392735208940,$GPGSV,4,4,13,29,30,209,*48

1392735208940,$GLGSV,3,1,09,78,14,026,,70,61,303,,86,26,326,,80,04,130,*63

1392735208945,$GLGSV,3,2,09,79,21,080,,69,40,043,,84,37,191,,85,60,267,*6D

1392735208949,$GLGSV,3,3,09,71,18,260,*57

1392735208965,$GPGGA,145323.0,,,,,0,,,,,,,,*7A

1392735208973,$PQXFI,145323.0,,,,,,,,*66

1392735208981,$GNGNS,145323.0,,,,,NN,,,,,,*4F

1392735208989,$GPVTG,,T,,M,,N,,K,N*2C

1392735208997,$GPRMC,,V,,,,,,,,,,N*53

1392735209005,$GPGSA,A,1,,,,,,,,,,,,,,,*1E

1392735209013,$GNGSA,A,1,,,,,,,,,,,,,,,*00

1392735209902,$GPGSV,4,1,13,02,02,132,,05,27,074,,06,08,323,,08,10,036,*7D

1392735209909,$GPGSV,4,2,13,09,12,039,,15,77,144,,18,36,275,,21,58,302,*7B

1392735209917,$GPGSV,4,3,13,22,03,268,,24,12,154,,26,49,054,,27,01,330,*7A

1392735209925,$GPGSV,4,4,13,29,30,209,*48

1392735209933,$GLGSV,3,1,09,78,14,026,,70,61,303,,86,26,326,,80,04,130,*63

1392735209941,$GLGSV,3,2,09,79,21,080,,69,40,043,,84,37,191,,85,60,267,*6D

1392735209949,$GLGSV,3,3,09,71,18,260,*57

1392735209965,$GPGGA,145324.0,,,,,0,,,,,,,,*7D

1392735209973,$PQXFI,145324.0,,,,,,,,*61

1392735209981,$GNGNS,145324.0,,,,,NN,,,,,,*48

1392735209989,$GPVTG,,T,,M,,N,,K,N*2C

1392735209997,$GPRMC,,V,,,,,,,,,,N*53

1392735210005,$GPGSA,A,1,,,,,,,,,,,,,,,*1E

1392735210013,$GNGSA,A,1,,,,,,,,,,,,,,,*00

1392735210904,$GPGSV,4,1,13,02,02,132,,05,27,074,,06,08,323,,08,10,036,*7D

1392735210909,$GPGSV,4,2,13,09,12,039,,15,77,144,,18,36,275,,21,58,302,*7B

1392735210917,$GPGSV,4,3,13,22,03,268,,24,12,154,,26,49,054,,27,01,330,*7A

1392735210927,$GPGSV,4,4,13,29,30,209,*48

1392735210933,$GLGSV,3,1,09,78,14,026,,70,61,303,,86,26,326,,80,04,130,*63

1392735210941,$GLGSV,3,2,09,79,21,080,,69,40,043,,84,37,191,,85,60,267,*6D

1392735210949,$GLGSV,3,3,09,71,18,260,*57

1392735210965,$GPGGA,145325.0,,,,,0,,,,,,,,*7C

1392735210973,$PQXFI,145325.0,,,,,,,,*60

1392735210981,$GNGNS,145325.0,,,,,NN,,,,,,*49

1392735210989,$GPVTG,,T,,M,,N,,K,N*2C

1392735210997,$GPRMC,,V,,,,,,,,,,N*53

1392735211005,$GPGSA,A,1,,,,,,,,,,,,,,,*1E

1392735211013,$GNGSA,A,1,,,,,,,,,,,,,,,*00

1392735211901,$GPGSV,4,1,13,02,02,132,,05,27,074,,06,08,323,,08,10,036,*7D

1392735211910,$GPGSV,4,2,13,09,12,039,,15,77,144,,18,36,275,,21,58,302,*7B

1392735211917,$GPGSV,4,3,13,22,03,268,,24,12,154,,26,49,054,,27,01,330,*7A

1392735211925,$GPGSV,4,4,13,29,30,209,*48

1392735211933,$GLGSV,3,1,09,78,14,026,,70,61,303,,86,26,326,,80,04,130,*63

1392735211941,$GLGSV,3,2,09,79,21,080,,69,40,043,,84,37,191,,85,60,267,*6D

1392735211949,$GLGSV,3,3,09,71,18,260,*57

1392735211965,$GPGGA,145326.0,,,,,0,,,,,,,,*7F

1392735211973,$PQXFI,145326.0,,,,,,,,*63

1392735211981,$GNGNS,145326.0,,,,,NN,,,,,,*4A

1392735211989,$GPVTG,,T,,M,,N,,K,N*2C

1392735211997,$GPRMC,,V,,,,,,,,,,N*53

1392735212005,$GPGSA,A,1,,,,,,,,,,,,,,,*1E

1392735212013,$GNGSA,A,1,,,,,,,,,,,,,,,*00

1392735212902,$GPGSV,4,1,13,02,02,132,,05,27,074,,06,08,323,,08,10,036,*7D

1392735212910,$GPGSV,4,2,13,09,12,039,,15,77,144,,18,36,275,,21,58,302,*7B

1392735212917,$GPGSV,4,3,13,22,03,268,,24,12,154,,26,49,054,,27,01,330,*7A

1392735212926,$GPGSV,4,4,13,29,30,209,*48

1392735212944,$GLGSV,3,1,09,78,14,026,,70,61,303,,86,26,326,,80,04,130,*63

1392735212944,$GLGSV,3,2,09,79,21,080,,69,40,043,,84,37,191,,85,60,267,*6D

1392735212958,$GLGSV,3,3,09,71,18,260,*57

1392735212967,$GPGGA,145327.0,,,,,0,,,,,,,,*7E

1392735212973,$PQXFI,145327.0,,,,,,,,*62

1392735212981,$GNGNS,145327.0,,,,,NN,,,,,,*4B

1392735212991,$GPVTG,,T,,M,,N,,K,N*2C

1392735212998,$GPRMC,,V,,,,,,,,,,N*53

1392735213005,$GPGSA,A,1,,,,,,,,,,,,,,,*1E

1392735213014,$GNGSA,A,1,,,,,,,,,,,,,,,*00

1392735213906,$GPGSV,4,1,13,02,02,132,,05,27,074,,06,08,323,,08,10,036,*7D

1392735213919,$GPGSV,4,2,13,09,12,039,,15,77,144,,18,36,275,,21,58,302,*7B

1392735213920,$GPGSV,4,3,13,22,03,268,,24,12,154,,26,49,054,,27,01,330,*7A

1392735213926,$GPGSV,4,4,13,29,30,209,*48

1392735213933,$GLGSV,3,1,09,78,14,026,,70,61,303,,86,26,326,,80,04,130,*63

1392735213942,$GLGSV,3,2,09,79,21,080,,69,40,043,,84,37,191,,85,60,267,*6D

1392735213950,$GLGSV,3,3,09,71,18,260,*57

1392735213966,$GPGGA,145328.0,,,,,0,,,,,,,,*71

1392735213973,$PQXFI,145328.0,,,,,,,,*6D

1392735213981,$GNGNS,145328.0,,,,,NN,,,,,,*44

1392735213989,$GPVTG,,T,,M,,N,,K,N*2C

1392735213998,$GPRMC,,V,,,,,,,,,,N*53

1392735214005,$GPGSA,A,1,,,,,,,,,,,,,,,*1E

1392735214014,$GNGSA,A,1,,,,,,,,,,,,,,,*00

1392735214901,$GPGSV,4,1,13,02,02,132,,05,27,074,,06,08,323,,08,10,036,*7D

1392735214909,$GPGSV,4,2,13,09,12,039,,15,77,144,,18,36,275,,21,58,302,*7B

1392735214918,$GPGSV,4,3,13,22,03,268,,24,12,154,,26,49,054,,27,01,330,*7A

1392735214927,$GPGSV,4,4,13,29,30,209,*48

1392735214933,$GLGSV,3,1,09,78,14,026,,70,61,303,,86,26,326,,80,04,130,*63

1392735214958,$GLGSV,3,2,09,79,21,080,,69,40,043,,84,37,191,,85,60,267,*6D

1392735214965,$GLGSV,3,3,09,71,18,260,*57

1392735214981,$GPGGA,145329.0,,,,,0,,,,,,,,*70

1392735214981,$PQXFI,145329.0,,,,,,,,*6C

1392735214981,$GNGNS,145329.0,,,,,NN,,,,,,*45

1392735214990,$GPVTG,,T,,M,,N,,K,N*2C

1392735214999,$GPRMC,,V,,,,,,,,,,N*53

1392735215005,$GPGSA,A,1,,,,,,,,,,,,,,,*1E

1392735215013,$GNGSA,A,1,,,,,,,,,,,,,,,*00

1392735215905,$GPGSV,4,1,13,02,02,132,,05,27,074,,06,08,323,,08,10,036,*7D

1392735215909,$GPGSV,4,2,13,09,12,039,,15,77,144,,18,36,275,,21,58,302,*7B

1392735215917,$GPGSV,4,3,13,22,03,268,,24,12,154,,26,49,054,,27,01,330,*7A

1392735215925,$GPGSV,4,4,13,29,30,209,*48

1392735215934,$GLGSV,3,1,09,78,14,026,,70,61,303,,86,26,326,,80,04,130,*63

1392735215941,$GLGSV,3,2,09,79,21,080,,69,40,043,,84,37,191,,85,60,267,*6D

1392735215950,$GLGSV,3,3,09,71,18,260,*57

1392735215965,$GPGGA,145330.0,,,,,0,,,,,,,,*78

1392735215974,$PQXFI,145330.0,,,,,,,,*64

1392735215982,$GNGNS,145330.0,,,,,NN,,,,,,*4D

1392735215989,$GPVTG,,T,,M,,N,,K,N*2C

1392735215998,$GPRMC,,V,,,,,,,,,,N*53

1392735216005,$GPGSA,A,1,,,,,,,,,,,,,,,*1E

1392735216013,$GNGSA,A,1,,,,,,,,,,,,,,,*00

1392735216901,$GPGSV,4,1,13,02,02,132,,05,27,074,,06,08,323,,08,10,036,*7D

1392735216910,$GPGSV,4,2,13,09,12,039,,15,77,144,,18,36,275,,21,58,302,*7B

1392735216919,$GPGSV,4,3,13,22,03,268,,24,12,154,,26,49,054,,27,01,330,*7A

1392735216925,$GPGSV,4,4,13,29,30,209,*48

1392735216934,$GLGSV,3,1,09,78,14,026,,70,61,303,,86,26,326,,80,04,130,*63

1392735216965,$GLGSV,3,2,09,79,21,080,,69,40,043,,84,37,191,,85,60,267,*6D

1392735216966,$GLGSV,3,3,09,71,18,260,*57

1392735216968,$GPGGA,145331.0,,,,,0,,,,,,,,*79

1392735216974,$PQXFI,145331.0,,,,,,,,*65

1392735216981,$GNGNS,145331.0,,,,,NN,,,,,,*4C

1392735216989,$GPVTG,,T,,M,,N,,K,N*2C

1392735216998,$GPRMC,,V,,,,,,,,,,N*53

1392735217006,$GPGSA,A,1,,,,,,,,,,,,,,,*1E

1392735217015,$GNGSA,A,1,,,,,,,,,,,,,,,*00

1392735217903,$GPGSV,4,1,13,02,02,132,,05,27,074,,06,08,323,,08,10,036,*7D

1392735217909,$GPGSV,4,2,13,09,12,039,,15,77,144,,18,36,275,,21,58,302,*7B

1392735217918,$GPGSV,4,3,13,22,03,268,,24,12,154,,26,49,054,,27,01,330,*7A

1392735217925,$GPGSV,4,4,13,29,30,209,*48

1392735217933,$GLGSV,3,1,09,78,14,026,,70,61,303,,86,26,326,,80,04,130,*63

1392735217942,$GLGSV,3,2,09,79,21,080,,69,40,043,,84,37,191,,85,60,267,*6D

1392735217949,$GLGSV,3,3,09,71,18,260,*57

1392735217965,$GPGGA,145332.0,,,,,0,,,,,,,,*7A

1392735217973,$PQXFI,145332.0,,,,,,,,*66

1392735217981,$GNGNS,145332.0,,,,,NN,,,,,,*4F

1392735217990,$GPVTG,,T,,M,,N,,K,N*2C

1392735217997,$GPRMC,,V,,,,,,,,,,N*53

1392735218005,$GPGSA,A,1,,,,,,,,,,,,,,,*1E

1392735218014,$GNGSA,A,1,,,,,,,,,,,,,,,*00

1392735218901,$GPGSV,4,1,13,02,02,132,,05,27,074,,06,08,323,,08,10,036,*7D

1392735218910,$GPGSV,4,2,13,09,12,039,,15,77,144,,18,36,275,,21,58,302,*7B

1392735218917,$GPGSV,4,3,13,22,03,268,,24,12,154,,26,49,054,,27,01,330,*7A

1392735218925,$GPGSV,4,4,13,29,30,209,*48

1392735218934,$GLGSV,3,1,09,78,14,026,,70,61,303,,86,26,326,,80,04,130,*63

1392735218942,$GLGSV,3,2,09,79,21,080,,69,40,043,,84,37,191,,85,60,267,*6D

1392735218958,$GLGSV,3,3,09,71,18,260,*57

1392735218967,$GPGGA,145333.0,,,,,0,,,,,,,,*7B

1392735218974,$PQXFI,145333.0,,,,,,,,*67

1392735218982,$GNGNS,145333.0,,,,,NN,,,,,,*4E

1392735218992,$GPVTG,,T,,M,,N,,K,N*2C

1392735219002,$GPRMC,,V,,,,,,,,,,N*53

1392735219009,$GPGSA,A,1,,,,,,,,,,,,,,,*1E

1392735219013,$GNGSA,A,1,,,,,,,,,,,,,,,*00

1392735219901,$GPGSV,4,1,13,02,02,132,,05,27,074,,06,08,323,,08,10,036,*7D

1392735219909,$GPGSV,4,2,13,09,12,039,,15,77,144,,18,36,275,,21,58,302,*7B

1392735219918,$GPGSV,4,3,13,22,03,268,,24,12,154,,26,49,054,,27,01,330,*7A

1392735219925,$GPGSV,4,4,13,29,30,209,*48

1392735219933,$GLGSV,3,1,09,78,14,026,,70,61,303,,86,26,326,,80,04,130,*63

1392735219941,$GLGSV,3,2,09,79,21,080,,69,40,043,,84,37,191,,85,60,267,*6D

1392735219949,$GLGSV,3,3,09,71,18,260,*57

1392735219966,$GPGGA,145334.0,,,,,0,,,,,,,,*7C

1392735219973,$PQXFI,145334.0,,,,,,,,*60

1392735219982,$GNGNS,145334.0,,,,,NN,,,,,,*49

1392735219989,$GPVTG,,T,,M,,N,,K,N*2C

1392735219997,$GPRMC,,V,,,,,,,,,,N*53

1392735220006,$GPGSA,A,1,,,,,,,,,,,,,,,*1E

1392735220013,$GNGSA,A,1,,,,,,,,,,,,,,,*00

1392735220905,$GPGSV,4,1,13,02,02,132,,05,27,074,,06,08,323,,08,10,036,*7D

1392735220918,$GPGSV,4,2,13,09,12,039,,15,77,144,,18,36,275,,21,58,302,*7B

1392735220918,$GPGSV,4,3,13,22,03,268,,24,12,154,,26,49,054,,27,01,330,*7A

1392735220926,$GPGSV,4,4,13,29,30,209,*48

1392735220934,$GLGSV,3,1,09,78,14,026,,70,61,303,,86,26,326,,80,04,130,*63

1392735220942,$GLGSV,3,2,09,79,21,080,,69,40,043,,84,37,191,,85,60,267,*6D

1392735220951,$GLGSV,3,3,09,71,18,260,*57

1392735220966,$GPGGA,145335.0,,,,,0,,,,,,,,*7D

1392735220974,$PQXFI,145335.0,,,,,,,,*61

1392735220983,$GNGNS,145335.0,,,,,NN,,,,,,*48

1392735220992,$GPVTG,,T,,M,,N,,K,N*2C

1392735221002,$GPRMC,,V,,,,,,,,,,N*53

1392735221007,$GPGSA,A,1,,,,,,,,,,,,,,,*1E

1392735221014,$GNGSA,A,1,,,,,,,,,,,,,,,*00

1392735221902,$GPGSV,4,1,13,02,02,132,,05,27,074,,06,08,323,,08,10,036,*7D

1392735221910,$GPGSV,4,2,13,09,12,039,,15,77,144,,18,36,275,,21,58,302,*7B

1392735221918,$GPGSV,4,3,13,22,03,268,,24,12,154,,26,49,054,,27,01,330,*7A

1392735221927,$GPGSV,4,4,13,29,30,209,*48

1392735221934,$GLGSV,3,1,09,78,14,026,,70,61,303,,86,26,326,,80,04,130,*63

1392735221942,$GLGSV,3,2,09,79,21,080,,69,40,043,,84,37,191,,85,60,267,*6D

1392735221952,$GLGSV,3,3,09,71,18,260,*57

1392735221968,$GPGGA,145336.0,,,,,0,,,,,,,,*7E

1392735221974,$PQXFI,145336.0,,,,,,,,*62

1392735221982,$GNGNS,145336.0,,,,,NN,,,,,,*4B

1392735221990,$GPVTG,,T,,M,,N,,K,N*2C

1392735221999,$GPRMC,,V,,,,,,,,,,N*53

1392735222006,$GPGSA,A,1,,,,,,,,,,,,,,,*1E

1392735222014,$GNGSA,A,1,,,,,,,,,,,,,,,*00

1392735222902,$GPGSV,4,1,13,02,02,132,,05,27,074,,06,08,323,,08,10,036,*7D

1392735222910,$GPGSV,4,2,13,09,12,039,,15,77,144,,18,36,275,,21,58,302,*7B

1392735222918,$GPGSV,4,3,13,22,03,268,,24,12,154,,26,49,054,,27,01,330,*7A

1392735222926,$GPGSV,4,4,13,29,30,209,*48

1392735222934,$GLGSV,3,1,09,78,14,026,,70,61,303,,86,26,326,,80,04,130,*63

1392735222942,$GLGSV,3,2,09,79,21,080,,69,40,043,,84,37,191,,85,60,267,*6D

1392735222950,$GLGSV,3,3,09,71,18,260,*57

1392735222966,$GPGGA,145337.0,,,,,0,,,,,,,,*7F

1392735222974,$PQXFI,145337.0,,,,,,,,*63

1392735222982,$GNGNS,145337.0,,,,,NN,,,,,,*4A

1392735222990,$GPVTG,,T,,M,,N,,K,N*2C

1392735222998,$GPRMC,,V,,,,,,,,,,N*53

1392735223006,$GPGSA,A,1,,,,,,,,,,,,,,,*1E

1392735223014,$GNGSA,A,1,,,,,,,,,,,,,,,*00

1392735223902,$GPGSV,4,1,13,02,02,132,,05,27,074,,06,08,323,,08,10,036,*7D

1392735223911,$GPGSV,4,2,13,09,12,039,,15,77,144,,18,36,275,,21,58,302,*7B

1392735223918,$GPGSV,4,3,13,22,03,268,,24,12,154,,26,49,054,,27,01,330,*7A

1392735223926,$GPGSV,4,4,13,29,30,209,*48

1392735223935,$GLGSV,3,1,09,78,14,026,,70,61,303,,86,26,326,,80,04,130,*63

1392735223942,$GLGSV,3,2,09,79,21,080,,69,40,043,,84,37,191,,85,60,267,*6D

1392735223950,$GLGSV,3,3,09,71,18,260,*57

1392735223966,$GPGGA,145338.0,,,,,0,,,,,,,,*70

1392735223974,$PQXFI,145338.0,,,,,,,,*6C

1392735223982,$GNGNS,145338.0,,,,,NN,,,,,,*45

1392735223990,$GPVTG,,T,,M,,N,,K,N*2C

1392735223998,$GPRMC,,V,,,,,,,,,,N*53

1392735224007,$GPGSA,A,1,,,,,,,,,,,,,,,*1E

1392735224015,$GNGSA,A,1,,,,,,,,,,,,,,,*00

1392735224903,$GPGSV,4,1,13,02,02,132,,05,27,074,,06,08,323,,08,10,036,*7D

1392735224944,$GPGSV,4,2,13,09,12,039,,15,77,144,,18,36,275,,21,58,302,*7B

1392735224948,$GPGSV,4,3,13,22,03,268,,24,12,154,,26,49,054,,27,01,330,*7A

1392735224949,$GPGSV,4,4,13,29,30,209,*48

1392735224951,$GLGSV,3,1,09,78,14,026,,70,61,303,,86,26,326,,80,04,130,*63

1392735224953,$GLGSV,3,2,09,79,21,080,,69,40,043,,84,37,191,,85,60,267,*6D

1392735224955,$GLGSV,3,3,09,71,18,260,*57

1392735224966,$GPGGA,145339.0,,,,,0,,,,,,,,*71

1392735224975,$PQXFI,145339.0,,,,,,,,*6D

1392735224983,$GNGNS,145339.0,,,,,NN,,,,,,*44

1392735224990,$GPVTG,,T,,M,,N,,K,N*2C

1392735224998,$GPRMC,,V,,,,,,,,,,N*53

1392735225009,$GPGSA,A,1,,,,,,,,,,,,,,,*1E

1392735225014,$GNGSA,A,1,,,,,,,,,,,,,,,*00

1392735225902,$GPGSV,4,1,13,02,02,132,,05,27,074,,06,08,323,,08,10,036,*7D

1392735225910,$GPGSV,4,2,13,09,12,039,,15,77,144,,18,36,275,,21,58,302,*7B

1392735225919,$GPGSV,4,3,13,22,03,268,,24,12,154,,26,49,054,,27,01,330,*7A

1392735225926,$GPGSV,4,4,13,29,30,209,*48

1392735225934,$GLGSV,3,1,09,78,14,026,,70,61,303,,86,26,326,,80,04,130,*63

1392735225942,$GLGSV,3,2,09,79,21,080,,69,40,043,,84,37,191,,85,60,267,*6D

1392735225950,$GLGSV,3,3,09,71,18,260,*57

1392735225969,$GPGGA,145340.0,,,,,0,,,,,,,,*7F

1392735225976,$PQXFI,145340.0,,,,,,,,*63

1392735225982,$GNGNS,145340.0,,,,,NN,,,,,,*4A

1392735225990,$GPVTG,,T,,M,,N,,K,N*2C

1392735226012,$GPRMC,,V,,,,,,,,,,N*53

1392735226030,$GPGSA,A,1,,,,,,,,,,,,,,,*1E

1392735226031,$GNGSA,A,1,,,,,,,,,,,,,,,*00

1392735226903,$GPGSV,4,1,13,02,02,132,,05,27,074,,06,08,323,,08,10,036,*7D

1392735226911,$GPGSV,4,2,13,09,12,039,,15,77,144,,18,36,275,,21,58,302,*7B

1392735226918,$GPGSV,4,3,13,22,03,268,,24,12,154,,26,49,054,,27,01,330,*7A

1392735226926,$GPGSV,4,4,13,29,30,209,*48

1392735226934,$GLGSV,3,1,09,78,14,026,,70,61,303,,86,26,326,,80,04,130,*63

1392735226942,$GLGSV,3,2,09,79,21,080,,69,40,043,,84,37,191,,85,60,267,*6D

1392735226951,$GLGSV,3,3,09,71,18,260,*57

1392735226966,$GPGGA,145341.0,,,,,0,,,,,,,,*7E

1392735226974,$PQXFI,145341.0,,,,,,,,*62

1392735226982,$GNGNS,145341.0,,,,,NN,,,,,,*4B

1392735226990,$GPVTG,,T,,M,,N,,K,N*2C

1392735227000,$GPRMC,,V,,,,,,,,,,N*53

1392735227006,$GPGSA,A,1,,,,,,,,,,,,,,,*1E

1392735227014,$GNGSA,A,1,,,,,,,,,,,,,,,*00

1392735227902,$GPGSV,4,1,13,02,02,132,,05,27,074,,06,08,323,,08,10,036,*7D

1392735227910,$GPGSV,4,2,13,09,12,039,,15,77,144,,18,36,275,,21,58,302,*7B

1392735227918,$GPGSV,4,3,13,22,03,268,,24,12,154,,26,49,054,,27,01,330,*7A

1392735227926,$GPGSV,4,4,13,29,30,209,*48

1392735227934,$GLGSV,3,1,09,78,14,026,,70,61,303,,86,26,326,,80,04,130,*63

1392735227942,$GLGSV,3,2,09,79,21,080,,69,40,043,,84,37,191,,85,60,267,*6D

1392735227951,$GLGSV,3,3,09,71,18,260,*57

1392735227977,$GPGGA,145342.0,,,,,0,,,,,,,,*7D

1392735227977,$PQXFI,145342.0,,,,,,,,*61

1392735227982,$GNGNS,145342.0,,,,,NN,,,,,,*48

1392735227990,$GPVTG,,T,,M,,N,,K,N*2C

1392735227999,$GPRMC,,V,,,,,,,,,,N*53

1392735228006,$GPGSA,A,1,,,,,,,,,,,,,,,*1E

1392735228017,$GNGSA,A,1,,,,,,,,,,,,,,,*00

1392735228902,$GPGSV,4,1,13,02,02,132,,05,27,074,,06,08,323,,08,10,036,*7D

1392735228910,$GPGSV,4,2,13,09,12,039,,15,77,144,,18,36,275,,21,58,302,*7B

1392735228923,$GPGSV,4,3,13,22,03,268,,24,12,154,,26,49,054,,27,01,330,*7A

1392735228926,$GPGSV,4,4,13,29,30,209,*48

1392735228951,$GLGSV,3,1,09,78,14,026,,70,61,303,,86,26,326,,80,04,130,*63

1392735228952,$GLGSV,3,2,09,79,21,080,,69,40,043,,84,37,191,,85,60,267,*6D

1392735228952,$GLGSV,3,3,09,71,18,260,*57

1392735228966,$GPGGA,145343.0,,,,,0,,,,,,,,*7C

1392735228975,$PQXFI,145343.0,,,,,,,,*60

1392735228983,$GNGNS,145343.0,,,,,NN,,,,,,*49

1392735228990,$GPVTG,,T,,M,,N,,K,N*2C

1392735228998,$GPRMC,,V,,,,,,,,,,N*53

1392735229006,$GPGSA,A,1,,,,,,,,,,,,,,,*1E

1392735229014,$GNGSA,A,1,,,,,,,,,,,,,,,*00

1392735229903,$GPGSV,4,1,13,02,02,132,,05,27,074,,06,08,323,,08,10,036,*7D

1392735229910,$GPGSV,4,2,13,09,12,039,,15,77,144,,18,36,275,,21,58,302,*7B

1392735229918,$GPGSV,4,3,13,22,03,268,,24,12,154,,26,49,054,,27,01,330,*7A

1392735229926,$GPGSV,4,4,13,29,30,209,*48

1392735229934,$GLGSV,3,1,09,78,14,026,,70,61,303,,86,26,326,,80,04,130,*63

1392735229942,$GLGSV,3,2,09,79,21,080,,69,40,043,,84,37,191,,85,60,267,*6D

1392735229951,$GLGSV,3,3,09,71,18,260,*57

1392735229966,$GPGGA,145344.0,,,,,0,,,,,,,,*7B

1392735229974,$PQXFI,145344.0,,,,,,,,*67

1392735229982,$GNGNS,145344.0,,,,,NN,,,,,,*4E

1392735229990,$GPVTG,,T,,M,,N,,K,N*2C

1392735229998,$GPRMC,,V,,,,,,,,,,N*53

1392735230006,$GPGSA,A,1,,,,,,,,,,,,,,,*1E

1392735230014,$GNGSA,A,1,,,,,,,,,,,,,,,*00

1392735230902,$GPGSV,4,1,13,02,02,132,,05,27,074,,06,08,323,,08,10,036,*7D

1392735230910,$GPGSV,4,2,13,09,12,039,,15,77,144,,18,36,275,,21,58,302,*7B

1392735230918,$GPGSV,4,3,13,22,03,268,,24,12,154,,26,49,054,,27,01,330,*7A

1392735230926,$GPGSV,4,4,13,29,30,209,*48

1392735230935,$GLGSV,3,1,09,78,14,026,,70,61,303,,86,26,326,,80,04,130,*63

1392735230942,$GLGSV,3,2,09,79,21,080,,69,40,043,,84,37,191,,85,60,267,*6D

1392735230950,$GLGSV,3,3,09,71,18,260,*57

1392735230966,$GPGGA,145345.0,,,,,0,,,,,,,,*7A

1392735230974,$PQXFI,145345.0,,,,,,,,*66

1392735230982,$GNGNS,145345.0,,,,,NN,,,,,,*4F

1392735230990,$GPVTG,,T,,M,,N,,K,N*2C

1392735230999,$GPRMC,,V,,,,,,,,,,N*53

1392735231006,$GPGSA,A,1,,,,,,,,,,,,,,,*1E

1392735231014,$GNGSA,A,1,,,,,,,,,,,,,,,*00

1392735231902,$GPGSV,4,1,13,02,02,132,,05,27,074,,06,08,323,,08,10,036,*7D

1392735231910,$GPGSV,4,2,13,09,12,039,,15,77,144,,18,36,275,,21,58,302,*7B

1392735231918,$GPGSV,4,3,13,22,03,268,,24,12,154,,26,49,054,,27,01,330,*7A

1392735231926,$GPGSV,4,4,13,29,30,209,*48

1392735231934,$GLGSV,3,1,09,78,14,026,,70,61,303,,86,26,326,,80,04,130,*63

1392735231942,$GLGSV,3,2,09,79,21,080,,69,40,043,,84,37,191,,85,60,267,*6D

1392735231950,$GLGSV,3,3,09,71,18,260,*57

1392735231966,$GPGGA,145346.0,,,,,0,,,,,,,,*79

1392735231974,$PQXFI,145346.0,,,,,,,,*65

1392735231983,$GNGNS,145346.0,,,,,NN,,,,,,*4C

1392735231990,$GPVTG,,T,,M,,N,,K,N*2C

1392735231998,$GPRMC,,V,,,,,,,,,,N*53

1392735232006,$GPGSA,A,1,,,,,,,,,,,,,,,*1E

1392735232014,$GNGSA,A,1,,,,,,,,,,,,,,,*00

1392735232914,$GPGSV,4,1,13,02,02,132,,05,27,074,,06,08,323,,08,10,036,*7D

1392735232915,$GPGSV,4,2,13,09,12,039,,15,77,144,,18,36,275,,21,58,302,*7B

1392735232924,$GPGSV,4,3,13,22,03,268,,24,12,154,,26,49,054,,27,01,330,*7A

1392735232934,$GPGSV,4,4,13,29,30,209,*48

1392735232935,$GLGSV,3,1,09,78,14,026,,70,61,303,,86,26,326,,80,04,130,*63

1392735232944,$GLGSV,3,2,09,79,21,080,,69,40,043,,84,37,191,,85,60,267,*6D

1392735232954,$GLGSV,3,3,09,71,18,260,*57

1392735232974,$GPGGA,145347.0,,,,,0,,,,,,,,*78

1392735232975,$PQXFI,145347.0,,,,,,,,*64

1392735232982,$GNGNS,145347.0,,,,,NN,,,,,,*4D

1392735232990,$GPVTG,,T,,M,,N,,K,N*2C

1392735233000,$GPRMC,,V,,,,,,,,,,N*53

1392735233006,$GPGSA,A,1,,,,,,,,,,,,,,,*1E

1392735233016,$GNGSA,A,1,,,,,,,,,,,,,,,*00

