471123199464,2,0.60853183,-0.02216515,0.79074204,
471133239748,2,0.6084342,-0.021819174,0.7908639,
471143218996,2,0.608318,-0.021458656,0.79100025,
471153259279,2,0.608349,-0.021120608,0.79102457,
471163269044,2,0.6084604,-0.020415455,0.79102695,
471183319093,2,0.60843563,-0.020053804,0.79108965,
471193328859,2,0.6083954,-0.019643754,0.7911638,
471203399660,2,0.60839164,-0.019221485,0.791209,
471213378908,2,0.6084186,-0.01884529,0.79123056,
471223388673,2,0.60847765,-0.018538326,0.79122627,
471233398439,2,0.60856605,-0.018223614,0.79119635,
471243408205,2,0.6087148,-0.017968625,0.7911179,
471253448488,2,0.6088288,-0.017898887,0.79105824,
471263458253,2,0.6088588,-0.017825872,0.7910608,
471273498537,2,0.60881835,-0.017747521,0.7911153,
471283477785,2,0.6086868,-0.01763022,0.79123735,
471293518068,2,0.6085827,-0.017500639,0.79133797,
471303527833,2,0.6084703,-0.017380238,0.7914429,
471313537599,2,0.60844535,-0.017300665,0.79147696,
471323547365,2,0.60848606,-0.017252952,0.7914599,
471333587648,2,0.6084522,-0.01713249,0.7915,
471343597413,2,0.6084446,-0.017004192,0.7915233,
471353637697,2,0.6084349,-0.016787738,0.7915512,
471363647462,2,0.6084664,-0.016480237,0.7915494,
471373626710,2,0.60854685,-0.01616332,0.79151344,
471383666994,2,0.6087062,-0.015866458,0.7914187,
471393707277,2,0.6088546,-0.0155620575,0.79133236,
471403717042,2,0.60889333,-0.015282065,0.7913305,
471413757325,2,0.6089346,-0.015008509,0.7913254,
471423736574,2,0.60894305,-0.014728069,0.79134244,
471433776857,2,0.60896516,-0.014491558,0.79134613,
471443786622,2,0.6089941,-0.014234632,0.7913406,
471453826906,2,0.6090846,-0.014056683,0.79128635,
471463836671,2,0.6092024,-0.013999224,0.791201,
471473846437,2,0.60929006,-0.013990313,0.7911335,
471483856202,2,0.6094312,-0.0139865875,0.7910205,
471493896486,2,0.6095891,-0.013842672,0.79092073,
471503906251,2,0.6097133,-0.013655752,0.79084575,
471513916017,2,0.6098107,-0.0136651695,0.79076934,
471523925783,2,0.6098281,-0.013682693,0.79075885,
471533935548,2,0.6097583,-0.013653249,0.7908163,
471543975831,2,0.6095796,-0.013652682,0.790961,
471553985597,2,0.60944754,-0.0136473775,0.7910713,
471563995363,2,0.6092933,-0.01358518,0.79119956,
471573852541,2,0.6090954,-0.0134494305,0.7913634,
471583892824,2,0.6088645,-0.013272524,0.7915539,
471594085695,2,0.6086712,-0.013037205,0.7917179,
471604095460,2,0.6085515,-0.012666345,0.7918274,
471614105226,2,0.60849845,-0.012245208,0.79189026,
471623962404,2,0.60855824,-0.011769921,0.79186964,
471633941652,2,0.6086316,-0.011241615,0.79184043,
471643951417,2,0.6087409,-0.010669619,0.79178303,
471653991701,2,0.6089465,-0.010083467,0.7916498,
471664001466,2,0.6091556,-0.009468436,0.79150987,
471674041750,2,0.60932064,-0.008912355,0.79139495,
471684234621,2,0.60947907,-0.008410633,0.7912792,
471694244386,2,0.6096822,-0.008068979,0.791127,
471704254152,2,0.6098709,-0.007831752,0.7909826,
471714294435,2,0.61002046,-0.007713318,0.79086757,
471724304201,2,0.6101348,-0.007609129,0.79077786,
471734313966,2,0.61025727,-0.0075203776,0.7906798,
471744354250,2,0.61035645,-0.0074635744,0.7905998,
471754364015,2,0.6105021,-0.0074334145,0.79048586,
471764373781,2,0.6106993,-0.0074166358,0.790336,
471774444582,2,0.61082464,-0.007355958,0.79024535,
471784423830,2,0.6108958,-0.007196486,0.79019904,
471794464113,2,0.61092806,-0.0069904923,0.7901879,
471804473878,2,0.61098164,-0.006718755,0.79016304,
471814483644,2,0.611052,-0.0064472556,0.7901281,
471824523927,2,0.6111175,-0.006178379,0.7900969,
471834533693,2,0.6112198,-0.005994141,0.7900387,
471844543459,2,0.611268,-0.005772561,0.790019,
471854553224,2,0.61123866,-0.005556047,0.790059,
471864562990,2,0.6111798,-0.0053402483,0.7901204,
471874603273,2,0.61112356,-0.005132407,0.79017854,
471884643556,2,0.6111444,-0.004956603,0.79017615,
471894622804,2,0.6111652,-0.0048756897,0.79017425,
471904663087,2,0.6113168,-0.0049164593,0.79007053,
471914672853,2,0.6114625,-0.0050028563,0.78996825,
471924713136,2,0.61153245,-0.0050762296,0.7899259,
471934692384,2,0.6115061,-0.005006999,0.78995526,
471944732667,2,0.61149645,-0.004861057,0.7899765,
471954742433,2,0.61145896,-0.004607767,0.7900194,
471964782716,2,0.61142623,-0.0043314397,0.7900608,
471974792482,2,0.6113464,-0.0040085614,0.79013866,
471984802248,2,0.6112939,-0.00368914,0.7901957,
471994812013,2,0.61134326,-0.0034674406,0.7901746,
472004852296,2,0.61149776,-0.0034207702,0.7900721,
472014862062,2,0.6117402,-0.0034948885,0.7899006,
472024688722,2,0.6119935,-0.003593266,0.78972054,
472034729005,2,0.61217433,-0.003633082,0.7895985,
472044921876,2,0.61221063,-0.0035633743,0.78959095,
472054931642,2,0.6122219,-0.0033674836,0.78960305,
472064788820,2,0.6122069,-0.003084451,0.78963387,
472074981691,2,0.6122214,-0.002806455,0.7896386,
472084991456,2,0.61232316,-0.002598375,0.7895703,
472095001222,2,0.6124544,-0.0025475621,0.7894691,
472104827882,2,0.61266536,-0.0026868582,0.78928757,
472114837648,2,0.61283994,-0.0029368997,0.7891253,
472124877931,2,0.6129346,-0.003175199,0.78902435,
472135040285,2,0.6129284,-0.0033323467,0.7890131,
472145080568,2,0.6129013,-0.0032816827,0.7890312,
472155090333,2,0.61289203,-0.00305897,0.78904057,
472165130617,2,0.6128708,-0.0027154088,0.78906155,
472175140382,2,0.6128651,-0.0023008287,0.789068,
472185180665,2,0.6129118,-0.0019542277,0.78903097,
472195190431,2,0.6130353,-0.0018302798,0.7889332,
472205230714,2,0.61325145,-0.001840204,0.7887622,
472215209962,2,0.61353785,-0.002030909,0.78853345,
472225067140,2,0.61387384,-0.0023588538,0.7882668,
472235076906,2,0.61421317,-0.0027745366,0.7880009,
472245300294,2,0.6144697,-0.003147155,0.78780246,
472255310060,2,0.6146438,-0.0034258664,0.7876704,
472265319825,2,0.6148007,-0.0035784245,0.78755367,
472275360109,2,0.6148985,-0.0036794543,0.7874824,
472285339357,2,0.6149621,-0.0036914647,0.7874342,
472295379640,2,0.6150251,-0.0037177503,0.7873833,
472305389406,2,0.6151226,-0.0038149357,0.787303,
472315216066,2,0.61519825,-0.0039717257,0.78723323,
472325286867,2,0.61533403,-0.0042160153,0.7871126,
472335266115,2,0.61548924,-0.004561305,0.78697604,
472345306398,2,0.6156496,-0.0049887,0.78683555,
472355285646,2,0.6157722,-0.005451232,0.78672546,
472365325929,2,0.6158786,-0.006002307,0.78663254,
472375335695,2,0.6160126,-0.006522447,0.7865205,
472385375978,2,0.6160899,-0.006990373,0.78645605,
472395385744,2,0.61613536,-0.0073688924,0.78641915,
472405578615,2,0.6161243,-0.0076290965,0.78642595,
472415588380,2,0.6160018,-0.007796496,0.78651977,
472425628664,2,0.6159147,-0.0078215,0.7865842,
472435638429,2,0.6158766,-0.007796198,0.7866132,
472445648195,2,0.61581385,-0.0077215135,0.7866629,
472455657960,2,0.61575824,-0.007627547,0.7867065,
472465698244,2,0.6157315,-0.0075783134,0.7867314,
472475708009,2,0.61570054,-0.007524401,0.7867615,
472485748293,2,0.6157293,-0.0075225234,0.78674686,
472495758058,2,0.615776,-0.0075716674,0.7867201,
472505767824,2,0.6158136,-0.0076195896,0.7866994,
472515777590,2,0.61584425,-0.007614106,0.78668857,
472525817873,2,0.6159961,-0.0075582266,0.7865816,
472535827638,2,0.6161338,-0.007508129,0.78648424,
472545837404,2,0.61627734,-0.00746727,0.7863815,
472555877687,2,0.6164026,-0.0074765086,0.7862927,
472565917970,2,0.61646044,-0.00737074,0.7862594,
472575927736,2,0.61641675,-0.0071890354,0.78630984,
472585937501,2,0.6163517,-0.0069593787,0.7863803,
472595947267,2,0.61627436,-0.006690085,0.7864591,
472605957033,2,0.61621916,-0.006516695,0.78651166,
472615997316,2,0.61627495,-0.0064178705,0.78647435,
472626007082,2,0.6163844,-0.0063667,0.78639084,
472636016847,2,0.6164775,-0.0063590407,0.78632116,
472646026613,2,0.6165755,-0.00640133,0.78624576,
472656066896,2,0.6167367,-0.0064352453,0.78611887,
472666076662,2,0.61694294,-0.006483704,0.78595626,
472676086427,2,0.6171916,-0.0065873265,0.7857623,
472686096193,2,0.6174826,-0.0066632032,0.7855344,
472696136476,2,0.6177545,-0.0067152977,0.7853204,
472706115724,2,0.6179035,-0.006694883,0.785202,
472716186525,2,0.6179559,-0.006711215,0.7851615,
472726196290,2,0.617995,-0.0067253113,0.7851314,
472736206056,2,0.61801213,-0.006748557,0.78511715,
472746215822,2,0.6180208,-0.006771773,0.785108,
472756225587,2,0.6180263,-0.0068413615,0.78510153,
472766235353,2,0.61803603,-0.0068914294,0.7851,
472776275636,2,0.618046,-0.006959468,0.78510016,
472786285402,2,0.61804897,-0.007015884,0.7851076,
472796325685,2,0.6180462,-0.007032126,0.7851182,
472806365968,2,0.6179815,-0.006924093,0.78517866,
472816375734,2,0.617846,-0.006744504,0.78529656,
472826385499,2,0.6177289,-0.0064453185,0.78539836,
472836395265,2,0.6176054,-0.006125927,0.7855022,
472846435548,2,0.6174898,-0.0060539544,0.7855947,
472856414796,2,0.61754334,-0.006087303,0.7855568,
472866455079,2,0.6175446,-0.006235987,0.78556013,
472876464845,2,0.61755836,-0.006416261,0.7855539,
472886505128,2,0.61749804,-0.0064858496,0.78560543,
472896484376,2,0.61742437,-0.0064539313,0.7856644,
472906555177,2,0.6174276,-0.006424755,0.78566515,
472916564943,2,0.6174661,-0.006386161,0.7856381,
472926574708,2,0.6174855,-0.00635916,0.78562677,
472936584474,2,0.6175492,-0.006277591,0.7855817,
472946624757,2,0.61759114,-0.006160468,0.7855567,
472956634523,2,0.61763334,-0.0059764683,0.7855333,
472966644288,2,0.61762387,-0.005728483,0.7855506,
472976684572,2,0.61765885,-0.0054777563,0.78553295,
472986694337,2,0.6175862,-0.005221635,0.78559846,
472996704103,2,0.61756974,-0.005088836,0.7856158,
473006713868,2,0.6175652,-0.0050902963,0.7856219,
473016754152,2,0.6175711,-0.005199462,0.78561723,
473026763917,2,0.6175141,-0.005407214,0.785662,
473036773683,2,0.6174218,-0.0055916607,0.7857301,
473046783449,2,0.6173907,-0.0057320893,0.78575027,
473056793214,2,0.61740977,-0.0058354437,0.7857343,
473066833498,2,0.617419,-0.0059092343,0.7857269,
473076843263,2,0.617375,-0.0059104264,0.78576374,
473086853029,2,0.61727023,-0.0058718026,0.78585196,
473096893312,2,0.61710465,-0.005761236,0.78599,
473106903078,2,0.61694396,-0.0055738986,0.7861242,
473116760255,2,0.61679125,-0.005441278,0.78625184,
473126770021,2,0.61664075,-0.005360931,0.7863742,
473136962892,2,0.61643744,-0.005431354,0.78653735,
473146972658,2,0.61629444,-0.005489081,0.7866515,
473157012941,2,0.6162121,-0.0055814683,0.7867193,
473167022707,2,0.6161814,-0.0055380464,0.7867483,
473177032472,2,0.6161647,-0.005410582,0.7867672,
473187072755,2,0.61614096,-0.00522092,0.7867933,
473197082521,2,0.61614525,-0.0050284266,0.786799,
473207092287,2,0.6162095,-0.00492692,0.78675914,
473217102052,2,0.6163402,-0.004887402,0.7866653,
473227142336,2,0.6164249,-0.004934013,0.78660476,
473237152101,2,0.61652505,-0.00501588,0.7865302,
473247161867,2,0.616606,-0.005160749,0.78647107,
473257171632,2,0.6166345,-0.0053235292,0.78645366,
473267211916,2,0.61657673,-0.0054290593,0.7865033,
473277221681,2,0.6164893,-0.005471945,0.78657615,
473287261964,2,0.6163241,-0.005477518,0.7867097,
473297271730,2,0.61617815,-0.0054689646,0.7868287,
473307281496,2,0.61606616,-0.005415499,0.78692067,
473317321779,2,0.61591595,-0.0053691864,0.7870438,
473327331544,2,0.61580026,-0.0052702427,0.7871388,
473337341310,2,0.61576355,-0.005197853,0.78717095,
473347351076,2,0.6157638,-0.0052523315,0.787174,
473357360841,2,0.61579275,-0.0053601563,0.7871525,
473367370607,2,0.61578137,-0.005588591,0.7871639,
473377410890,2,0.6157561,-0.0057755113,0.78718466,
473387420656,2,0.61577,-0.0059233606,0.7871758,
473397430421,2,0.6157349,-0.0059386194,0.78720427,
473407470705,2,0.61578196,-0.005939752,0.7871698,
473417480470,2,0.6158173,-0.0059246123,0.7871452,
473427520753,2,0.61579996,-0.0058475137,0.7871616,
473437530519,2,0.61576617,-0.005758226,0.78719044,
473447540285,2,0.6157547,-0.005697131,0.78720117,
473457580568,2,0.6157907,-0.005671799,0.7871746,
473467590333,2,0.6157958,-0.0056548715,0.7871728,
473477600099,2,0.6158167,-0.0055265725,0.7871577,
473487640382,2,0.61588913,-0.0053619146,0.7871022,
473497619630,2,0.6159717,-0.0051440597,0.7870331,
473507476808,2,0.61601824,-0.004958838,0.7869864,
473517486574,2,0.61602324,-0.0048134923,0.7869688,
473527679445,2,0.61600894,-0.004745275,0.7869675,
473537719728,2,0.6160029,-0.0047614574,0.7869643,
473547729494,2,0.6159552,-0.004994869,0.7870023,
473557556154,2,0.61591804,-0.0053421855,0.7870358,
473567596437,2,0.6159887,-0.005853355,0.78698623,
473577606202,2,0.6161447,-0.006442249,0.7868647,
473587615968,2,0.61640584,-0.0071595013,0.7866601,
473597625734,2,0.6168385,-0.0077578425,0.7863172,
473607635499,2,0.6174552,-0.008305192,0.7858293,
473617675783,2,0.61820495,-0.008747995,0.78523874,
473627868654,2,0.6189194,-0.009014219,0.7846743,
473637908937,2,0.6195177,-0.009168029,0.7841972,
473647705079,2,0.6198545,-0.009250104,0.78392005,
473657745363,2,0.62001604,-0.009335369,0.78377575,
473667755128,2,0.61998796,-0.009541601,0.78377587,
473677764894,2,0.61974657,-0.010085851,0.7839422,
473687805177,2,0.61929494,-0.010841757,0.78426933,
473697814943,2,0.6187094,-0.0117455125,0.7846984,
473707855226,2,0.6180882,-0.012714297,0.78515816,
473717864992,2,0.6175692,-0.013571322,0.78553957,
473727874757,2,0.6173089,-0.014308214,0.7857235,
473738098146,2,0.6172628,-0.014839977,0.78574514,
473748107912,2,0.61737275,-0.015121669,0.7856548,
473758117677,2,0.6176344,-0.015121311,0.7854549,
473767944337,2,0.6179672,-0.0149047375,0.7852076,
473777984621,2,0.6183429,-0.014452726,0.7849319,
473787994386,2,0.61871123,-0.013892829,0.78466326,
473798004152,2,0.6189641,-0.013281465,0.78447974,
473808013917,2,0.61921847,-0.012816042,0.7842864,
473818054201,2,0.61939186,-0.012503147,0.78414446,
473828063966,2,0.6194474,-0.012425572,0.7840823,
473838073732,2,0.61945295,-0.012718588,0.7840452,
473848083498,2,0.6194343,-0.013386577,0.7840121,
473858123781,2,0.6193183,-0.014149755,0.7840481,
473868164064,2,0.6191424,-0.014898479,0.7841347,
473878143312,2,0.61892253,-0.015401483,0.78426695,
473888153078,2,0.618708,-0.015600681,0.7844114,
473898193361,2,0.61854476,-0.015576869,0.78453183,
473908233644,2,0.6184212,-0.015309364,0.7846375,
473918243410,2,0.61833966,-0.014866531,0.7847197,
473928283693,2,0.61820006,-0.01442337,0.78485465,
473938293459,2,0.6180533,-0.014082432,0.78499115,
473948303224,2,0.6180055,-0.01383844,0.7850442,
473958312990,2,0.6181292,-0.013795137,0.7849561,
473968322755,2,0.6183586,-0.014030218,0.784775,
473978332521,2,0.61862904,-0.014379919,0.784559,
473988342287,2,0.6188838,-0.014890969,0.78435576,
473998382570,2,0.6190565,-0.015424609,0.78421986,
474008422853,2,0.6191144,-0.015762478,0.78418994,
474018432619,2,0.619078,-0.015784085,0.7842453,
474028442384,2,0.61894244,-0.015482783,0.7843884,
474038482667,2,0.61864924,-0.014912605,0.7846594,
474048492433,2,0.61828256,-0.014094412,0.7849848,
474058502199,2,0.6178551,-0.013205111,0.78534526,
474068511964,2,0.61748487,-0.012311399,0.7856487,
474078521730,2,0.6172381,-0.011506677,0.7858431,
474088562013,2,0.61700356,-0.010956973,0.7860105,
474098571779,2,0.6167429,-0.010566503,0.7861936,
474108581544,2,0.61638784,-0.010343254,0.7864498,
474118621828,2,0.6159847,-0.010130912,0.78674316,
474128631593,2,0.6156275,-0.009872228,0.78700316,
474138641359,2,0.61537,-0.009509563,0.78719044,
474148681642,2,0.61528814,-0.0093973875,0.78722686,
474158691408,2,0.6154537,-0.009120822,0.7870844,
474168701173,2,0.61588585,-0.008791,0.7867381,
474178710939,2,0.61661863,-0.008271217,0.78615314,
474188720705,2,0.6175486,-0.0078082383,0.7853937,
474198760988,2,0.6185565,-0.007401794,0.7845552,
474208770753,2,0.6197135,-0.00717625,0.7835889,
474218811037,2,0.62103844,-0.007302165,0.7824855,
474228820802,2,0.6225166,-0.007685721,0.78126997,
474238830568,2,0.62415403,-0.008344948,0.77993035,
474248870851,2,0.62589574,-0.00920096,0.7785045,
474258880617,2,0.6277262,-0.0110449195,0.77691644,
474268890382,2,0.6296527,-0.012859702,0.77522874,
474278900148,2,0.63171464,-0.014477998,0.7734061,
474288909913,2,0.633806,-0.016549826,0.7714722,
474298950197,2,0.6361379,-0.018618792,0.7693119,
474308959962,2,0.6386208,-0.020845473,0.76699275,
474318969728,2,0.64093894,-0.026501179,0.7643287,
474329010011,2,0.6429031,-0.031408787,0.76197696,
474339019777,2,0.64436924,-0.03618735,0.7599582,
474349060060,2,0.64536357,-0.040826917,0.7582576,
474359039308,2,0.6459736,-0.04526052,0.75681025,
474369049074,2,0.6461458,-0.049471825,0.75567466,
474379089357,2,0.6458575,-0.054347098,0.7546961,
474389099122,2,0.64537764,-0.05918318,0.75382125,
474399139406,2,0.64475125,-0.06577246,0.7526309,
474409362794,2,0.6441287,-0.073119104,0.75124323,
474419189455,2,0.64353156,-0.0814521,0.74952793,
474429199220,2,0.6428335,-0.090727,0.7475319,
474439208986,2,0.63968736,-0.11418258,0.7420177,
474449218751,2,0.6359596,-0.13708194,0.735824,
474459228517,2,0.63214415,-0.16041218,0.7280785,
474469238283,2,0.6287723,-0.18246078,0.71928114,
474479278566,2,0.62555534,-0.2033101,0.70984715,
474489288331,2,0.6224907,-0.22083533,0.7013922,
474499298097,2,0.61836356,-0.23738337,0.69346136,
474509338380,2,0.61299247,-0.25311956,0.6861239,
474519378664,2,0.6028285,-0.2761746,0.67504084,
474529388429,2,0.59141415,-0.29778585,0.6640434,
474539398195,2,0.57921284,-0.31776023,0.6531129,
474549407960,2,0.5734741,-0.32450983,0.6499231,
474559417726,2,0.5705003,-0.3266533,0.64952946,
474569458009,2,0.5685366,-0.32837656,0.649119,
474579498293,2,0.5685198,-0.3282439,0.6497445,
474589508058,2,0.56924224,-0.32837588,0.64997625,
474599517824,2,0.5700764,-0.3287923,0.65002483,
474609527590,2,0.57067114,-0.32926935,0.6500516,
474619537355,2,0.5706604,-0.32943287,0.6502448,
474629547121,2,0.57045007,-0.32828182,0.6512289,
474639587404,2,0.56938213,-0.32675186,0.65256894,
474649597170,2,0.56757367,-0.32484958,0.65431195,
474659606935,2,0.5651722,-0.32239053,0.65664464,
474669616701,2,0.5624733,-0.3198377,0.6590619,
474679656984,2,0.56024164,-0.31677085,0.6617717,
474689697267,2,0.5588657,-0.31351334,0.664444,
474699707033,2,0.55446774,-0.31713066,0.6623481,
474709716798,2,0.55039585,-0.32190368,0.6598114,
474719726564,2,0.5461764,-0.3280393,0.6568247,
474729766847,2,0.5369616,-0.342822,0.6481136,
474739776613,2,0.5265296,-0.35825375,0.63913333,
474749786378,2,0.51547104,-0.37260285,0.6306935,
474759796144,2,0.5021949,-0.38764155,0.6205236,
474769836427,2,0.48934636,-0.4001242,0.6110491,
474779876710,2,0.47786286,-0.40952933,0.60228276,
474789886476,2,0.4653296,-0.41999632,0.5900723,
474799896242,2,0.45561358,-0.42836574,0.5778531,
474809906007,2,0.44789258,-0.43635336,0.56434864,
474819915773,2,0.44183272,-0.4441455,0.5500579,
474829925539,2,0.43614867,-0.45206934,0.53495234,
474839996339,2,0.42865106,-0.46088314,0.5178883,
474850036622,2,0.42012805,-0.469397,0.5004966,
474860015871,2,0.40438592,-0.4834537,0.47481656,
474870025636,2,0.4009501,-0.48704165,0.4661134,
474880004884,2,0.38436407,-0.5020648,0.4415923,
474890014650,2,0.3621343,-0.5215127,0.41060865,
474900054933,2,0.33925337,-0.5409717,0.37926418,
474910064699,2,0.3166374,-0.5592311,0.34829837,
474920074464,2,0.29466778,-0.5753912,0.3179368,
474930084230,2,0.2744003,-0.58858025,0.28905612,
474940124513,2,0.25417542,-0.59927094,0.25973788,
474950164796,2,0.23568763,-0.6071373,0.23215547,
474960174562,2,0.21859072,-0.612836,0.20626196,
474970214845,2,0.20079131,-0.617519,0.18021116,
474980224611,2,0.18318118,-0.6210925,0.1554411,
474990264894,2,0.16543637,-0.62416667,0.13142037,
475000274660,2,0.15108418,-0.6261936,0.112529695,
475010284425,2,0.14668202,-0.6262096,0.10675639,
475020324708,2,0.14162809,-0.62678826,0.100973606,
475030334474,2,0.13580377,-0.6279107,0.09530434,
475040344240,2,0.12922284,-0.6289427,0.090216815,
475050354005,2,0.121345475,-0.6297445,0.08525887,
475060394288,2,0.10213953,-0.6318567,0.06783369,
475070465090,2,0.08311665,-0.63318056,0.051226288,
475080413820,2,0.06426898,-0.6339943,0.03503552,
475090423585,2,0.045425415,-0.63461447,0.019020885,
475100433351,2,0.026629329,-0.6352346,0.0032243729,
475110443117,2,0.0072573423,-0.63567275,-0.013144344,
475120452882,2,-0.012075037,-0.635793,-0.029043913,
475130493165,2,-0.031306177,-0.63595134,-0.044243634,
475140502931,2,-0.050243795,-0.636917,-0.05870551,
475150512697,2,-0.068326294,-0.638529,-0.0722287,
475160552980,2,-0.08508968,-0.6394548,-0.08544123,
475170593263,2,-0.091724336,-0.63918054,-0.08890551,
475180603029,2,-0.107492015,-0.634718,-0.105201334,
475190612794,2,-0.12358385,-0.62821865,-0.12327024,
475200653078,2,-0.1405204,-0.6207633,-0.14285928,
475210662843,2,-0.15824789,-0.61270994,-0.16409425,
475220672609,2,-0.17586358,-0.604656,-0.18568106,
475230682374,2,-0.19365253,-0.59636545,-0.2084848,
475240692140,2,-0.2089192,-0.5882314,-0.22978854,
475250701906,2,-0.22091505,-0.5801813,-0.24937889,
475260742189,2,-0.23213173,-0.5711991,-0.2705742,
475270751955,2,-0.24061222,-0.5621221,-0.28982657,
475280792238,2,-0.24782959,-0.55312985,-0.30724198,
475290802004,2,-0.25568113,-0.5434927,-0.32520026,
475300811769,2,-0.26337394,-0.5335064,-0.34279686,
475310852052,2,-0.2711969,-0.5235288,-0.3603366,
475320831300,2,-0.28091657,-0.5131078,-0.3796981,
475330871584,2,-0.2907285,-0.5031271,-0.39843354,
475340881349,2,-0.3003619,-0.49424118,-0.41576412,
475350921632,2,-0.30229962,-0.49083364,-0.42249498,
475360931398,2,-0.3022695,-0.48915204,-0.4283464,
475370941164,2,-0.3061755,-0.48560923,-0.4417666,
475380950929,2,-0.31055668,-0.48265955,-0.45643798,
475390960695,2,-0.314634,-0.480814,-0.4696378,
475401000978,2,-0.32007316,-0.47924405,-0.48140344,
475411041261,2,-0.32766813,-0.47722176,-0.49124166,
475421051027,2,-0.33775148,-0.47329554,-0.49963668,
475431060793,2,-0.34927267,-0.4664589,-0.50792927,
475441101076,2,-0.36055902,-0.45737255,-0.5167746,
475451110841,2,-0.37019444,-0.44778037,-0.5261885,
475461120607,2,-0.37791425,-0.43997422,-0.53561306,
475471130373,2,-0.38518777,-0.43390682,-0.5466979,
475481170656,2,-0.39080817,-0.43040332,-0.5566897,
475491149904,2,-0.3964388,-0.42782977,-0.5663171,
475501190187,2,-0.40188384,-0.4257072,-0.5748927,
475511199953,2,-0.40680593,-0.42318046,-0.5829147,
475521240236,2,-0.411621,-0.41919476,-0.59170234,
475531250002,2,-0.41522655,-0.4139678,-0.60099185,
475541290285,2,-0.4174889,-0.40729183,-0.6110643,
475551300050,2,-0.41832143,-0.39935845,-0.6216968,
475561309816,2,-0.41824412,-0.39043266,-0.6329091,
475571350099,2,-0.4173121,-0.3808148,-0.6444702,
475581359865,2,-0.4166054,-0.37062138,-0.6567098,
475591369630,2,-0.41655174,-0.36161625,-0.6678909,
475601379396,2,-0.41825432,-0.35448924,-0.677446,
475611389162,2,-0.42160684,-0.34982705,-0.6845473,
475621398927,2,-0.42668992,-0.34681058,-0.69016004,
475631439210,2,-0.43146324,-0.34660423,-0.69290376,
475641448976,2,-0.4374802,-0.34657317,-0.695408,
475651458742,2,-0.44398326,-0.34603906,-0.6979539,
475661529542,2,-0.4500187,-0.3450968,-0.70015115,
475671508790,2,-0.45608658,-0.34263024,-0.70279866,
475681518556,2,-0.46216226,-0.33851713,-0.7059071,
475691528322,2,-0.4695201,-0.3317642,-0.7101843,
475701599122,2,-0.47765285,-0.32424095,-0.7139353,
475711608888,2,-0.4864363,-0.31686318,-0.71686095,
475721618654,2,-0.49534607,-0.31071168,-0.71823883,
475731628419,2,-0.5049003,-0.30444044,-0.7191165,
475741638185,2,-0.514873,-0.29723427,-0.7200912,
475751678468,2,-0.52439034,-0.29068467,-0.7200712,
475761657716,2,-0.5344182,-0.283867,-0.71976817,
475771667482,2,-0.5437856,-0.27844602,-0.7188206,
475781707765,2,-0.5491842,-0.27624467,-0.7173952,
475791717531,2,-0.5505085,-0.2744972,-0.7177502,
475801788331,2,-0.54925287,-0.27469748,-0.7190109,
475811798097,2,-0.544616,-0.2767195,-0.7226083,
475821807863,2,-0.53360885,-0.28005445,-0.7300308,
475831817628,2,-0.51767963,-0.28266782,-0.74110544,
475841827394,2,-0.5006857,-0.28164616,-0.7542028,
475851837160,2,-0.48736694,-0.27582747,-0.7668251,
475861877443,2,-0.48113933,-0.26420122,-0.7777844,
475871887208,2,-0.47977212,-0.25089186,-0.78458387,
475881927492,2,-0.4824011,-0.2361228,-0.7885811,
475891937257,2,-0.4830483,-0.23105183,-0.78466284,
475901947023,2,-0.4831622,-0.22865888,-0.7797975,
475911987306,2,-0.4798663,-0.23075575,-0.7750846,
475921966554,2,-0.47321504,-0.23648053,-0.7721267,
475932006837,2,-0.46365273,-0.24715272,-0.768705,
475942047121,2,-0.45373845,-0.25870365,-0.7661109,
475952056886,2,-0.4437766,-0.2715133,-0.76247805,
475962066652,2,-0.43546736,-0.28452718,-0.7574505,
475972076417,2,-0.43012545,-0.29755148,-0.75059634,
475982086183,2,-0.42754984,-0.3099342,-0.7423658,
475992126466,2,-0.42637777,-0.32116765,-0.73364085,
476002136232,2,-0.42419204,-0.33316284,-0.7229192,
476012176515,2,-0.42220026,-0.34427562,-0.7120238,
476022186281,2,-0.42135188,-0.353619,-0.7022439,
476032196047,2,-0.42025656,-0.36279786,-0.6921586,
476042236330,2,-0.4186684,-0.37177998,-0.68203545,
476052246095,2,-0.41767135,-0.37982482,-0.67258054,
476062255861,2,-0.4172067,-0.38788182,-0.6630196,
476072265627,2,-0.41896752,-0.39452666,-0.6547886,
476082305910,2,-0.42148435,-0.40114266,-0.6461639,
476092315675,2,-0.4244572,-0.40704405,-0.63731635,
476102325441,2,-0.4282523,-0.4124079,-0.628809,
476112335207,2,-0.43320915,-0.4179133,-0.6213656,
476122375490,2,-0.43621576,-0.42429036,-0.6136413,
476132385255,2,-0.43761545,-0.42781055,-0.6087311,
476142425539,2,-0.43579164,-0.42972204,-0.60586524,
476152435304,2,-0.4299637,-0.4294909,-0.6062102,
476162445070,2,-0.42094934,-0.42750704,-0.6097534,
476172485353,2,-0.4117903,-0.42332518,-0.61549723,
476182495119,2,-0.4034595,-0.41820055,-0.6202777,
476192504884,2,-0.3984868,-0.41217783,-0.6229309,
476202514650,2,-0.3991946,-0.40510005,-0.6243086,
476212554933,2,-0.40404505,-0.398154,-0.6236552,
476222534181,2,-0.4109241,-0.39246568,-0.621626,
476232574464,2,-0.41688913,-0.3883732,-0.61844254,
