1396206243688762198,3,0.091171265,0.2644043,-0.17912292,
1396206243688762198,0,0.0793457,0.27236938,-0.17131042,-0.033721924,0.017578125,0.023834229,
1396206243708903800,3,0.079422,0.057724,-0.11663818,
1396206243708903800,0,0.067596436,0.06568909,-0.10882568,0.014343262,0.0821991,-0.029037476,
1396206243728984366,3,-0.04875183,-0.16818237,0.014205933,
1396206243728984366,0,-0.060577393,-0.16021729,0.022018433,0.016479492,0.03253174,-0.021026611,
1396206243749187003,3,-0.0466156,-0.14682007,0.08576965,
1396206243749187003,0,-0.058441162,-0.13885498,0.09358215,-0.044403076,-0.018737793,-7.324219E-4,
1396206243769877921,3,0.13549805,-0.05229187,0.08363342,
1396206243769877921,0,0.123672485,-0.044326782,0.09144592,-0.053482056,0.0031585693,0.019561768,
1396206243789561759,3,0.21453857,-0.0859375,0.021148682,
1396206243789561759,0,0.20271301,-0.07797241,0.028961182,-0.015029907,0.0154418945,0.024368286,
1396206243809642325,3,0.17555237,-0.08647156,-0.026916504,
1396206243809642325,0,0.1637268,-0.07850647,-0.019104004,0.012207031,0.002090454,0.014755249,
1396206243829783927,3,0.0340271,-0.07952881,-0.0370636,
1396206243829783927,0,0.022201538,-0.07156372,-0.029251099,0.031967163,0.009033203,0.0046081543,
1396206243849895011,3,-0.11871338,-0.09234619,-0.024780273,
1396206243849895011,0,-0.13053894,-0.0843811,-0.016967773,0.020217896,0.013305664,0.006210327,
1396206243870067130,3,-0.18173218,-0.08380127,-0.01676941,
1396206243870067130,0,-0.19355774,-0.07583618,-0.008956909,-0.013961792,-5.79834E-4,0.0067443848,
1396206243890208732,3,-0.13526917,-0.02772522,-0.015167236,
1396206243890208732,0,-0.14709473,-0.019760132,-0.0073547363,-0.031585693,-0.013931274,0.006210327,
1396206243910319816,3,-0.026855469,0.067871094,-0.015701294,
1396206243910319816,0,-0.03868103,0.07583618,-0.007888794,-0.042800903,-0.012329102,0.0099487305,
1396206243930430900,3,0.082092285,0.08602905,-0.015701294,
1396206243930430900,0,0.07026672,0.09399414,-0.007888794,-0.03211975,0.019714355,0.003540039,
1396206243950603019,3,0.11894226,0.020339966,0.0013885498,
1396206243950603019,0,0.1071167,0.028305054,0.00920105,-0.007019043,0.024520874,0.003540039,
1396206243970744620,3,0.068740845,-0.0031585693,0.023284912,
1396206243970744620,0,0.056915283,0.0048065186,0.031097412,0.0047302246,0.0031585693,0.0019378662,
1396206243990886222,3,0.013198853,0.042770386,0.047851563,
1396206243990886222,0,0.001373291,0.050735474,0.055664063,-0.002746582,-4.5776367E-5,-1.9836426E-4,
1396206244011058341,3,0.011062622,0.05718994,0.06921387,
1396206244011058341,0,-7.6293945E-4,0.06515503,0.07702637,-0.019836426,0.009033203,0.005142212,
1396206244031273744,3,0.036697388,0.048110962,0.06814575,
1396206244031273744,0,0.024871826,0.05607605,0.07595825,-0.01663208,0.010635376,0.009414673,
1396206244051415345,3,0.05378723,0.029418945,0.0574646,
1396206244051415345,0,0.04196167,0.037384033,0.0652771,-0.01663208,0.017578125,0.012619019,
1396206244071556947,3,0.06980896,-0.04107666,0.03930664,
1396206244071556947,0,0.0579834,-0.033111572,0.04711914,-0.013427734,0.026123047,0.012619019,
1396206244091698548,3,0.06820679,-0.080596924,0.02381897,
1396206244091698548,0,0.056381226,-0.072631836,0.03163147,-0.010757446,0.0058288574,0.013153076,
1396206244111840150,3,0.07675171,-0.040542603,8.544922E-4,
1396206244111840150,0,0.06492615,-0.032577515,0.008666992,-0.013961792,-0.007522583,0.015823364,
1396206244131981751,3,0.06820679,0.04170227,-0.014099121,
1396206244131981751,0,0.056381226,0.04966736,-0.006286621,-0.0064849854,-0.01499939,0.0072784424,
1396206244152123353,3,0.03883362,0.1031189,-0.006088257,
1396206244152123353,0,0.027008057,0.111083984,0.0017242432,-0.002746582,0.0015563965,0.0056762695,
1396206244172264954,3,-1.5258789E-4,0.11647034,3.2043457E-4,
1396206244172264954,0,-0.011978149,0.124435425,0.008132935,-0.0022125244,0.0084991455,0.0067443848,
1396206244192406556,3,-0.038604736,0.09938049,-0.015701294,
1396206244192406556,0,-0.050430298,0.10734558,-0.007888794,-0.0022125244,0.015975952,0.015289307,
1396206244212548158,3,-0.086135864,0.056655884,-0.03919983,
1396206244212548158,0,-0.097961426,0.06462097,-0.03138733,-6.1035156E-4,0.018112183,0.011016846,
1396206244232689759,3,-0.112838745,0.038497925,-0.04560852,
1396206244232689759,0,-0.12466431,0.046463013,-0.03779602,-0.011291504,0.0042266846,0.0078125,
1396206244252770326,3,-0.072784424,0.06947327,-0.035995483,
1396206244252770326,0,-0.084609985,0.077438354,-0.028182983,-0.03211975,-4.5776367E-5,0.0024719238,
1396206244272972962,3,0.017471313,0.092437744,-7.4768066E-4,
1396206244272972962,0,0.005645752,0.10040283,0.0070648193,-0.033721924,0.012237549,3.3569336E-4,
1396206244293114564,3,0.059127808,0.044906616,0.014205933,
1396206244293114564,0,0.047302246,0.052871704,0.022018433,-0.011291504,0.018112183,0.0067443848,
1396206244313256165,3,0.016937256,0.019805908,0.010467529,
1396206244313256165,0,0.0051116943,0.027770996,0.01828003,0.005264282,0.013305664,0.008346558,
1396206244333397767,3,-0.029525757,0.0043182373,0.0061950684,
1396206244333397767,0,-0.04135132,0.012283325,0.014007568,-0.008087158,0.010635376,0.008346558,
1396206244353478333,3,-0.040740967,-0.006362915,-0.0012817383,
1396206244353478333,0,-0.05256653,0.0016021729,0.0065307617,-0.0075531006,0.015975952,0.012619019,
1396206244373650453,3,-0.04928589,-0.031463623,-0.025848389,
1396206244373650453,0,-0.06111145,-0.023498535,-0.018035889,-0.015029907,0.012237549,0.013687134,
1396206244393792054,3,-0.037002563,-0.011703491,-0.06376648,
1396206244393792054,0,-0.048828125,-0.0037384033,-0.05595398,-0.01449585,-0.003250122,0.018493652,
1396206244413933656,3,-0.045013428,0.028884888,-0.096343994,
1396206244413933656,0,-0.05683899,0.036849976,-0.088531494,-0.0064849854,-0.0043182373,0.011550903,
1396206244434075257,3,-0.08934021,0.04597473,-0.09313965,
1396206244434075257,0,-0.10116577,0.05393982,-0.08532715,0.0036621094,0.009567261,0.0030059814,
1396206244454155824,3,-0.1448822,0.032089233,-0.06964111,
1396206244454155824,0,-0.15670776,0.04005432,-0.061828613,-0.0016784668,0.009567261,0.0019378662,
1396206244475151917,3,-0.1309967,0.023010254,-0.03919983,
1396206244475151917,0,-0.14282227,0.030975342,-0.03138733,-0.03692627,0.009033203,-0.005004883,
1396206244494500062,3,-0.07118225,0.018203735,-0.02104187,
1396206244494500062,0,-0.08300781,0.026168823,-0.01322937,-0.046539307,0.011703491,0.0024719238,
1396206244514641663,3,0.091171265,-0.030929565,0.009933472,
1396206244514641663,0,0.0793457,-0.022964478,0.017745972,-0.051879883,0.024520874,-0.0018005371,
1396206244534783265,3,0.21186829,-0.082733154,0.04624939,
1396206244534783265,0,0.20004272,-0.07476807,0.05406189,-0.029449463,0.013305664,0.0014038086,
1396206244554894349,3,0.16433716,-0.07044983,0.025421143,
1396206244554894349,0,0.1525116,-0.06248474,0.033233643,0.051193237,-0.006454468,0.032913208,
1396206244575096986,3,-0.03112793,5.79834E-4,-0.03012085,
1396206244575096986,0,-0.04295349,0.008544922,-0.02230835,0.028762817,-0.011260986,0.015823364,
1396206244595208070,3,-0.1235199,0.067337036,-0.04560852,
1396206244595208070,0,-0.13534546,0.075302124,-0.03779602,-0.007019043,-0.0021820068,0.0067443848,
1396206244615349671,3,-0.083999634,0.052383423,-0.02798462,
1396206244615349671,0,-0.095825195,0.06034851,-0.02017212,-0.03265381,0.02772522,-1.9836426E-4,
1396206244635491273,3,0.0062561035,-0.022384644,0.033966064,
1396206244635491273,0,-0.005569458,-0.014419556,0.041778564,-0.03211975,0.02772522,-0.009811401,
1396206244655602357,3,0.06500244,-0.11210632,0.09484863,
1396206244655602357,0,0.05317688,-0.104141235,0.10266113,-0.022506714,0.028793335,-0.008743286,
1396206244676690003,3,0.097579956,-0.16925049,0.15466309,
1396206244676690003,0,0.085754395,-0.1612854,0.16247559,-0.017700195,0.017578125,-0.0023345947,
1396206244695916078,3,0.09063721,-0.16764832,0.1733551,
1396206244695916078,0,0.078811646,-0.15968323,0.1811676,-0.0022125244,-0.0043182373,0.0078125,
1396206244716057679,3,0.03616333,-0.09661865,0.15840149,
1396206244716057679,0,0.024337769,-0.088653564,0.16621399,0.004196167,-0.011260986,0.014221191,
1396206244736168763,3,0.010528564,-0.064575195,0.11514282,
1396206244736168763,0,-0.0012969971,-0.056610107,0.12295532,-0.018234253,0.01864624,0.02116394,
1396206244756310365,3,0.09063721,-0.10676575,0.085235596,
1396206244756310365,0,0.078811646,-0.09880066,0.093048096,-0.04386902,0.023452759,0.011550903,
1396206244777367494,3,0.209198,-0.23921204,0.07722473,
1396206244777367494,0,0.19737244,-0.23124695,0.08503723,-0.037460327,0.05870056,0.0067443848,
1396206244796593568,3,0.29464722,-0.4373474,0.060134888,
1396206244796593568,0,0.28282166,-0.42938232,0.06794739,-0.028915405,0.04321289,0.019561768,
1396206244816765687,3,0.30960083,-0.41758728,-0.019973755,
1396206244816765687,0,0.29777527,-0.4096222,-0.012161255,9.918213E-4,-0.040634155,0.03237915,
1396206244836907288,3,0.17715454,-0.06297302,-0.09100342,
1396206244836907288,0,0.16532898,-0.055007935,-0.08319092,0.03730774,-0.103652954,0.017959595,
1396206244857018372,3,-0.007095337,0.19978333,-0.10328674,
1396206244857018372,0,-0.018920898,0.20774841,-0.09547424,0.027160645,-0.0021820068,0.003540039,
1396206244878075501,3,-0.103759766,0.13943481,-0.09687805,
1396206244878075501,0,-0.11558533,0.1473999,-0.08906555,-7.6293945E-5,0.04534912,0.011016846,
1396206244897332093,3,-0.08506775,0.031021118,-0.11236572,
1396206244937615296,3,0.30319214,0.029953003,-0.14120483,
1396206244937615296,0,0.29136658,0.03791809,-0.13339233,-0.049209595,-0.010726929,-0.007675171,
1396206244957726380,3,0.34484863,0.105789185,-0.06803894,
1396206244957726380,0,0.33302307,0.11375427,-0.06022644,0.004196167,0.002090454,-0.012481689,
1396206244978661439,3,0.19371033,0.058258057,-0.007156372,
1396206244978661439,0,0.18188477,0.066223145,6.5612793E-4,0.045318604,0.03894043,-0.0039367676,
1396206244998070619,3,-0.050354004,-0.09074402,0.06654358,
1396206244998070619,0,-0.062179565,-0.08277893,0.07435608,0.04371643,0.04374695,-0.01461792,
1396206245018212220,3,-0.15022278,-0.17939758,0.08256531,
1396206245018212220,0,-0.16204834,-0.1714325,0.09037781,-0.01663208,0.011703491,0.022766113,
1396206245038353822,3,-0.051956177,-0.11424255,-2.1362305E-4,
1396206245038353822,0,-0.06378174,-0.106277466,0.007598877,-0.050811768,-0.024612427,0.032913208,
1396206245058495423,3,0.084228516,-0.009567261,-0.100616455,
1396206245058495423,0,0.072402954,-0.0016021729,-0.092803955,-0.03211975,-0.0043182373,0.032913208,
1396206245079247376,3,0.07034302,0.017669678,-0.19514465,
1396206245079247376,0,0.058517456,0.025634766,-0.18733215,0.009536743,0.0068969727,0.03024292,
1396206245098778626,3,-0.010299683,0.013397217,-0.24588013,
1396206245098778626,0,-0.022125244,0.021362305,-0.23806763,0.0015258789,0.009033203,0.006210327,
1396206245118889710,3,-0.027389526,5.79834E-4,-0.19995117,
1396206245118889710,0,-0.039215088,0.008544922,-0.19213867,-0.013427734,0.012237549,-0.008743286,
1396206245139061829,3,-0.033798218,-0.02078247,-0.13800049,
1396206245139061829,0,-0.04562378,-0.012817383,-0.13018799,-0.0048828125,0.01651001,-0.0055389404,
1396206245159203431,3,-0.08560181,-0.055496216,-0.09100342,
1396206245159203431,0,-0.09742737,-0.047531128,-0.08319092,0.008468628,0.014907837,-0.0012664795,
1396206245179955384,3,-0.1977539,-0.099823,-0.046142578,
1396206245179955384,0,-0.20957947,-0.09185791,-0.038330078,0.018081665,0.025054932,-0.004470825,
1396206245199517152,3,-0.24154663,-0.16070557,-0.022644043,
1396206245199517152,0,-0.2533722,-0.15274048,-0.014831543,-0.02571106,0.011169434,0.009414673,
1396206245219597718,3,-0.11016846,-0.087005615,-0.05895996,
1396206245219597718,0,-0.12199402,-0.07904053,-0.05114746,-0.057754517,-0.0262146,0.022232056,
1396206245239769837,3,0.084228516,0.011260986,-0.100616455,
1396206245239769837,0,0.072402954,0.019226074,-0.092803955,-0.060958862,-0.0016479492,0.014755249,
1396206245259880921,3,0.23910522,-0.022918701,-0.12251282,
1396206245259880921,0,0.22727966,-0.014953613,-0.11470032,-0.037460327,0.027191162,0.011016846,
1396206245280480287,3,0.27542114,-0.08540344,-0.10862732,
1396206245280480287,0,0.26359558,-0.077438354,-0.10081482,-0.008621216,0.019180298,0.0014038086,
1396206245300164124,3,0.2508545,-0.13774109,-0.08085632,
1396206245300164124,0,0.23902893,-0.129776,-0.07304382,-0.0032806396,0.019180298,-7.324219E-4,
1396206245320305726,3,0.17608643,-0.13827515,-0.06109619,
1396206245320305726,0,0.16426086,-0.13031006,-0.05328369,0.01701355,-0.0016479492,0.011550903,
1396206245340416810,3,0.07675171,-0.07899475,-0.09580994,
1396206245340416810,0,0.06492615,-0.07102966,-0.08799744,0.0031280518,-0.011795044,0.015289307,
1396206245360588929,3,0.075149536,-0.014907837,-0.08566284,
1396206245360588929,0,0.063323975,-0.006942749,-0.07785034,-0.020904541,-0.0021820068,-0.0023345947,
1396206245381371400,3,0.08850098,-0.03199768,-0.03012085,
1396206245381371400,0,0.076675415,-0.024032593,-0.02230835,-0.00541687,0.022384644,-0.007675171,
1396206245400872132,3,0.016403198,-0.09020996,0.01687622,
1396206245400872132,0,0.0045776367,-0.08224487,0.02468872,0.016479492,0.026123047,8.69751E-4,
1396206245421013734,3,-0.09628296,-0.1703186,0.040908813,
1396206245421013734,0,-0.10810852,-0.16235352,0.048721313,0.010604858,0.025054932,-7.324219E-4,
1396206245441185853,3,-0.13366699,-0.19755554,0.05479431,
1396206245441185853,0,-0.14549255,-0.18959045,0.06260681,-0.016098022,-4.5776367E-5,0.0099487305,
1396206245461327454,3,-0.07545471,-0.12973022,0.040374756,
1396206245461327454,0,-0.08728027,-0.12176514,0.048187256,-0.033721924,-0.015533447,0.009414673,
1396206245482048890,3,0.028686523,-0.051757813,0.006729126,
1396206245482048890,0,0.016860962,-0.043792725,0.014541626,-0.040664673,-0.00592041,0.022766113,
1396206245501610658,3,0.124816895,-0.009033203,-0.026916504,
1396206245501610658,0,0.11299133,-0.0010681152,-0.019104004,-0.02998352,-0.0016479492,0.006210327,
1396206245521752259,3,0.17608643,0.014465332,0.020614624,
1396206245521752259,0,0.16426086,0.02243042,0.028427124,-0.020370483,0.007965088,-0.012481689,
1396206245541893861,3,0.22735596,0.0016479492,0.11407471,
1396206245541893861,0,0.2155304,0.009613037,0.12188721,-0.028915405,0.014373779,-0.015151978,
1396206245562035462,3,0.29411316,0.010192871,0.19204712,
1396206245562035462,0,0.2822876,0.018157959,0.19985962,-0.026245117,-0.0037841797,-0.004470825,
1396206245582817933,3,0.34378052,0.014465332,0.19578552,
1396206245582817933,0,0.33195496,0.02243042,0.20359802,-0.021438599,0.02078247,0.019561768,
1396206245602379701,3,0.33737183,-0.04748535,0.1242218,
1396206245602379701,0,0.32554626,-0.039520264,0.1320343,0.008468628,0.019714355,0.029174805,
1396206245622606846,3,0.15525818,-0.059768677,0.05265808,
1396206245622606846,0,0.14343262,-0.05180359,0.06047058,0.05493164,0.0010223389,0.022766113,
1396206245642748448,3,-0.09094238,0.021408081,0.030227661,
1396206245642748448,0,-0.102767944,0.029373169,0.03804016,0.03517151,-0.023544312,0.0046081543,
1396206245662859532,3,-0.17532349,0.1485138,0.074020386,
1396206245662859532,0,-0.18714905,0.15647888,0.081832886,-0.016098022,-0.013931274,-0.011413574,
1396206245683519932,3,-0.09895325,0.123413086,0.18937683,
1396206245683519932,0,-0.11077881,0.13137817,0.19718933,-0.04119873,0.04321289,-0.027435303,
1396206245703142735,3,0.01586914,-0.049087524,0.2919159,
1396206245703142735,0,0.004043579,-0.041122437,0.2997284,-0.042800903,0.04801941,-0.0071411133,
1396206245723284336,3,0.15205383,-0.18847656,0.29885864,
1396206245723284336,0,0.14022827,-0.18051147,0.30667114,-0.046539307,0.0368042,0.017959595,
1396206245743425938,3,0.25032043,-0.21838379,0.24171448,
1396206245743425938,0,0.23849487,-0.2104187,0.24952698,-0.021972656,-0.010192871,0.023834229,
1396206245763567539,3,0.2342987,-0.06510925,0.17602539,
1396206245763567539,0,0.22247314,-0.057144165,0.18383789,0.0047302246,-0.044906616,0.024368286,
1396206245784319492,3,0.1360321,0.17147827,0.09378052,
1396206245784319492,0,0.12420654,0.17944336,0.10159302,0.023956299,-0.070007324,0.0393219,
1396206245803820225,3,0.10932922,0.25852966,0.058532715,
1396206245803820225,0,0.09750366,0.26649475,0.066345215,-0.020904541,-0.0011138916,0.011550903,
1396206245823992344,3,0.21240234,0.16400146,0.10606384,
1396206245823992344,0,0.20057678,0.17196655,0.11387634,-0.049209595,0.058166504,-0.01889038,
1396206245844133946,3,0.33737183,-0.023986816,0.2224884,
1396206245844133946,0,0.32554626,-0.016021729,0.2303009,-0.033187866,0.040008545,-0.01675415,
1396206245864275547,3,0.3314972,-0.02558899,0.2262268,
1396206245864275547,0,0.31967163,-0.017623901,0.2340393,0.02609253,-0.028884888,0.0393219,
1396206245884447666,3,0.17501831,0.08602905,0.099121094,
1396206245884447666,0,0.16319275,0.09399414,0.106933594,0.031967163,-0.016601563,0.0393219,
1396206245904558750,3,0.018005371,0.12982178,-0.010360718,
1396206245904558750,0,0.0061798096,0.13778687,-0.0025482178,0.01701355,0.014373779,0.02810669,
1396206245924700352,3,-0.052490234,0.07107544,-0.024780273,
1396206245924700352,0,-0.064315796,0.07904053,-0.016967773,-0.0022125244,0.023986816,-1.9836426E-4,
1396206245944811436,3,-0.05836487,-0.0026245117,-0.013031006,
1396206245944811436,0,-0.07019043,0.005340576,-0.005218506,-0.017700195,0.030395508,0.011550903,
1396206245965014073,3,-0.03112793,-0.064575195,-0.055221558,
1396206245965014073,0,-0.04295349,-0.056610107,-0.047409058,-0.017166138,0.014373779,0.022766113,
1396206245985155674,3,-0.046081543,-0.021850586,-0.10809326,
1396206245985155674,0,-0.057907104,-0.013885498,-0.10028076,0.0074005127,-0.016601563,0.01689148,
1396206246005297276,3,-0.17959595,0.092437744,-0.1315918,
1396206246005297276,0,-0.19142151,0.10040283,-0.1237793,0.028762817,-0.019805908,0.011550903,
1396206246025438877,3,-0.29708862,0.13783264,-0.12678528,
1396206246025438877,0,-0.30891418,0.14579773,-0.11897278,0.0031280518,0.012771606,3.3569336E-4,
1396206246045580479,3,-0.26557922,0.09564209,-0.08566284,
1396206246045580479,0,-0.2774048,0.10360718,-0.07785034,-0.044403076,0.022918701,-0.0023345947,
1396206246065722080,3,-0.07545471,0.019805908,-0.026916504,
1396206246065722080,0,-0.08728027,0.027770996,-0.019104004,-0.06576538,0.025054932,-0.010879517,
1396206246085802647,3,0.07888794,0.01499939,0.017410278,
1396206246085802647,0,0.06706238,0.022964478,0.025222778,-0.02998352,-0.006454468,0.0078125,
1396206246106005283,3,0.062332153,0.103652954,-0.028518677,
1396206246106005283,0,0.05050659,0.11161804,-0.020706177,0.015411377,-0.022476196,0.029174805,
1396206246126116367,3,-0.10215759,0.18963623,-0.11503601,
1396206246126116367,0,-0.113983154,0.19760132,-0.10722351,0.037841797,-0.0037841797,0.025970459,
1396206246146288487,3,-0.2773285,0.19657898,-0.13372803,
1396206246146288487,0,-0.28915405,0.20454407,-0.12591553,0.021820068,0.014907837,-0.0055389404,
1396206246166430088,3,-0.32539368,0.10151672,-0.035461426,
1396206246166430088,0,-0.33721924,0.10948181,-0.027648926,-0.023040771,0.05015564,-0.03010559,
1396206246226793858,3,-0.021514893,-0.22799683,0.12528992,
1396206246246996494,3,-0.045013428,-0.02986145,0.018478394,
1396206246246996494,0,-0.05683899,-0.021896362,0.026290894,-7.6293945E-5,-0.03956604,0.03665161,
1396206246267138096,3,-0.08239746,0.09083557,-0.040802002,
1396206246267138096,0,-0.09422302,0.09880066,-0.032989502,-0.009689331,-4.5776367E-5,0.0072784424,
1396206246287340733,3,-0.037002563,0.016601563,0.007797241,
1396206246287340733,0,-0.048828125,0.02456665,0.015609741,-0.033721924,0.049621582,-0.012481689,
1396206246307421299,3,0.07461548,-0.10783386,0.08683777,
1396206246307421299,0,0.06278992,-0.099868774,0.09465027,-0.04386902,0.02558899,-0.0039367676,
1396206246327562901,3,0.18623352,-0.13240051,0.08843994,
1396206246327562901,0,0.17440796,-0.124435425,0.09625244,-0.03265381,0.0042266846,0.013687134,
1396206246347704502,3,0.21240234,-0.08113098,0.047317505,
1396206246347704502,0,0.20057678,-0.07316589,0.055130005,-0.0032806396,-0.008590698,0.022766113,
1396206246367846104,3,0.14778137,-0.0154418945,-0.0039520264,
1396206246367846104,0,0.13595581,-0.0074768066,0.0038604736,0.009002686,-0.004852295,0.019561768,
1396206246388018223,3,0.075149536,0.05078125,-0.033325195,
1396206246388018223,0,0.063323975,0.058746338,-0.025512695,0.0025939941,-0.016601563,0.012619019,
1396206246408098789,3,0.046844482,0.17788696,-0.05895996,
1396206246408098789,0,0.03501892,0.18585205,-0.05114746,-0.010757446,-0.0262146,0.015823364,
1396206246428313658,3,0.055389404,0.26226807,-0.09207153,
1396206246428313658,0,0.043563843,0.27023315,-0.08425903,-0.013961792,0.0015563965,0.012619019,
1396206246448455259,3,0.056991577,0.20405579,-0.058425903,
1396206246448455259,0,0.045166016,0.21202087,-0.050613403,-0.010223389,0.04588318,-0.01889038,
1396206246468596861,3,0.0340271,0.036895752,0.06814575,
1396206246468596861,0,0.022201538,0.04486084,0.07595825,9.918213E-4,0.04107666,-0.018356323,
1396206246489562437,3,-0.081329346,0.012329102,0.105529785,
1396206246489562437,0,-0.09315491,0.02029419,0.113342285,0.029830933,-0.012329102,0.012619019,
1396206246508849547,3,-0.21751404,0.19070435,0.02381897,
1396206246508849547,0,-0.2293396,0.19866943,0.03163147,0.006866455,-0.051849365,0.043060303,
1396206246529021666,3,-0.27198792,0.36694336,-0.11343384,
1396206246529021666,0,-0.28381348,0.37490845,-0.10562134,0.0015258789,-0.021942139,0.032913208,
1396206246549163267,3,-0.3339386,0.37922668,-0.11343384,
1396206246549163267,0,-0.34576416,0.38719177,-0.10562134,4.5776367E-4,0.041610718,-0.014083862,
1396206246569335386,3,-0.28694153,0.09724426,-0.0034179688,
1396206246569335386,0,-0.2987671,0.10520935,0.0043945313,-0.054016113,0.10890198,-0.020492554,
1396206246589538023,3,-0.054092407,-0.25737,0.07081604,
1396206246589538023,0,-0.06591797,-0.2494049,0.07862854,-0.07537842,0.06724548,-0.0028686523,
1396206246609618590,3,0.16273499,-0.34335327,0.08683777,
1396206246609618590,0,0.15090942,-0.33538818,0.09465027,-0.054016113,-0.008056641,0.0099487305,
1396206246629851744,3,0.21400452,-0.15109253,0.037704468,
1396206246629851744,0,0.20217896,-0.14312744,0.045516968,0.00793457,-0.05718994,0.03451538,
1396206246649901793,3,0.056991577,0.04650879,-0.10221863,
1396206246649901793,0,0.045166016,0.054473877,-0.09440613,0.03463745,-0.02407837,0.04840088,
1396206246670012877,3,-0.09147644,0.08602905,-0.24427795,
1396206246670012877,0,-0.103302,0.09399414,-0.23646545,0.016479492,0.014373779,0.03451538,
1396206246690978453,3,-0.16090393,0.02835083,-0.27738953,
1396206246690978453,0,-0.17272949,0.036315918,-0.26957703,-0.0059509277,0.022918701,-7.324219E-4,
1396206246710235045,3,-0.15930176,-0.03199768,-0.19995117,
1396206246710235045,0,-0.17112732,-0.024032593,-0.19213867,-0.016098022,0.022384644,-0.021560669,
1396206246730834410,3,-0.14434814,-0.11050415,-0.09794617,
1396206246730834410,0,-0.1561737,-0.10253906,-0.09013367,-0.015029907,0.030395508,-0.010345459,
1396206246750579283,3,-0.12939453,-0.08113098,-0.066970825,
1396206246750579283,0,-0.1412201,-0.07316589,-0.059158325,-0.018234253,-0.024612427,0.0078125,
1396206246770690367,3,-0.056228638,0.027816772,-0.07765198,
1396206246770690367,0,-0.0680542,0.03578186,-0.06983948,-0.040130615,-0.008590698,0.0099487305,
1396206246790954039,3,0.046844482,0.0096588135,-0.07711792,
1396206246790954039,0,0.03501892,0.017623901,-0.06930542,-0.02998352,0.033065796,0.006210327,
1396206246810973570,3,0.0655365,-0.103027344,-0.064834595,
1396206246810973570,0,0.053710938,-0.095062256,-0.057022095,-0.0059509277,0.035736084,0.0046081543,
1396206246831603453,3,0.06500244,-0.18580627,-0.057357788,
1396206246831603453,0,0.05317688,-0.17784119,-0.049545288,-0.024642944,0.019180298,0.0056762695,
1396206246851317808,3,0.14083862,-0.23280334,-0.06964111,
1396206246851317808,0,0.12901306,-0.22483826,-0.061828613,-0.02998352,0.015975952,0.012619019,
1396206246871459410,3,0.15899658,-0.20877075,-0.096343994,
1396206246871459410,0,0.14717102,-0.20080566,-0.088531494,-7.6293945E-5,-0.009124756,0.014755249,
1396206246891601011,3,0.055923462,-0.17993164,-0.10595703,
1396206246891601011,0,0.0440979,-0.17196655,-0.09814453,0.023956299,0.012237549,0.0072784424,
1396206246911681578,3,-0.05836487,-0.20610046,-0.109695435,
1396206246911681578,0,-0.07019043,-0.19813538,-0.101882935,0.009002686,0.015975952,0.011016846,
1396206246932189390,3,-0.09307861,-0.21304321,-0.107559204,
1396206246932189390,0,-0.104904175,-0.20507813,-0.099746704,-0.015029907,0.009033203,0.0056762695,
1396206246951995299,3,-0.043945313,-0.23387146,-0.082458496,
1396206246951995299,0,-0.055770874,-0.22590637,-0.074645996,-0.031051636,0.011703491,-0.004470825,
1396206246972136900,3,0.035629272,-0.24508667,-0.008758545,
1396206246972136900,0,0.023803711,-0.23712158,-9.460449E-4,-0.033721924,-0.0027160645,-0.017288208,
1396206246992278502,3,0.13015747,-0.15055847,0.07722473,
1396206246992278502,0,0.11833191,-0.14259338,0.08503723,-0.035324097,-0.01713562,-0.0039367676,
1396206247012389586,3,0.18035889,-0.09234619,0.07989502,
1396206247012389586,0,0.16853333,-0.0843811,0.08770752,-0.009689331,0.010101318,0.017959595,
1396206247032805845,3,0.14083862,-0.1211853,0.02168274,
1396206247032805845,0,0.12901306,-0.113220215,0.02949524,0.004196167,0.019714355,0.021697998,
1396206247052672789,3,0.08956909,-0.14682007,0.019546509,
1396206247052672789,0,0.07774353,-0.13885498,0.027359009,-0.008621216,0.0154418945,-0.0039367676,
1396206247072875425,3,0.13336182,-0.17512512,0.0750885,
1396206247072875425,0,0.121536255,-0.16716003,0.082901,-0.033187866,0.012771606,-0.0039367676,
1396206247093017027,3,0.23162842,-0.12973022,0.076156616,
1396206247093017027,0,0.21980286,-0.12176514,0.083969116,-0.037460327,-0.019805908,0.019561768,
1396206247113097593,3,0.3101349,-0.0052948,0.024887085,
1396206247113097593,0,0.29830933,0.002670288,0.032699585,-0.021972656,-0.021408081,0.019561768,
1396206247133513853,3,0.27809143,0.15278625,0.002456665,
1396206247133513853,0,0.26626587,0.16075134,0.010269165,0.018615723,-0.058792114,0.0046081543,
1396206247153441832,3,0.22735596,0.23609924,0.019012451,
1396206247153441832,0,0.2155304,0.24406433,0.026824951,0.008468628,-0.008590698,-0.0055389404,
1396206247173552916,3,0.07835388,0.15332031,0.19631958,
1396206247173552916,0,0.06652832,0.1612854,0.20413208,0.015411377,0.044281006,-0.03010559,
1396206247193725035,3,-0.012435913,0.050247192,0.2817688,
1396206247193725035,0,-0.024261475,0.05821228,0.2895813,0.00793457,0.021316528,0.005142212,
1396206247213836119,3,-0.08453369,0.021408081,0.24438477,
1396206247213836119,0,-0.09635925,0.029373169,0.25219727,0.0020599365,0.012771606,0.026504517,
1396206247234221861,3,-0.07171631,0.029418945,0.14718628,
1396206247234221861,0,-0.08354187,0.037384033,0.15499878,-0.03211975,-0.004852295,0.03504944,
1396206247254149840,3,0.055389404,0.09403992,0.05105591,
1396206247254149840,0,0.043563843,0.102005005,0.05886841,-0.0566864,-0.013931274,0.022232056,
1396206247274291441,3,0.2898407,0.1875,0.036102295,
1396206247274291441,0,0.27801514,0.19546509,0.043914795,-0.08178711,-0.012329102,0.0040740967,
1396206247294433043,3,0.5381775,0.21046448,0.060668945,
1396206247294433043,0,0.5263519,0.21842957,0.068481445,-0.057754517,0.021316528,0.0019378662,
1396206247314513609,3,0.5937195,0.06893921,0.06333923,
1396206247314513609,0,0.5818939,0.0769043,0.07115173,0.005264282,0.062438965,0.013153076,
1396206247334990904,3,0.41053772,-0.10623169,0.045181274,
1396206247334990904,0,0.39871216,-0.0982666,0.052993774,0.060272217,0.037872314,0.011016846,
1396206247354857847,3,0.07835388,-0.17298889,8.544922E-4,
1396206247354857847,0,0.06652832,-0.1650238,0.008666992,0.07736206,0.0084991455,0.026504517,
1396206247374999449,3,-0.25756836,-0.13613892,-0.08352661,
1396206247374999449,0,-0.26939392,-0.12817383,-0.07571411,0.067214966,-0.008056641,0.026504517,
1396206247395141050,3,-0.550766,-0.11904907,-0.11450195,
1396206247395141050,0,-0.56259155,-0.111083984,-0.10668945,0.053863525,0.01651001,0.0040740967,
1396206247415252134,3,-0.73287964,-0.14735413,-0.089401245,
1396206247415252134,0,-0.7447052,-0.13938904,-0.081588745,0.009536743,0.0084991455,0.0014038086,
1396206247435363218,3,-0.6826782,-0.111572266,-0.07017517,
1396206247435363218,0,-0.6945038,-0.10360718,-0.06236267,-0.05882263,-0.015533447,0.0024719238,
1396206247455535338,3,-0.393219,0.018203735,-0.047210693,
1396206247455535338,0,-0.40504456,0.026168823,-0.039398193,-0.10261536,-0.024612427,-0.00340271,
1396206247475676939,3,-0.067977905,0.1383667,0.004058838,
1396206247536040709,3,0.122680664,-0.042144775,-0.07978821,
1396206247536040709,0,0.1108551,-0.034179688,-0.07197571,0.026626587,0.05496216,0.0046081543,
1396206247556243345,3,-0.05088806,-0.17192078,-0.062698364,
1396206247556243345,0,-0.06271362,-0.16395569,-0.054885864,0.03250122,0.018112183,0.0056762695,
1396206247576384947,3,-0.19935608,-0.13774109,-0.057357788,
1396206247576384947,0,-0.21118164,-0.129776,-0.049545288,0.0132751465,-0.010726929,0.003540039,
1396206247596526549,3,-0.20736694,-0.087005615,-0.05682373,
1396206247596526549,0,-0.2191925,-0.07904053,-0.04901123,-0.033187866,0.009033203,0.014755249,
1396206247616668150,3,-0.079193115,-0.10836792,-0.09420776,
1396206247616668150,0,-0.09101868,-0.10040283,-0.08639526,-0.04814148,0.014373779,0.015823364,
1396206247636840269,3,0.019073486,-0.11210632,-0.09901428,
1396206247636840269,0,0.007247925,-0.104141235,-0.09120178,-0.022506714,0.0010223389,0.0014038086,
1396206247656981871,3,0.021209717,-0.051223755,-0.055755615,
1396206247656981871,0,0.009384155,-0.043258667,-0.047943115,-0.00541687,-0.016067505,-0.0055389404,
1396206247677123472,3,0.006790161,0.018203735,-0.017303467,
1396206247677123472,0,-0.0050354004,0.026168823,-0.009490967,-0.01449585,-0.0043182373,0.0019378662,
1396206247697234556,3,0.044174194,0.013397217,-0.008224487,
1396206247697234556,0,0.032348633,0.021362305,-4.119873E-4,-0.025177002,0.021850586,0.0046081543,
1396206247717376158,3,0.11680603,-0.051223755,0.019546509,
1396206247717376158,0,0.10498047,-0.043258667,0.027359009,-0.03692627,0.024520874,0.0024719238,
1396206247737517759,3,0.20118713,-0.111572266,0.057998657,
1396206247737517759,0,0.18936157,-0.10360718,0.06581116,-0.021972656,0.013305664,-0.009277344,
1396206247757659361,3,0.19317627,-0.07044983,0.13169861,
1396206247757659361,0,0.18135071,-0.06248474,0.13951111,-0.0011444092,-0.016067505,-0.006072998,
1396206247777800963,3,0.14297485,0.0053863525,0.15252686,
1396206247777800963,0,0.13114929,0.01335144,0.16033936,9.918213E-4,0.002090454,0.011550903,
1396206247798827574,3,0.13549805,-4.8828125E-4,0.0927124,
1396206247798827574,0,0.123672485,0.0074768066,0.1005249,-0.024642944,0.017578125,0.030776978,
1396206247818084166,3,0.236969,-0.05015564,0.035568237,
1396206247818084166,0,0.22514343,-0.04219055,0.043380737,-0.04600525,0.017044067,0.012084961,
1396206247838195250,3,0.36994934,-0.05229187,0.038238525,
1396206247838195250,0,0.35812378,-0.044326782,0.046051025,-0.037994385,-0.0011138916,0.006210327,
1396206247858367369,3,0.3704834,-0.018112183,0.04624939,
1396206247858367369,0,0.35865784,-0.010147095,0.05406189,0.012741089,0.0010223389,0.0046081543,
1396206247878508970,3,0.236969,-0.0068969727,0.058532715,
1396206247878508970,0,0.22514343,0.0010681152,0.066345215,0.025558472,0.007965088,0.0040740967,
1396206247898681090,3,0.09651184,-0.02986145,0.07989502,
1396206247898681090,0,0.08468628,-0.021896362,0.08770752,0.022888184,0.019180298,-1.9836426E-4,
1396206247918761656,3,-0.024719238,-0.10409546,0.14451599,
1396206247918761656,0,-0.0365448,-0.09613037,0.15232849,0.010604858,0.031463623,-0.013549805,
1396206247938903258,3,-0.07118225,-0.1842041,0.21394348,
1396206247938903258,0,-0.08300781,-0.17623901,0.22175598,-0.012359619,0.026123047,-0.006072998,
1396206247959075377,3,-0.018310547,-0.22479248,0.23423767,
1396206247959075377,0,-0.030136108,-0.2168274,0.24205017,-0.035324097,0.003692627,0.014221191,
1396206247979216978,3,0.064468384,-0.16070557,0.17442322,
1396206247979216978,0,0.052642822,-0.15274048,0.18223572,-0.023040771,-0.010192871,0.02810669,
1396206248000213072,3,0.0062561035,-0.08807373,0.08042908,
1396206248000213072,0,-0.005569458,-0.08010864,0.08824158,0.029830933,-0.010192871,0.035583496,
1396206248019500181,3,-0.19187927,-0.029327393,-0.031723022,
1396206248019500181,0,-0.20370483,-0.021362305,-0.023910522,0.03250122,-0.004852295,0.031311035,
1396206248039758440,3,-0.2431488,-0.012237549,-0.091537476,
1396206248039758440,0,-0.25497437,-0.004272461,-0.083724976,-0.033721924,0.013305664,0.015289307,
1396206248059930559,3,-0.045013428,-0.044815063,-0.09100342,
1396206248059930559,0,-0.05683899,-0.036849976,-0.08319092,-0.08018494,0.019180298,8.69751E-4,
1396206248080072161,3,0.17555237,-0.084869385,-0.08352661,
1396206248080072161,0,0.1637268,-0.0769043,-0.07571411,-0.044403076,0.013305664,0.013687134,
1396206248101068255,3,0.20172119,-0.05496216,-0.12678528,
1396206248101068255,0,0.18989563,-0.04699707,-0.11897278,0.0031280518,-0.008056641,0.023834229,
1396206248120355364,3,0.07621765,-0.018112183,-0.18232727,
1396206248120355364,0,0.06439209,-0.010147095,-0.17451477,0.03250122,0.0042266846,0.017425537,
1396206248140466448,3,-0.07865906,-0.023986816,-0.19407654,
1396206248140466448,0,-0.09048462,-0.016021729,-0.18626404,0.016479492,0.013305664,0.003540039,
1396206248160638567,3,-0.12084961,-0.06350708,-0.1593628,
1396206248160638567,0,-0.13267517,-0.055541992,-0.1515503,-0.019302368,0.021850586,-0.0066070557,
1396206248180810686,3,-0.031661987,-0.11958313,-0.089401245,
1396206248180810686,0,-0.04348755,-0.11161804,-0.081588745,-0.044403076,0.021316528,-0.011413574,
1396206248200952288,3,0.0692749,-0.10997009,-0.037597656,
1396206248200952288,0,0.05744934,-0.102005005,-0.029785156,-0.024642944,-0.006454468,0.005142212,
1396206248221093890,3,0.04257202,-0.04534912,-0.07337952,
1396206248221093890,0,0.03074646,-0.037384033,-0.06556702,0.012741089,-0.011260986,0.024902344,
1396206248241174456,3,-0.097351074,0.011795044,-0.15028381,
1396206248241174456,0,-0.109176636,0.019760132,-0.14247131,0.027694702,-4.5776367E-5,0.024902344,
1396206248261346575,3,-0.20469666,0.011795044,-0.16149902,
1396206248261346575,0,-0.21652222,0.019760132,-0.15368652,-6.1035156E-4,0.015975952,-0.0055389404,
1396206248281488177,3,-0.17318726,-0.011703491,-0.055221558,
1396206248281488177,0,-0.18501282,-0.0037384033,-0.047409058,-0.039596558,0.011703491,-0.025299072,
1396206248301660296,3,-0.014038086,-0.023452759,0.045181274,
1396206248301660296,0,-0.025863647,-0.015487671,0.052993774,-0.055618286,0.011703491,-0.009277344,
1396206248321771380,3,0.1285553,-0.021850586,0.08042908,
1396206248321771380,0,0.11672974,-0.013885498,0.08824158,-0.03692627,0.003692627,0.0067443848,
1396206248341882464,3,0.19371033,-0.0154418945,0.07241821,
1396206248341882464,0,0.18188477,-0.0074768066,0.08023071,-0.020904541,0.010101318,0.011550903,
1396206248362054583,3,0.18356323,0.02835083,0.045181274,
1396206248362054583,0,0.17173767,0.036315918,0.052993774,0.004196167,-0.008056641,0.018493652,
1396206248382165667,3,0.04043579,0.159729,-0.009292603,
1396206248382165667,0,0.02861023,0.16769409,-0.0014801025,-0.0118255615,0.007965088,0.0078125,
1396206248403161761,3,-0.033798218,0.16453552,-0.060562134,
1396206248403161761,0,-0.04562378,0.17250061,-0.052749634,0.00793457,0.03199768,0.023834229,
1396206248422509905,3,-0.057296753,0.121276855,-0.07070923,
1396206248422509905,0,-0.069122314,0.12924194,-0.06289673,-0.008087158,0.027191162,0.0019378662,
1396206248442620989,3,-0.065841675,0.06359863,-0.026382446,
1396206248442620989,0,-0.07766724,0.07156372,-0.018569946,-0.011291504,0.007965088,-0.0071411133,
1396206248462793108,3,-0.018844604,0.1800232,0.026489258,
1396206248462793108,0,-0.030670166,0.18798828,0.034301758,-0.040130615,-0.043304443,-0.0023345947,
1396206248482934710,3,0.20225525,0.35092163,0.14237976,
1396206248482934710,0,0.19042969,0.35888672,0.15019226,-0.042266846,0.014373779,-0.026367188,
1396206248503076311,3,0.2962494,0.23503113,0.2892456,
1396206248503076311,0,0.28442383,0.24299622,0.2970581,-0.029449463,0.0544281,-0.02796936,
1396206248523187395,3,0.3047943,0.03475952,0.38056946,
1396206248523187395,0,0.29296875,0.04272461,0.38838196,0.0047302246,0.056030273,-7.324219E-4,
1396206248543298479,3,0.20973206,-0.11531067,0.3736267,
1396206248543298479,0,0.1979065,-0.10734558,0.3814392,0.015411377,0.03413391,0.01902771,
1396206248563501116,3,0.10986328,-0.09501648,0.29138184,
1396206248563501116,0,0.09803772,-0.08705139,0.29919434,0.005264282,-0.028884888,0.0393219,
1396206248583703753,3,0.10559082,0.12181091,0.13276672,
1396206248583703753,0,0.09376526,0.129776,0.14057922,-0.028915405,-0.052383423,0.05053711,
1396206248604669329,3,0.2305603,0.27027893,-0.014099121,
1396206248604669329,0,0.21873474,0.27824402,-0.006286621,-0.04814148,-0.003250122,0.033981323,
1396206248623925921,3,0.27435303,0.21847534,-0.0861969,
1396206248623925921,0,0.26252747,0.22644043,-0.0783844,0.009536743,0.048553467,0.020629883,
1396206248644067522,3,0.08583069,-0.018112183,-0.123046875,
1396206248644067522,0,0.07400513,-0.010147095,-0.115234375,0.05706787,0.07685852,0.012619019,
1396206248664209124,3,-0.19134521,-0.19862366,-0.12251282,
1396206248664209124,0,-0.20317078,-0.19065857,-0.11470032,0.050125122,0.019180298,0.0056762695,
1396206248684350725,3,-0.32913208,-0.12599182,-0.1177063,
1396206248684350725,0,-0.34095764,-0.11802673,-0.1098938,-0.0075531006,-0.032089233,0.006210327,
1396206248704492327,3,-0.22605896,-0.014373779,-0.104888916,
1396206248704492327,0,-0.23788452,-0.0064086914,-0.097076416,-0.060424805,-0.0069885254,0.0019378662,
1396206248724603411,3,-0.0642395,-0.013305664,-0.060562134,
1396206248724603411,0,-0.07606506,-0.005340576,-0.052749634,-0.040664673,0.019714355,-0.0082092285,
1396206248744745013,3,-0.009765625,-0.098220825,0.007797241,
1396206248744745013,0,-0.021591187,-0.09025574,0.015609741,-0.012893677,0.03199768,-0.011413574,
1396206248764886614,3,0.0073242188,-0.14628601,0.09805298,
1396206248764886614,0,-0.004501343,-0.13832092,0.10586548,-0.022506714,0.006362915,-0.015151978,
1396206248785028216,3,0.06340027,-0.120651245,0.18029785,
1396206248785028216,0,0.051574707,-0.11268616,0.18811035,-0.026245117,-0.0043182373,-0.010879517,
1396206248845526775,3,0.008392334,-0.030929565,0.07028198,
1396206248845526775,0,-0.0034332275,-0.022964478,0.07809448,0.020217896,0.019180298,0.029708862,
1396206248865668377,3,-0.10643005,-0.075790405,-0.0012817383,
1396206248865668377,0,-0.118255615,-0.06782532,0.0065307617,0.012207031,0.017044067,0.01902771,
1396206248885748943,3,-0.16731262,-0.103027344,-0.011962891,
1396206248885748943,0,-0.17913818,-0.095062256,-0.0041503906,-0.007019043,0.011169434,0.0040740967,
1396206248905951580,3,-0.15182495,-0.072052,-0.0034179688,
1396206248905951580,0,-0.16365051,-0.064086914,0.0043945313,-0.02357483,-0.008056641,0.008346558,
1396206248926093182,3,-0.07331848,-0.01864624,-0.008758545,
1396206248926093182,0,-0.08514404,-0.010681152,-9.460449E-4,-0.04119873,0.0015563965,0.010482788,
1396206248946234783,3,0.063934326,-0.023986816,-0.029052734,
1396206248946234783,0,0.052108765,-0.016021729,-0.021240234,-0.047073364,0.013305664,0.013687134,
1396206248966406902,3,0.1638031,-0.046417236,-0.057357788,
1396206248966406902,0,0.15197754,-0.03845215,-0.049545288,-0.023040771,0.014373779,0.015289307,
1396206248986456951,3,0.11947632,-0.035736084,-0.07551575,
1396206248986456951,0,0.10765076,-0.027770996,-0.06770325,0.01914978,-5.79834E-4,0.008880615,
1396206249006690105,3,-0.0022888184,-0.018112183,-0.04988098,
1396206249006690105,0,-0.01411438,-0.010147095,-0.04206848,0.010604858,0.0074310303,-0.005004883,
1396206249026831707,3,-0.034866333,-0.033599854,0.014205933,
1396206249026831707,0,-0.046691895,-0.025634766,0.022018433,-0.017700195,0.013305664,-0.009277344,
1396206249046942791,3,0.044174194,-0.04748535,0.04144287,
1396206249046942791,0,0.032348633,-0.039520264,0.04925537,-0.0390625,0.010101318,0.010482788,
1396206249067084393,3,0.12161255,-0.0368042,0.01260376,
1396206249067084393,0,0.10978699,-0.028839111,0.02041626,-0.022506714,0.003692627,0.020095825,
1396206249087225994,3,0.10345459,-0.038406372,-0.032791138,
1396206249087225994,0,0.09162903,-0.030441284,-0.024978638,0.010604858,0.014907837,0.013153076,
1396206249107398113,3,-0.022583008,-0.051223755,-0.029586792,
1396206249107398113,0,-0.03440857,-0.043258667,-0.021774292,0.022354126,0.0074310303,0.003540039,
1396206249127478680,3,-0.11123657,-0.018112183,-0.015701294,
1396206249127478680,0,-0.123062134,-0.010147095,-0.007888794,-0.0075531006,-0.006454468,0.0046081543,
1396206249147894939,3,-0.028457642,0.0016479492,-0.010894775,
1396206249147894939,0,-0.040283203,0.009613037,-0.0030822754,-0.048675537,0.017578125,0.006210327,
1396206249167761883,3,0.048980713,-0.11264038,0.022750854,
1396206249167761883,0,0.03715515,-0.10467529,0.030563354,-0.010757446,0.052825928,-0.0071411133,
1396206249187964520,3,0.009994507,-0.25042725,0.07936096,
1396206249187964520,0,-0.0018310547,-0.24246216,0.08717346,4.5776367E-4,0.019714355,-0.0039367676,
1396206249208106121,3,0.0019836426,-0.19328308,0.0713501,
1396206249208106121,0,-0.009841919,-0.185318,0.0791626,-0.017166138,-0.024612427,0.025436401,
1396206249228186688,3,0.01159668,-0.05229187,-0.0034179688,
1396206249228186688,0,-2.2888184E-4,-0.044326782,0.0043945313,-0.0118255615,-0.024612427,0.027572632,
1396206249248602947,3,-0.011367798,0.039031982,-0.06323242,
1396206249248602947,0,-0.02319336,0.04699707,-0.055419922,0.0015258789,-0.00592041,0.012619019,
1396206249268469891,3,-0.07759094,0.049713135,-0.07658386,
1396206249268469891,0,-0.089416504,0.057678223,-0.06877136,0.0036621094,0.017578125,0.0099487305,
1396206249288642010,3,-0.13046265,0.003250122,-0.07658386,
1396206249288642010,0,-0.14228821,0.01121521,-0.06877136,-7.6293945E-5,0.023452759,0.0024719238,
1396206249308814129,3,-0.1977539,-0.051757813,-0.05255127,
1396206249308814129,0,-0.20957947,-0.043792725,-0.04473877,0.011672974,0.011169434,0.0040740967,
1396206249328925213,3,-0.32218933,0.007522583,-0.05949402,
1396206249328925213,0,-0.3340149,0.015487671,-0.05168152,0.023956299,-0.023544312,0.015289307,
1396206249349310955,3,-0.45143127,0.10739136,-0.08139038,
1396206249349310955,0,-0.46325684,0.115356445,-0.07357788,0.011138916,-0.009124756,0.009414673,
1396206249369147381,3,-0.43647766,0.13729858,-0.078186035,
1396206249369147381,0,-0.44830322,0.14526367,-0.070373535,-0.0390625,0.007965088,0.006210327,
1396206249389380535,3,-0.2607727,0.0929718,-0.05949402,
1396206249389380535,0,-0.27259827,0.10093689,-0.05168152,-0.0705719,0.03199768,-0.0028686523,
1396206249409522137,3,-0.01777649,-0.0015563965,0.011001587,
1396206249409522137,0,-0.02960205,0.0064086914,0.018814087,-0.07217407,0.03466797,-0.010345459,
1396206249429663738,3,0.19264221,-0.05015564,0.034500122,
1396206249429663738,0,0.18081665,-0.04219055,0.042312622,-0.056152344,-4.5776367E-5,0.019561768,
1396206249450049480,3,0.2962494,0.007522583,-0.064834595,
1396206249450049480,0,0.28442383,0.015487671,-0.057022095,-0.013427734,-0.0053863525,0.037719727,
1396206249469885906,3,0.20332336,0.022476196,-0.15829468,
1396206249469885906,0,0.1914978,0.030441284,-0.15048218,0.03250122,0.015975952,0.02330017,
1396206249490088543,3,0.01586914,-0.02558899,-0.1769867,
1396206249490088543,0,0.004043579,-0.017623901,-0.1691742,0.030899048,0.015975952,0.003540039,
1396206249510230145,3,-0.07652283,-0.03413391,-0.16470337,
1396206249510230145,0,-0.08834839,-0.026168823,-0.15689087,-0.010223389,0.0042266846,0.006210327,
1396206249530371746,3,-0.020980835,-0.0042266846,-0.17164612,
1396206249530371746,0,-0.032806396,0.0037384033,-0.16383362,-0.03692627,-0.0021820068,0.011016846,
1396206249550818523,3,0.048446655,0.019805908,-0.16363525,
1396206249550818523,0,0.036621094,0.027770996,-0.15582275,-0.015563965,0.011169434,8.69751E-4,
1396206249570593914,3,-0.00869751,-0.0368042,-0.09794617,
1396206249570593914,0,-0.020523071,-0.028839111,-0.09013367,0.018081665,0.029327393,-0.01675415,
1396206249590796551,3,-0.10536194,-0.13667297,0.0019226074,
1396206249590796551,0,-0.1171875,-0.12870789,0.009735107,-6.1035156E-4,0.035202026,-0.015151978,
1396206249610938152,3,-0.07545471,-0.2397461,0.06440735,
1396206249610938152,0,-0.08728027,-0.231781,0.07221985,-0.03692627,0.027191162,-7.324219E-4,
1396206249631079754,3,0.03829956,-0.25950623,0.076690674,
1396206249631079754,0,0.026473999,-0.25154114,0.084503174,-0.03425598,-0.006454468,0.011550903,
1396206249651221355,3,0.03189087,-0.10462952,0.026489258,
1396206249651221355,0,0.020065308,-0.09666443,0.034301758,0.011672974,-0.049179077,0.026504517,
1396206249671301922,3,-0.094680786,0.067337036,-0.062164307,
1396206249671301922,0,-0.10650635,0.075302124,-0.054351807,0.018615723,-0.011795044,0.033981323,
1396206249691504559,3,-0.1272583,0.060394287,-0.15348816,
1396206249691504559,0,-0.13908386,0.068359375,-0.14567566,-0.02571106,0.026123047,0.023834229,
1396206249711676678,3,-0.027389526,0.009124756,-0.17271423,
1396206249711676678,0,-0.039215088,0.017089844,-0.16490173,-0.042266846,0.0154418945,0.0046081543,
1396206249731757244,3,0.093307495,0.020339966,-0.14013672,
1396206249731757244,0,0.08148193,0.028305054,-0.13232422,-0.03692627,-0.0011138916,-0.00340271,
1396206249752112469,3,0.12641907,0.08068848,-0.10702515,
1396206249752112469,0,0.114593506,0.088653564,-0.09921265,-0.0016784668,-0.016601563,8.69751E-4,
1396206249772009930,3,0.10505676,0.11112976,-0.09260559,
1396206249772009930,0,0.0932312,0.11909485,-0.08479309,-6.1035156E-4,0.002090454,3.3569336E-4,
1396206249792182049,3,0.113601685,0.10472107,-0.028518677,
1396206249792182049,0,0.10177612,0.11268616,-0.020706177,-0.03479004,0.030929565,-0.031707764,
1396206249813117107,3,0.11947632,-0.03466797,0.1306305,
1396206249813117107,0,0.10765076,-0.02670288,0.138443,-7.6293945E-5,0.051757813,-0.033843994,
1396206249832465252,3,0.093307495,-0.15162659,0.26574707,
1396206249832465252,0,0.08148193,-0.1436615,0.27355957,-0.01663208,0.019180298,-0.017288208,
1396206249852606854,3,0.1712799,-0.15803528,0.3095398,
1396206249852606854,0,0.15945435,-0.15007019,0.3173523,-0.040130615,-4.5776367E-5,0.011550903,
1396206249872717938,3,0.22949219,-0.10089111,0.26467896,
1396206249872717938,0,0.21766663,-0.092926025,0.27249146,-0.008621216,-0.009124756,0.025436401,
1396206249892890057,3,0.16113281,-0.02986145,0.19578552,
1396206249892890057,0,0.14930725,-0.021896362,0.20359802,0.018081665,-0.010726929,0.023834229,
1396206249913886150,3,0.041503906,-0.0026245117,0.13650513,
1396206249913886150,0,0.029678345,0.005340576,0.14431763,0.010604858,0.017578125,0.025436401,
1396206249933173260,3,0.008926392,-0.04588318,0.058532715,
1396206249933173260,0,-0.00289917,-0.03791809,0.066345215,-0.015563965,0.014907837,0.031845093,
1396206249953314861,3,0.03829956,-0.014373779,-0.05895996,
1396206249953314861,0,0.026473999,-0.0064086914,-0.05114746,-0.018234253,-0.014465332,0.036117554,
1396206249973456463,3,0.011062622,0.040634155,-0.13265991,
1396206249973456463,0,-7.6293945E-4,0.048599243,-0.12484741,0.00793457,0.0031585693,0.014755249,
1396206249993567547,3,-0.094680786,-0.012771606,-0.1214447,
1396206249993567547,0,-0.10650635,-0.0048065186,-0.1136322,0.017547607,0.042678833,-0.0028686523,
1396206250014258465,3,-0.19882202,-0.16604614,-0.062698364,
1396206250014258465,0,-0.21064758,-0.15808105,-0.054885864,0.008468628,0.033599854,-0.0082092285,
1396206250033881268,3,-0.22659302,-0.20449829,-0.019973755,
1396206250033881268,0,-0.23841858,-0.1965332,-0.012161255,-0.020370483,4.8828125E-4,0.0014038086,
1396206250053992352,3,-0.13847351,-0.102493286,-0.017303467,
1396206250053992352,0,-0.15029907,-0.0945282,-0.009490967,-0.04547119,-0.03742981,0.014755249,
1396206250074164471,3,0.02494812,0.06947327,-0.04774475,
1396206250074164471,0,0.013122559,0.077438354,-0.03993225,-0.05508423,-0.020339966,0.011016846,
1396206250094306072,3,0.1360321,0.08015442,-0.023712158,
1396206250094306072,0,0.12420654,0.08811951,-0.015899658,-0.015563965,0.02558899,-0.007675171,
1396206250134589275,0,-0.13320923,-0.07850647,0.08236694,0.025024414,0.026657104,0.01689148,
1396206250154730877,3,-0.20629883,-0.12973022,0.022216797,
1396206250154730877,0,-0.21812439,-0.12176514,0.030029297,-0.008621216,0.013305664,0.022232056,
1396206250174902996,3,-0.16143799,-0.13934326,-0.008758545,
1396206250174902996,0,-0.17326355,-0.13137817,-9.460449E-4,-0.036392212,0.0058288574,0.009414673,
1396206250195044598,3,-0.031661987,-0.1313324,3.2043457E-4,
1396206250195044598,0,-0.04348755,-0.12336731,0.008132935,-0.049743652,0.0052948,0.003540039,
1396206250215186199,3,0.0831604,-0.11531067,0.0061950684,
1396206250215186199,0,0.07133484,-0.10734558,0.014007568,-0.02784729,0.006362915,0.008346558,
1396206250235327801,3,0.09490967,-0.11798096,-0.007156372,
1396206250235327801,0,0.08308411,-0.11001587,6.5612793E-4,-0.0032806396,0.011169434,0.012084961,
1396206250255469402,3,0.042037964,-0.13774109,-0.007156372,
1396206250255469402,0,0.030212402,-0.129776,6.5612793E-4,0.00579834,0.017044067,0.0078125,
1396206250275611004,3,-0.023651123,-0.16123962,-0.011962891,
1396206250275611004,0,-0.035476685,-0.15327454,-0.0041503906,0.0020599365,0.006362915,0.011550903,
1396206250295691570,3,-0.034866333,-0.118515015,-0.025848389,
1396206250295691570,0,-0.046691895,-0.11054993,-0.018035889,-0.020904541,-0.0096588135,0.009414673,
1396206250315894207,3,0.027618408,-0.07632446,-0.01890564,
1396206250315894207,0,0.015792847,-0.068359375,-0.01109314,-0.03211975,0.0058288574,0.0046081543,
1396206250335974773,3,0.089035034,-0.091278076,-0.016235352,
1396206250335974773,0,0.07720947,-0.08331299,-0.008422852,-0.017700195,0.011169434,0.0072784424,
1396206250356146893,3,0.06767273,-0.11317444,0.008331299,
1396206250356146893,0,0.055847168,-0.10520935,0.016143799,0.0036621094,0.012771606,-0.008743286,
1396206250376288494,3,-0.013504028,-0.1591034,0.11087036,
1396206250376288494,0,-0.02532959,-0.1511383,0.11868286,0.009002686,0.024520874,-0.0236969,
1396206250396399578,3,-0.054626465,-0.21731567,0.19258118,
1396206250396399578,0,-0.06645203,-0.20935059,0.20039368,-0.013961792,0.022918701,0.0024719238,
1396206250416602215,3,0.0062561035,-0.22105408,0.1455841,
1396206250416602215,0,-0.005569458,-0.21308899,0.1533966,-0.039596558,-4.5776367E-5,0.03451538,
1396206250436920908,3,0.13656616,-0.21304321,0.053726196,
1396206250436920908,0,0.1247406,-0.20507813,0.061538696,-0.04600525,0.010101318,0.022766113,
1396206250457062510,3,0.2620697,-0.18954468,0.022750854,
1396206250457062510,0,0.25024414,-0.18157959,0.030563354,-0.035858154,-0.008056641,0.012084961,
1396206250477204112,3,0.2935791,-0.037338257,-0.018371582,
1396206250477204112,0,0.28175354,-0.029373169,-0.010559082,-0.0032806396,-0.044906616,0.028640747,
1396206250497254160,3,0.18302917,0.10632324,-0.10115051,
1396206250497254160,0,0.17120361,0.11428833,-0.09333801,0.03463745,-0.00592041,0.019561768,
1396206250517487315,3,-0.0119018555,0.11166382,-0.11076355,
1396206250517487315,0,-0.023727417,0.119628906,-0.10295105,0.036239624,0.0154418945,0.003540039,
1396206250537628916,3,-0.207901,0.05718994,-0.042404175,
1396206250537628916,0,-0.21972656,0.06515503,-0.034591675,0.03677368,0.027191162,-0.022094727,
1396206250557770518,3,-0.32592773,-0.059768677,0.09164429,
1396206250557770518,0,-0.3377533,-0.05180359,0.09945679,-0.004348755,0.04801941,-0.026901245,
1396206250577912119,3,-0.27305603,-0.1906128,0.19258118,
1396206250577912119,0,-0.2848816,-0.1826477,0.20039368,-0.042266846,0.021850586,-0.0039367676,
1396206250597992686,3,-0.14167786,-0.15483093,0.1770935,
1396206250597992686,0,-0.15350342,-0.14686584,0.184906,-0.04547119,-0.022476196,0.024368286,
1396206250618195322,3,-0.030593872,0.029418945,0.07936096,
1396206250618195322,0,-0.042419434,0.037384033,0.08717346,-0.029449463,-0.047576904,0.03665161,
1396206250638428477,3,-0.031661987,0.16453552,-0.023712158,
1396206250638428477,0,-0.04348755,0.17250061,-0.015899658,0.009002686,0.0042266846,0.027572632,
1396206250658478526,3,-0.16571045,0.07801819,-0.05255127,
1396206250658478526,0,-0.17753601,0.08598328,-0.04473877,0.029830933,0.04588318,0.0030059814,
1396206250678620127,3,-0.28640747,-0.04107666,-0.007156372,
1396206250678620127,0,-0.29823303,-0.033111572,6.5612793E-4,-7.6293945E-5,0.028259277,-0.0071411133,
1396206250698700694,3,-0.19721985,-0.069381714,0.030761719,
1396206250698700694,0,-0.20904541,-0.061416626,0.03857422,-0.06790161,-0.0053863525,0.006210327,
1396206250718903330,3,0.0868988,0.07054138,-0.025314331,
1396206250718903330,0,0.07507324,0.07850647,-0.017501831,-0.087127686,-0.03956604,0.035583496,
1396206250738953379,3,0.2962494,0.21366882,-0.12838745,
1396206250738953379,0,0.28442383,0.22163391,-0.12057495,-0.037994385,-0.008590698,0.027572632,
1396206250759400156,3,0.28450012,0.20993042,-0.18019104,
1396206250759400156,0,0.27267456,0.21789551,-0.17237854,0.020751953,0.021850586,0.014221191,
1396206250779297617,3,0.07034302,0.067871094,-0.16149902,
1396206250779297617,0,0.058517456,0.07583618,-0.15368652,0.062942505,0.05923462,-0.008743286,
1396206250799408701,3,-0.24742126,-0.049087524,-0.09954834,
1396206250799408701,0,-0.25924683,-0.041122437,-0.09173584,0.061340332,0.002090454,-1.9836426E-4,
1396206250820374278,3,-0.3894806,0.06893921,-0.1251831,
1396206250820374278,0,-0.40130615,0.0769043,-0.117370605,-0.020904541,-0.041168213,0.027572632,
1396206250839691905,3,-0.17745972,0.23609924,-0.19140625,
1396206250839691905,0,-0.18928528,0.24406433,-0.18359375,-0.100479126,-0.018203735,0.017959595,
1396206250859864024,3,0.16166687,0.24571228,-0.20635986,
1396206250859864024,0,0.14984131,0.25367737,-0.19854736,-0.0743103,0.022384644,8.69751E-4,
1396206250879975108,3,0.22521973,0.18269348,-0.14120483,
1396206250879975108,0,0.21339417,0.19065857,-0.13339233,0.014877319,0.023452759,-0.014083862,
1396206250900116709,3,0.037231445,0.13356018,-0.06750488,
1396206250900116709,0,0.025405884,0.14152527,-0.059692383,0.044784546,0.015975952,-0.008743286,
1396206250920288828,3,-0.10322571,0.09030151,-0.018371582,
1396206250920288828,0,-0.11505127,0.0982666,-0.010559082,-0.0059509277,0.030395508,-1.9836426E-4,
1396206250940430430,3,-0.030593872,0.0096588135,0.013671875,
1396206250940430430,0,-0.042419434,0.017623901,0.021484375,-0.046539307,0.015975952,-1.9836426E-4,
1396206250960816172,3,0.093307495,0.07374573,0.031295776,
1396206250960816172,0,0.08148193,0.081710815,0.039108276,-0.037994385,-0.03315735,0.0099487305,
1396206250980713633,3,0.15472412,0.24304199,-0.011962891,
1396206250980713633,0,0.14289856,0.25100708,-0.0041503906,-0.015029907,-0.02835083,0.02330017,
1396206251000824717,3,0.12641907,0.3274231,-0.07925415,
1396206251000824717,0,0.114593506,0.33538818,-0.07144165,0.0025939941,0.0058288574,0.02330017,
1396206251021759776,3,0.01373291,0.23182678,-0.11289978,
1396206251021759776,0,0.0019073486,0.23979187,-0.10508728,0.04798889,0.05870056,0.008880615,
1396206251041138438,3,-0.07545471,0.18269348,-0.11450195,
1396206251041138438,0,-0.08728027,0.19065857,-0.10668945,0.017547607,0.006362915,0.008346558,
1396206251061280039,3,-0.14968872,0.24838257,-0.12998962,
1396206251061280039,0,-0.16151428,0.25634766,-0.122177124,-0.00541687,-0.019805908,0.016357422,
1396206251081421641,3,-0.10215759,0.36427307,-0.17164612,
1396206251081421641,0,-0.113983154,0.37223816,-0.16383362,-0.04547119,-0.024612427,0.019561768,
1396206251101563242,3,0.14778137,0.39471436,-0.17218018,
1396206251101563242,0,0.13595581,0.40267944,-0.16436768,-0.04547119,0.014373779,-0.011947632,
1396206251122467783,3,0.20759583,0.34024048,-0.08406067,
1396206251122467783,0,0.19577026,0.34820557,-0.07624817,-0.009155273,0.025054932,-0.013549805,
1396206251141815928,3,0.16059875,0.32208252,-0.008758545,
1396206251141815928,0,0.1487732,0.3300476,-9.460449E-4,0.00579834,4.8828125E-4,-0.0066070557,
1396206251162018565,3,0.079956055,0.3589325,0.056396484,
1396206251162018565,0,0.06813049,0.36689758,0.064208984,0.009536743,0.0042266846,-0.010879517,
1396206251182160166,3,0.018005371,0.38082886,0.14344788,
1396206251182160166,0,0.0061798096,0.38879395,0.15126038,-0.0064849854,-5.79834E-4,-0.01675415,
1396206251202301768,3,0.060195923,0.43423462,0.23477173,
1396206251202301768,0,0.04837036,0.4421997,0.24258423,-0.03692627,-0.0037841797,-0.013015747,
1396206251222962168,3,0.14778137,0.4080658,0.3159485,
1396206251222962168,0,0.13595581,0.41603088,0.323761,-0.024108887,0.03199768,-0.010879517,
1396206251242628178,3,0.11039734,0.28523254,0.3383789,
1396206251242628178,0,0.09857178,0.29319763,0.3461914,0.018615723,0.041610718,0.01689148,
1396206251262739262,3,-0.025787354,0.12181091,0.2668152,
1396206251262739262,0,-0.037612915,0.129776,0.2746277,0.023422241,0.05870056,0.030776978,
1396206251282911381,3,-0.16143799,-0.09074402,0.22515869,
1396206251282911381,0,-0.17326355,-0.08277893,0.23297119,0.018081665,0.042678833,-1.9836426E-4,
1396206251303052983,3,-0.22819519,-0.07899475,0.2502594,
1396206251303052983,0,-0.24002075,-0.07102966,0.2580719,-0.01663208,-0.031021118,0.0067443848,
1396206251323621830,3,-0.08079529,0.038497925,0.19258118,
1396206251323621830,0,-0.09262085,0.046463013,0.20039368,-0.062561035,0.006362915,0.027038574,
1396206251343305668,3,0.13656616,0.12234497,0.12902832,
1396206251343305668,0,0.1247406,0.13031006,0.13684082,-0.06629944,-0.037963867,0.032913208,
1396206251363447270,3,0.37475586,0.32048035,0.0029907227,
1396206251363447270,0,0.3629303,0.32844543,0.010803223,-0.06843567,-0.038497925,0.036117554,
1396206251383771977,3,0.41534424,0.30392456,-0.09954834,
1396206251383771977,0,0.40351868,0.31188965,-0.09173584,0.026626587,0.051757813,0.038253784,
1396206251403669438,3,0.17555237,0.14317322,-0.22612,
1396206251403669438,0,0.1637268,0.1511383,-0.2183075,0.06561279,0.04801941,0.03451538,
1396206251424390873,3,-0.22766113,-0.060836792,-0.23039246,
1396206251424390873,0,-0.2394867,-0.052871704,-0.22257996,0.10246277,0.057632446,-0.021026611,
1396206251444013676,3,-0.5406189,-0.12973022,-0.066970825,
1396206251444013676,0,-0.55244446,-0.12176514,-0.059158325,0.020217896,-5.79834E-4,-0.03277588,
