505643829347,3,9.0209,1.2540883,3.636073,
505653839113,3,9.023615,1.2463007,3.6320078,
505663879396,3,9.025523,1.2396456,3.629547,
505673889162,3,9.027408,1.2323639,3.6273386,
505683898927,3,9.029692,1.2241166,3.6244435,
505693908693,3,9.034252,1.2118065,3.6172125,
505703918459,3,9.04038,1.194481,3.6076524,
505713958742,3,9.04693,1.1715316,3.5987465,
505723999025,3,9.053877,1.1441385,3.5900776,
505733978273,3,9.060725,1.1144699,3.582122,
505743988039,3,9.067082,1.0842557,3.5753057,
505754028322,3,9.0737505,1.0566356,3.566647,
505764038087,3,9.080327,1.0316639,3.5572069,
505774047853,3,9.0869665,1.0095427,3.5465848,
505784088136,3,9.093318,0.99060535,3.5356262,
505794097902,3,9.099056,0.9750784,3.5251665,
505804138185,3,9.104519,0.96335757,3.514264,
505814147951,3,9.110242,0.95406044,3.5019522,
505824157716,3,9.115711,0.9462331,3.4898188,
505834197999,3,9.120362,0.9385218,3.4797387,
505844207765,3,9.124378,0.93001324,3.4714832,
505854217531,3,9.12857,0.92029554,3.4630415,
505864227296,3,9.132602,0.9102862,3.4550474,
505874267579,3,9.1360035,0.900067,3.4487288,
505884307863,3,9.138741,0.89001817,3.44408,
505894317628,3,9.140445,0.8797063,3.4422047,
505904327394,3,9.142113,0.8692291,3.440435,
505914337160,3,9.144696,0.8594132,3.4360337,
505924346925,3,9.148175,0.85012746,3.4290755,
505934387208,3,9.151496,0.84167266,3.4222953,
505944396974,3,9.155088,0.83486825,3.4143448,
505954406740,3,9.158527,0.8286419,3.406632,
505964447023,3,9.16198,0.82186466,3.3989787,
505974456788,3,9.165498,0.81428957,3.3913097,
505984649660,3,9.169534,0.8061764,3.3823256,
505994659425,3,9.173426,0.800712,3.3730578,
506004516603,3,9.178353,0.796974,3.360512,
506014526368,3,9.183531,0.7948817,3.3468356,
506024536134,3,9.188099,0.7944719,3.3343713,
506034729005,3,9.191894,0.79570204,3.3236027,
506044769288,3,9.195471,0.7987743,3.3129573,
506054595949,3,9.199048,0.8033067,3.301911,
506064605714,3,9.202742,0.8089768,3.290211,
506074615480,3,9.206196,0.81507224,3.2790282,
506084655763,3,9.20994,0.82052493,3.267132,
506094665529,3,9.213791,0.8254221,3.2550166,
506104858400,3,9.216539,0.8293585,3.2462254,
506114868165,3,9.219232,0.8326494,3.2377238,
506124908449,3,9.222338,0.834545,3.2283745,
506134887697,3,9.226157,0.83504856,3.2173164,
506144958498,3,9.230165,0.8341291,3.2060404,
506154968263,3,9.234233,0.8314254,3.1950102,
506164978029,3,9.237933,0.82719904,3.1853917,
506174804689,3,9.241786,0.8208587,3.1758466,
506184844972,3,9.245965,0.8137953,3.1654801,
506194854738,3,9.250027,0.80619746,3.1555452,
506204864504,3,9.254001,0.79772717,3.1460307,
506214874269,3,9.257769,0.7900912,3.136856,
506224914552,3,9.260919,0.7828949,3.129358,
506234924318,3,9.263106,0.7766478,3.1244314,
506245147707,3,9.26447,0.7723907,3.1214437,
506255157472,3,9.265705,0.76877606,3.1186678,
506265167238,3,9.268048,0.76371115,3.1129432,
506275177004,3,9.271195,0.7575787,3.1050599,
506285003664,3,9.274668,0.7491598,3.0967193,
506295074464,3,9.278225,0.7395777,3.088356,
506305084230,3,9.282198,0.73052377,3.0785582,
506315093996,3,9.285758,0.7221476,3.0697875,
506325286867,3,9.288797,0.7149109,3.062279,
506335327150,3,9.291141,0.7100053,3.0563037,
506345336916,3,9.29335,0.7066253,3.0503614,
506355346681,3,9.295174,0.7050097,3.045178,
506365386964,3,9.296654,0.705598,3.04052,
506375366213,3,9.297571,0.7097081,3.0367556,
506385406496,3,9.298435,0.7169377,3.0324113,
506395233156,3,9.299548,0.7262872,3.0267634,
506405273439,3,9.300533,0.7362611,3.0213242,
506415283205,3,9.301899,0.7455521,3.0148358,
506425292970,3,9.303489,0.7534613,3.0079541,
506435485841,3,9.304372,0.7612442,3.0032563,
506445495607,3,9.30473,0.76837564,3.0003304,
506455535890,3,9.305425,0.7747651,2.9965317,
506465545656,3,9.306553,0.7793477,2.9918356,
506475585939,3,9.307715,0.78299224,2.9872646,
506485595705,3,9.309083,0.785242,2.982408,
506495635988,3,9.31075,0.78572017,2.9770749,
506505645753,3,9.312072,0.78580403,2.9729125,
506515655519,3,9.313422,0.7869968,2.9683678,
506525695802,3,9.315657,0.7884052,2.9609723,
506535675050,3,9.318351,0.79044455,2.9519339,
506545684816,3,9.3210945,0.7900097,2.9433768,
506555725099,3,9.323253,0.7889488,2.9368196,
506565765382,3,9.3249035,0.7857456,2.932435,
506575775148,3,9.326725,0.7807009,2.9279854,
506585784913,3,9.328502,0.77559716,2.9236777,
506595825197,3,9.330386,0.77017045,2.9190967,
506605834962,3,9.332224,0.7651938,2.914527,
506615844728,3,9.333912,0.76104987,2.9102066,
506625885011,3,9.335463,0.7584902,2.9058976,
506635894777,3,9.337086,0.75684655,2.901107,
506645904542,3,9.338393,0.7550398,2.8973632,
506655944825,3,9.339649,0.7525956,2.8939536,
506665954591,3,9.34052,0.75266165,2.8911183,
506675933839,3,9.341311,0.7528151,2.8885226,
506685974122,3,9.3426485,0.7527786,2.8842044,
506695983888,3,9.34435,0.75280195,2.878681,
506705993654,3,9.346289,0.75110334,2.872825,
506716033937,3,9.349227,0.7476076,2.8641622,
506725860597,3,9.352629,0.7419754,2.8545067,
506735870363,3,9.356234,0.7346514,2.8445718,
506745880128,3,9.359857,0.72629625,2.8347797,
506755920412,3,9.363413,0.7181547,2.825094,
506766113283,3,9.366498,0.7120251,2.8164058,
506776123048,3,9.369975,0.7072183,2.806028,
506786132814,3,9.373323,0.70509326,2.7953649,
506796142579,3,9.376712,0.7028154,2.784548,
506806182863,3,9.379795,0.6992495,2.7750518,
506816192628,3,9.382103,0.6947627,2.7683675,
506826202394,3,9.384399,0.6871113,2.7624824,
506836059572,3,9.386943,0.6781252,2.7560558,
506846069337,3,9.390027,0.66677934,2.7483065,
506856079103,3,9.393466,0.6538579,2.7396438,
506866088868,3,9.396905,0.6418123,2.7306867,
506876098634,3,9.400824,0.63007283,2.7199092,
506886138917,3,9.404278,0.61829966,2.7106552,
506896179201,3,9.4070835,0.6085776,2.703113,
506906402590,3,9.408962,0.60054773,2.6983635,
506916381837,3,9.4102545,0.5952377,2.6950336,
506926422121,3,9.411383,0.5916162,2.6918907,
506936431886,3,9.412749,0.5905387,2.6873415,
506946472170,3,9.414738,0.5880141,2.6809244,
506956451417,3,9.417124,0.5843576,2.673333,
506966491701,3,9.419512,0.57877576,2.6661208,
506976318361,3,9.421876,0.5720248,2.6592152,
506986358644,3,9.42409,0.5652791,2.6528091,
506996368410,3,9.426617,0.5574577,2.6454723,
507006408693,3,9.428905,0.55086136,2.6386957,
507016418459,3,9.431418,0.5438979,2.6311443,
507026641847,3,9.433318,0.5389225,2.625354,
507036651613,3,9.434961,0.5348951,2.6202643,
507046661378,3,9.436246,0.5316501,2.6162977,
507056671144,3,9.437455,0.52869886,2.6125288,
507066650392,3,9.438692,0.52741617,2.6083138,
507076690675,3,9.43997,0.52650696,2.6038709,
507086730959,3,9.441139,0.52574354,2.5997887,
507096740724,3,9.442287,0.52536273,2.5956914,
507106750490,3,9.4437065,0.5245292,2.5906882,
507116790773,3,9.445114,0.5243071,2.5855932,
507126800539,3,9.446859,0.5240999,2.579256,
507136810304,3,9.448708,0.52565527,2.572156,
507146850587,3,9.449916,0.5266905,2.567505,
507156860353,3,9.450963,0.52856034,2.5632646,
507166870119,3,9.452183,0.5291633,2.558631,
507176879884,3,9.453484,0.5290759,2.553849,
507186920167,3,9.454849,0.529035,2.5487945,
507196929933,3,9.456771,0.5287743,2.5417051,
507206939699,3,9.4586315,0.52732587,2.5350795,
507216979982,3,9.460374,0.5253683,2.5289752,
507226989748,3,9.46251,0.5223288,2.5216053,
507237030031,3,9.464461,0.51912063,2.5149343,
507247039796,3,9.466256,0.51716274,2.5085714,
507257049562,3,9.467743,0.51425856,2.5035577,
507267059328,3,9.4689665,0.5113266,2.4995244,
507277069093,3,9.470277,0.5097829,2.4948702,
507287109376,3,9.471536,0.50748456,2.4905596,
507297119142,3,9.47277,0.50705695,2.485946,
507307128908,3,9.473839,0.5075085,2.4817748,
507317138673,3,9.474763,0.5084765,2.4780457,
507327148439,3,9.475198,0.5099255,2.4760833,
507337158205,3,9.47565,0.5133435,2.473649,
507347198488,3,9.4756975,0.51702744,2.472694,
507357208253,3,9.475766,0.5192171,2.471977,
507367065431,3,9.47531,0.52180594,2.4731789,
507377105714,3,9.4748335,0.5254437,2.4742317,
507387115480,3,9.473737,0.52901626,2.4776697,
507397125245,3,9.472354,0.533224,2.4820492,
507407135011,3,9.471027,0.536651,2.4863696,
507417144777,3,9.470023,0.5373904,2.4900331,
507427185060,3,9.468923,0.53697777,2.494306,
507437194825,3,9.467839,0.5350538,2.4988277,
507447204591,3,9.4667425,0.5335291,2.503301,
507457214357,3,9.465324,0.5340552,2.508546,
507467224122,3,9.463351,0.5370935,2.515332,
507477233888,3,9.461886,0.5423755,2.5197084,
507487274171,3,9.460564,0.54795915,2.5234618,
507497283937,3,9.459043,0.55458474,2.5277138,
507507324220,3,9.45766,0.56050533,2.5315804,
507517333986,3,9.455939,0.5657634,2.5368319,
507527343751,3,9.454036,0.5710697,2.5427296,
507537384035,3,9.452036,0.5769617,2.548827,
507547393800,3,9.449891,0.5833742,2.5553117,
507557403566,3,9.447938,0.58861035,2.561328,
507567413331,3,9.446578,0.59109807,2.5657668,
507577423097,3,9.445597,0.5896461,2.569709,
507587493898,3,9.444922,0.58607,2.5730026,
507597503664,3,9.4443865,0.581433,2.5760224,
507607513429,3,9.443831,0.577733,2.578888,
507617523195,3,9.443106,0.5768068,2.5817516,
507627563478,3,9.441779,0.57703245,2.5865455,
507637573244,3,9.440221,0.58081955,2.5913832,
507647583009,3,9.438958,0.5839368,2.5952837,
507657592775,3,9.437792,0.58613896,2.5990176,
507667663576,3,9.436916,0.5864511,2.6021273,
507677673341,3,9.4369,0.5846575,2.602592,
507687866213,3,9.4375925,0.58042735,2.601026,
507697692873,3,9.439301,0.5748101,2.5960758,
507707702638,3,9.44133,0.56840867,2.5900967,
507717742921,3,9.443683,0.5627748,2.582735,
507727935793,3,9.445804,0.5587474,2.575847,
507737945558,3,9.447652,0.55450726,2.569977,
507747955324,3,9.449371,0.5504972,2.5645103,
507757965090,3,9.450254,0.5480033,2.5617905,
507767822267,3,9.450173,0.5491086,2.561854,
507777832033,3,9.449798,0.55400544,2.5621834,
507787841798,3,9.448615,0.5617612,2.5648544,
507797851564,3,9.447106,0.5705065,2.5684798,
507807891847,3,9.44532,0.57847035,2.5732696,
507817901613,3,9.443755,0.5839295,2.5777695,
507827941896,3,9.442002,0.5867565,2.5835433,
507837951662,3,9.43973,0.58609426,2.591984,
507847961427,3,9.437493,0.5808131,2.6013062,
507858001710,3,9.436205,0.57101274,2.6081367,
507867980959,3,9.435929,0.5576187,2.6120343,
507878021242,3,9.436894,0.54152006,2.6119304,
507888031007,3,9.438503,0.52312547,2.6098633,
507898071290,3,9.441026,0.5031547,2.6046631,
507908081056,3,9.443967,0.48256785,2.5978851,
507918090822,3,9.447335,0.4599252,2.5897377,
507928100587,3,9.450847,0.439647,2.580422,
507938110353,3,9.45422,0.4216209,2.571064,
507948150636,3,9.4575405,0.4065607,2.561252,
507958343507,3,9.4599495,0.39929917,2.5534904,
507968414308,3,9.461463,0.40133595,2.5475547,
507978179933,3,9.461858,0.41117463,2.5445232,
507988220216,3,9.46239,0.42800272,2.539762,
507998229982,3,9.462978,0.4477692,2.5341508,
508008270265,3,9.463732,0.46654287,2.5279467,
508018280031,3,9.465126,0.48558778,2.5191271,
508028289796,3,9.467153,0.5009917,2.5084739,
508038299562,3,9.47057,0.5084627,2.4940226,
508048309328,3,9.474944,0.5088219,2.4772809,
508058380128,3,9.479082,0.5026286,2.4626749,
508068389894,3,9.482859,0.4917527,2.4502976,
508078399660,3,9.485958,0.4798878,2.4406354,
508088409425,3,9.488377,0.46848875,2.4334385,
508098419191,3,9.490357,0.46199414,2.426949,
508108459474,3,9.491145,0.45909753,2.4244149,
508118469240,3,9.491124,0.4568553,2.4249218,
508128479005,3,9.490697,0.45597005,2.426759,
508138519288,3,9.490008,0.45572865,2.42949,
508148529054,3,9.48938,0.45610625,2.4318738,
508158538820,3,9.489471,0.4558736,2.431568,
508168579103,3,9.490495,0.45742404,2.427276,
508178771974,3,9.491977,0.4612883,2.4207413,
508188812257,3,9.493533,0.4662021,2.4136844,
508198638917,3,9.495156,0.472064,2.4061449,
508208648683,3,9.49633,0.47865182,2.4002106,
508218658449,3,9.49743,0.48350102,2.3948758,
508228698732,3,9.497866,0.48582098,2.3926773,
508238708498,3,9.49781,0.48777708,2.3924987,
508248718263,3,9.497015,0.48857585,2.395499,
508258697511,3,9.495488,0.4882865,2.4015968,
508268737794,3,9.492969,0.48885232,2.4114223,
508278778078,3,9.49027,0.4903899,2.4217155,
508288787843,3,9.487226,0.4933727,2.4330084,
508298797609,3,9.483905,0.5016706,2.4442337,
508308807374,3,9.480384,0.51307464,2.4554975,
508318817140,3,9.476965,0.5234817,2.4664783,
508328826906,3,9.474066,0.534137,2.4753153,
508338867189,3,9.47177,0.54212856,2.4823513,
508348876955,3,9.470026,0.54664344,2.488008,
508358917238,3,9.46861,0.5465028,2.493425,
508368927004,3,9.467363,0.5435308,2.4987962,
508378967287,3,9.466344,0.5387512,2.5036917,
508388977052,3,9.46567,0.53258246,2.5075572,
508398986818,3,9.464892,0.52695495,2.511678,
508409027101,3,9.464098,0.52133626,2.5158412,
508419036867,3,9.462866,0.51451635,2.521874,
508429046632,3,9.461707,0.50848407,2.5274346,
508439056398,3,9.461108,0.50234836,2.5309036,
508449096681,3,9.4607,0.497479,2.533392,
508459106447,3,9.461322,0.49222064,2.5320916,
508469116213,3,9.462784,0.48713675,2.5276117,
508479125978,3,9.465849,0.480069,2.517466,
508489166261,3,9.470399,0.46915832,2.502364,
508499145509,3,9.476867,0.45494714,2.4804084,
508509185793,3,9.483633,0.43653965,2.4577472,
508519195558,3,9.490854,0.4134496,2.43375,
508529205324,3,9.496964,0.38722736,2.4141505,
508539245607,3,9.501943,0.36045304,2.3986576,
508549255373,3,9.506161,0.3340677,2.3857327,
508559295656,3,9.509196,0.3078487,2.3771453,
508569274904,3,9.512101,0.28270432,2.3686283,
508579315187,3,9.514718,0.25902095,2.3608115,
508589355470,3,9.516869,0.23791356,2.3543553,
508599365236,3,9.518849,0.21958238,2.3481226,
508609375001,3,9.520108,0.20467706,2.3443606,
508619384767,3,9.520309,0.19316842,2.3445249,
508629425050,3,9.519461,0.18379502,2.3487213,
508639434816,3,9.517871,0.17301527,2.3559687,
508649475099,3,9.5155325,0.15899317,2.3663826,
508659484865,3,9.5130825,0.14157267,2.3773067,
508669494630,3,9.510209,0.11864187,2.3900275,
508679534913,3,9.507704,0.09140403,2.4011714,
508689544679,3,9.505815,0.062682375,2.4095554,
508699554445,3,9.504558,0.035521396,2.4150634,
508709594728,3,9.503001,0.014517186,2.421396,
508719573976,3,9.501689,0.0010614918,2.4265826,
508729583742,3,9.500524,-0.0037108373,2.4311388,
508739624025,3,9.499709,8.7853643E-4,2.4343245,
508749603273,3,9.499273,0.012803367,2.435984,
508759643556,3,9.498894,0.032067455,2.4372873,
508769653322,3,9.498784,0.056485858,2.4372804,
508779693605,3,9.497995,0.0851172,2.4395173,
508789703371,3,9.496828,0.11619769,2.4427755,
508799713136,3,9.4951725,0.15052491,2.4473271,
508809753419,3,9.493606,0.18545711,2.4510095,
508819763185,3,9.492063,0.21768852,2.4543333,
508829772951,3,9.490678,0.24640346,2.4569728,
508839813234,3,9.489062,0.26951748,2.4607804,
508849822999,3,9.488203,0.28799364,2.462002,
508859832765,3,9.487085,0.3012731,2.4647224,
508869873048,3,9.4863615,0.3110884,2.4662821,
508879882814,3,9.486088,0.31793112,2.466465,
508889892579,3,9.486606,0.32253918,2.4638743,
508899932863,3,9.48742,0.32655367,2.4602058,
508909942628,3,9.488936,0.33085984,2.4537756,
508919952394,3,9.490815,0.3369988,2.4456577,
508929962160,3,9.493269,0.3449787,2.4349985,
508939971925,3,9.496199,0.35442075,2.4221833,
508950012208,3,9.4994955,0.36609453,2.4074762,
508960021974,3,9.503201,0.3791697,2.3907804,
508970062257,3,9.507091,0.39357057,2.372914,
508980072023,3,9.510287,0.40921444,2.357409,
508990081788,3,9.512289,0.42414662,2.3466706,
509000122072,3,9.513673,0.44022566,2.3380835,
509010131837,3,9.513997,0.45527416,2.333875,
509020172121,3,9.512765,0.46913844,2.3361504,
509030181886,3,9.511069,0.4790905,2.3410313,
509040222170,3,9.50961,0.4853633,2.3456643,
509050231935,3,9.508928,0.48592797,2.348307,
509060241701,3,9.509815,0.48020813,2.3458927,
509070281984,3,9.51285,0.47030312,2.3355706,
509080291750,3,9.517519,0.45662528,2.3192074,
509090301515,3,9.523936,0.4397478,2.2960114,
509100311281,3,9.530814,0.42113078,2.2708225,
509110321047,3,9.537047,0.40407443,2.2476282,
509120361330,3,9.54154,0.3890978,2.2311418,
509130371095,3,9.544936,0.3787766,2.2183595,
509140380861,3,9.547664,0.37514907,2.207208,
509150390627,3,9.550552,0.3774489,2.19428,
509160430910,3,9.554371,0.38293052,2.1766403,
509170440675,3,9.558966,0.3887249,2.1553397,
509180480959,3,9.563857,0.39663085,2.1320734,
509190460207,3,9.567973,0.4031433,2.112292,
509200500490,3,9.5701,0.41036856,2.101234,
509210540773,3,9.569279,0.41246554,2.1045618,
509220550539,3,9.565889,0.40936086,2.1205187,
509230560304,3,9.56069,0.39846742,2.1458833,
509240600587,3,9.553076,0.38360274,2.182195,
509250610353,3,9.544526,0.36651307,2.2221823,
509260620119,3,9.53633,0.35162616,2.2594619,
509270629884,3,9.52908,0.33841568,2.291832,
509280670167,3,9.523552,0.33080754,2.315801,
509290679933,3,9.520933,0.32829088,2.3268976,
509300689699,3,9.520165,0.330159,2.3297703,
509310699464,3,9.518839,0.3357497,2.33439,
509320739748,3,9.516235,0.3464201,2.3434243,
509330749513,3,9.512374,0.3589663,2.357177,
509340759279,3,9.50826,0.37411535,2.3713765,
509350799562,3,9.504961,0.39110184,2.381838,
509360778810,3,9.503205,0.4091785,2.3858004,
509370788576,3,9.502923,0.42680943,2.3838387,
509380828859,3,9.503539,0.4434452,2.3783393,
509390838625,3,9.504671,0.46021104,2.3706207,
509400878908,3,9.5063925,0.47485623,2.3608067,
509410888673,3,9.508058,0.48704994,2.3516018,
509420898439,3,9.509819,0.4963579,2.3425117,
509431091310,3,9.512173,0.50157297,2.3318236,
509440917970,3,9.515392,0.5033397,2.3182619,
509450927736,3,9.5193815,0.50149643,2.3022318,
509460998537,3,9.5237,0.4976178,2.28515,
509470977785,3,9.527614,0.49207625,2.2699864,
509481201173,3,9.5301285,0.48767394,2.2603614,
509491241456,3,9.531155,0.487455,2.2560763,
509501068117,3,9.531245,0.49019498,2.2550986,
509511108400,3,9.53029,0.4970479,2.2576349,
509521118165,3,9.528788,0.5073258,2.261687,
509531127931,3,9.527005,0.52157646,2.265942,
509541137697,3,9.5250025,0.5387436,2.2703497,
509551147462,3,9.523177,0.5581702,2.2733152,
509561157228,3,9.522781,0.57567835,2.2706022,
509571166994,3,9.524414,0.5879311,2.260592,
509581207277,3,9.527701,0.59418285,2.2450466,
509591247560,3,9.532691,0.5932853,2.224015,
509601257325,3,9.539042,0.584597,2.198934,
509611267091,3,9.54575,0.5719471,2.1729994,
509621307374,3,9.551681,0.55701166,2.150704,
509631286622,3,9.556028,0.5454554,2.1342924,
509641296388,3,9.55942,0.53721654,2.121148,
509651336671,3,9.56159,0.52968645,2.1132467,
509661376955,3,9.562716,0.52152795,2.1101873,
509671386720,3,9.563238,0.5132339,2.1098523,
509681396486,3,9.56463,0.50207394,2.1062248,
509691406251,3,9.56714,0.48805356,2.0981057,
509701416017,3,9.569693,0.4693746,2.0907073,
509711456300,3,9.57165,0.45077336,2.0858355,
509721466066,3,9.572572,0.42832887,2.086338,
509731475831,3,9.572739,0.4021832,2.0907733,
509741485597,3,9.573682,0.36760348,2.0928211,
509751525880,3,9.576892,0.3258394,2.0850322,
509761535646,3,9.583317,0.27955988,2.0621085,
509771545412,3,9.592652,0.2350158,2.0239036,
509781555177,3,9.602748,0.19828737,1.9794688,
509791595460,3,9.611631,0.17480244,1.938142,
509801605226,3,9.618419,0.16422874,1.9051054,
509811614992,3,9.622265,0.16807431,1.8852451,
509821624757,3,9.62405,0.182863,1.8747365,
509831665041,3,9.62372,0.20556788,1.874072,
509841674806,3,9.621324,0.23273645,1.8831758,
509851715090,3,9.61669,0.26228082,1.9028585,
509861724855,3,9.609733,0.28891924,1.9338977,
509871734621,3,9.600162,0.3106316,1.977575,
509881744386,3,9.589316,0.3261904,2.0270677,
509891784670,3,9.578052,0.33464405,2.0783038,
509901794435,3,9.567131,0.33967912,2.1272085,
509911804201,3,9.557178,0.34309858,2.1709535,
509921844484,3,9.548152,0.34665716,2.2097592,
509931884767,3,9.539884,0.34948125,2.2447448,
509941894533,3,9.532942,0.3533926,2.2734425,
509951904298,3,9.527222,0.35801527,2.2965765,
509961944582,3,9.522987,0.36280808,2.3133297,
509971954347,3,9.519763,0.36608374,2.3260477,
509981964113,3,9.517985,0.3682491,2.3329737,
509992004396,3,9.517221,0.36978376,2.335836,
510001983644,3,9.517648,0.37233722,2.333699,
510012023927,3,9.519973,0.37623483,2.3235621,
510022033693,3,9.524113,0.38137424,2.3056993,
510032043459,3,9.529412,0.38568887,2.2829666,
510042083742,3,9.535567,0.38891193,2.2565708,
510052093507,3,9.542247,0.38938335,2.228074,
510062103273,3,9.548476,0.38854223,2.201371,
510072143556,3,9.554392,0.38551733,2.1760902,
510082153322,3,9.559624,0.38080812,2.1538289,
510092163087,3,9.565086,0.37767568,2.1299973,
510102203371,3,9.57076,0.37548605,2.1047454,
510112213136,3,9.576919,0.37737873,2.0762043,
510122222902,3,9.5835705,0.38478464,2.0438948,
510132232667,3,9.59084,0.3932865,2.0078619,
510142242433,3,9.598481,0.40047437,1.9695594,
510152282716,3,9.606387,0.40436232,1.9298224,
510162292482,3,9.614154,0.4052885,1.8905537,
510172332765,3,9.621188,0.40369916,1.854764,
510182342531,3,9.626954,0.4028186,1.8248019,
510192352296,3,9.63159,0.40334758,1.8000516,
510202362062,3,9.635553,0.40480012,1.7783874,
510212371828,3,9.639373,0.4078148,1.756859,
510222381593,3,9.6432295,0.41037324,1.7349697,
510232391359,3,9.647209,0.4116361,1.7123914,
510242431642,3,9.651265,0.4093401,1.6899481,
510252471925,3,9.654577,0.40133536,1.672859,
510262481691,3,9.657585,0.38988194,1.6581466,
510272521974,3,9.659521,0.3762141,1.6500047,
510282531740,3,9.65962,0.360802,1.6528654,
510292572023,3,9.657795,0.35003686,1.6657909,
510302581788,3,9.654549,0.34452596,1.6856477,
510312591554,3,9.650265,0.3432374,1.710252,
510322601320,3,9.645834,0.34406215,1.7349049,
510332641603,3,9.641456,0.34590894,1.7587112,
510342651368,3,9.636783,0.34701926,1.7839252,
510352661134,3,9.630958,0.34743747,1.8150358,
510362670900,3,9.623745,0.34885553,1.8526287,
510372711183,3,9.615074,0.35275313,1.8963919,
510382720949,3,9.60621,0.35828358,1.9397897,
510392730714,3,9.597241,0.3653487,1.9823931,
510402740480,3,9.588422,0.37449062,2.022949,
510412780763,3,9.580301,0.3866431,2.05882,
510422790529,3,9.572835,0.40164897,2.0904286,
510432800294,3,9.566312,0.41766602,2.1169846,
510442810060,3,9.560389,0.43282473,2.1405723,
510452850343,3,9.555241,0.44772565,2.1603975,
510462860109,3,9.551194,0.46049395,2.1755555,
510472869874,3,9.548275,0.4710425,2.1860821,
510482910158,3,9.546453,0.47863662,2.1923785,
510492919923,3,9.546266,0.4825459,2.1923387,
510502960207,3,9.547723,0.48256403,2.1859791,
510512969972,3,9.550751,0.48081952,2.173098,
510522979738,3,9.554342,0.4795181,2.157545,
510532989504,3,9.5578575,0.4790309,2.1420255,
510543029787,3,9.560983,0.47884035,2.1280818,
510553222658,3,9.56301,0.48170304,2.1182992,
510563262941,3,9.563852,0.4858698,2.1135452,
510573272707,3,9.563673,0.49161828,2.1130233,
510583282472,3,9.562905,0.501338,2.11422,
510593109132,3,9.56251,0.5142022,2.112907,
510603118898,3,9.563101,0.52833384,2.106739,
510613128664,3,9.565047,0.54226154,2.0943284,
510623168947,3,9.568555,0.5550006,2.0748808,
510633178713,3,9.573732,0.5657143,2.0479298,
510643188478,3,9.579739,0.57495385,2.017032,
510653198244,3,9.585497,0.582526,1.9872926,
510663208009,3,9.59069,0.59219813,1.9591812,
510673248293,3,9.594512,0.60413873,1.9366823,
510683227541,3,9.597132,0.61598206,1.919899,
510693267824,3,9.598656,0.62820935,1.9082851,
510703277590,3,9.599594,0.6387363,1.9000516,
510713317873,3,9.600259,0.6480998,1.8935125,
510723358156,3,9.600509,0.6536878,1.8903234,
510733367921,3,9.600633,0.6542194,1.8895097,
510743408205,3,9.600239,0.6492504,1.8932161,
510753417970,3,9.598943,0.640268,1.9028263,
510763427736,3,9.5965605,0.6272496,1.9191087,
510773468019,3,9.594371,0.60627955,1.9367198,
510783447267,3,9.595114,0.57681704,1.942025,
510793457033,3,9.598901,0.5431851,1.9329859,
510803497316,3,9.605668,0.5010843,1.9106174,
510813507082,3,9.61317,0.46083093,1.8828187,
510823516847,3,9.619816,0.42478845,1.8571728,
510833557130,3,9.623708,0.3964245,1.8432325,
510843566896,3,9.624412,0.37948477,1.8431191,
510853607179,3,9.62169,0.37413055,1.8583617,
510863616945,3,9.615959,0.37958503,1.886704,
510873626710,3,9.607191,0.39407092,1.9279479,
510883666994,3,9.595512,0.41599226,1.9807827,
510893676759,3,9.581947,0.437346,2.0409348,
510903686525,3,9.567659,0.45637423,2.1028602,
510913696290,3,9.5538845,0.47056556,2.1615357,
510923736574,3,9.541626,0.4790826,2.2131999,
510933746339,3,9.531636,0.48246613,2.2551124,
510943786622,3,9.523997,0.4819,2.2872787,
510953826906,3,9.518536,0.4780565,2.310701,
510963836671,3,9.515059,0.47155896,2.3263059,
510973846437,3,9.512707,0.46472093,2.3372717,
510983856202,3,9.5113535,0.46154815,2.3433986,
510993865968,3,9.511214,0.458864,2.3444893,
511003906251,3,9.511587,0.45843732,2.3430648,
511013916017,3,9.512906,0.4569465,2.3379881,
511023925783,3,9.514505,0.45709407,2.331448,
511033935548,3,9.517045,0.45868748,2.3207414,
511043945314,3,9.521132,0.4608198,2.303495,
511053985597,3,9.527102,0.46249798,2.2783344,
511063995363,3,9.534188,0.4631234,2.2483704,
511074005128,3,9.541487,0.4625094,2.2173235,
511084014894,3,9.548708,0.4617501,2.186174,
511094024660,3,9.554953,0.45964697,2.1591685,
511104064943,3,9.560148,0.45754856,2.1364942,
511114074708,3,9.565076,0.45249125,2.1154082,
511124084474,3,9.570071,0.44430006,2.0944576,
511134124757,3,9.574696,0.43608752,2.0749516,
511144134523,3,9.579494,0.42986384,2.0539906,
511154174806,3,9.585317,0.42630732,2.0273983,
511164184572,3,9.591873,0.42702687,1.9960014,
511174194337,3,9.598538,0.4291621,1.9632285,
511184234621,3,9.605521,0.43268707,1.92799,
511194244386,3,9.611707,0.43408525,1.896597,
511204254152,3,9.616831,0.43621203,1.8699375,
511214263917,3,9.620247,0.43818566,1.851822,
511224334718,3,9.621385,0.44531304,1.8441987,
511234344484,3,9.620964,0.45736003,1.8434418,
511244323732,3,9.619939,0.47353083,1.8447038,
511254364015,3,9.618782,0.49186057,1.8459436,
511264373781,3,9.618309,0.50745356,1.8441864,
511274383547,3,9.618575,0.5180957,1.8398294,
511284423830,3,9.618454,0.52527654,1.838426,
511294433595,3,9.618636,0.5232511,1.8380612,
511304443361,3,9.6184225,0.51733434,1.8408453,
511314483644,3,9.61771,0.5086743,1.8469665,
511324493410,3,9.615845,0.5035671,1.8580507,
511334503175,3,9.613134,0.5012307,1.872644,
511344512941,3,9.609785,0.5026438,1.889384,
511354553224,3,9.606365,0.5045678,1.9061913,
511364562990,3,9.603921,0.5039713,1.9186201,
511374603273,3,9.601517,0.50194854,1.9311446,
511384613039,3,9.597918,0.4984072,1.9498621,
511394622804,3,9.592515,0.49239016,1.9777801,
511404632570,3,9.5854,0.48318276,2.014217,
511414642336,3,9.577288,0.47206223,2.0550234,
511424652101,3,9.569241,0.45902768,2.095068,
511434692384,3,9.560842,0.44619858,2.1357975,
511444702150,3,9.552145,0.43436027,2.1767554,
511454711916,3,9.542975,0.42629883,2.2181683,
511464752199,3,9.532904,0.42127547,2.2620068,
511474792482,3,9.522336,0.42222765,2.3059113,
511484802248,3,9.511857,0.4282666,2.3476732,
511494812013,3,9.501662,0.43799686,2.3868303,
511504821779,3,9.492399,0.45163435,2.420908,
511514831544,3,9.484155,0.46627516,2.450265,
511524841310,3,9.476915,0.4824559,2.475013,
511534881593,3,9.470973,0.5004747,2.4941132,
511544891359,3,9.465875,0.520126,2.5094008,
511554901125,3,9.460986,0.5394246,2.5237176,
511564941408,3,9.456778,0.558909,2.5352287,
511574951173,3,9.4528885,0.57724637,2.5456018,
511584960939,3,9.450533,0.59294045,2.5507345,
511594970705,3,9.449415,0.6035168,2.5523922,
511605010988,3,9.449293,0.61056,2.5511672,
511615203859,3,9.449382,0.61305094,2.5502439,
511625061037,3,9.449198,0.61318016,2.5508943,
511635070802,3,9.448663,0.6133792,2.552823,
511645080568,3,9.447929,0.6142045,2.5553463,
511655120851,3,9.447604,0.61370796,2.556663,
511665130617,3,9.448148,0.6142612,2.5545242,
511675140382,3,9.450709,0.61369365,2.545167,
511685150148,3,9.455572,0.6097908,2.52798,
511695159913,3,9.46165,0.6040166,2.506537,
511705200197,3,9.468643,0.5968287,2.48173,
511715240480,3,9.475833,0.5907248,2.4556124,
511725219728,3,9.483115,0.58451545,2.4288354,
511735229494,3,9.489701,0.57874066,2.404377,
511745269777,3,9.4943285,0.57297117,2.387428,
511755310060,3,9.495448,0.56644,2.384536,
511765319825,3,9.493128,0.56016284,2.3952317,
511775329591,3,9.488769,0.5515005,2.4144404,
511785369874,3,9.4821825,0.5393886,2.4428818,
511795379640,3,9.472818,0.5209777,2.4828813,
511805389406,3,9.460946,0.49686202,2.5325947,
511815399171,3,9.447733,0.46445614,2.5874755,
511825439455,3,9.435219,0.42432752,2.639508,
511835449220,3,9.428026,0.38231444,2.671431,
511845458986,3,9.427385,0.3393667,2.6794894,
511855468751,3,9.431379,0.3022703,2.669854,
511865478517,3,9.438593,0.26837036,2.6478941,
511875488283,3,9.448194,0.24093087,2.6161015,
511885498048,3,9.456955,0.21789399,2.586295,
511895538331,3,9.461976,0.19897828,2.5693994,
511905548097,3,9.463659,0.18306641,2.5643747,
511915588380,3,9.462038,0.16940907,2.5712903,
511925598146,3,9.456794,0.15854192,2.5912025,
511935607912,3,9.449218,0.1527835,2.6190352,
511945617677,3,9.441176,0.14985037,2.648042,
511955657960,3,9.43453,0.15238602,2.6714785,
511965667726,3,9.430547,0.15862522,2.68515,
511975677492,3,9.429381,0.16461131,2.6888778,
511985687257,3,9.431346,0.16928193,2.6816866,
511995727541,3,9.436253,0.16941491,2.66436,
512005767824,3,9.443678,0.16696313,2.6380823,
512015777590,3,9.452686,0.16589959,2.6056824,
512025787355,3,9.462576,0.1651926,2.5695806,
512035827638,3,9.471563,0.1654726,2.536233,
512045837404,3,9.479152,0.1664847,2.5076656,
512055877687,3,9.484281,0.16785862,2.4881034,
512065856935,3,9.487549,0.16736528,2.4756403,
512075897218,3,9.4906435,0.16573767,2.4638598,
512085906984,3,9.49442,0.16308688,2.4494483,
512095947267,3,9.499575,0.16186054,2.4294565,
512105957033,3,9.506116,0.16217531,2.4037158,
512115966798,3,9.513099,0.16473463,2.3757594,
512125976564,3,9.520326,0.17091186,2.3461845,
512135986330,3,9.52642,0.18348025,2.320355,
512146026613,3,9.531002,0.20175591,2.2999294,
512156036378,3,9.534557,0.22710751,2.2827637,
512166046144,3,9.537648,0.25778615,2.266539,
512176086427,3,9.539415,0.29091159,2.2550733,
512186096193,3,9.539835,0.32131812,2.249156,
512196136476,3,9.539737,0.34888914,2.2454631,
512206146242,3,9.539705,0.3735931,2.2416205,
512216156007,3,9.54143,0.3928931,2.230951,
512226165773,3,9.5453825,0.4057526,2.211663,
512236175539,3,9.55147,0.41269058,2.1839228,
512246215822,3,9.55813,0.41603902,2.1539428,
512256256105,3,9.564429,0.4173618,2.125535,
512266265871,3,9.570422,0.41955695,2.0979497,
512276275636,3,9.574873,0.4220973,2.077021,
512286285402,3,9.576644,0.42931235,2.0673559,
512296295167,3,9.576635,0.4412889,2.0648768,
512306335451,3,9.575274,0.45789254,2.0675702,
512316345216,3,9.573458,0.47670975,2.071721,
512326354982,3,9.572306,0.49701694,2.0722752,
512336364748,3,9.57315,0.51511633,2.0639403,
512346405031,3,9.574851,0.52944416,2.0523884,
512356414796,3,9.574964,0.5416186,2.048686,
512366485597,3,9.572131,0.5515432,2.0592468,
512376464845,3,9.565041,0.55811584,2.0901926,
512386505128,3,9.554882,0.56058395,2.1355023,
512396514894,3,9.543899,0.558959,2.1844852,
512406524660,3,9.533841,0.55240357,2.2295973,
512416534425,3,9.525559,0.5430583,2.2669828,
512426544191,3,9.519464,0.53161067,2.2951264,
512436584474,3,9.515366,0.51931816,2.3148482,
512446594240,3,9.511709,0.50646925,2.3326561,
512456634523,3,9.50884,0.49172935,2.3474605,
512466644288,3,9.506922,0.4764359,2.358353,
512476654054,3,9.504306,0.4578867,2.3725317,
512486663820,3,9.499752,0.43928576,2.3941898,
512496704103,3,9.490332,0.41656625,2.4352539,
512506713868,3,9.480293,0.39526305,2.4775393,
512516723634,3,9.471744,0.3736372,2.5133371,
512526763917,3,9.466081,0.35614365,2.5370986,
512536773683,3,9.464931,0.34211656,2.5433142,
512546783449,3,9.4678545,0.33095455,2.533892,
512556793214,3,9.473624,0.3240347,2.5131307,
512566802980,3,9.481617,0.32083267,2.4832275,
512576843263,3,9.490275,0.32227293,2.4497411,
512586853029,3,9.498091,0.32873747,2.4183867,
