1075691375734,3,9.3872795,0.6011499,0.20791763,
1075701232912,3,9.770482,0.49052992,0.14220428,
1075711212160,3,9.697884,0.51552796,0.25536895,
1075721282960,3,9.404344,0.4951703,0.1896556,
1075731292726,3,9.523945,0.4369414,0.3332071,
1075751312257,3,9.449999,0.5366341,0.34802628,
1075761352541,3,9.556277,0.597258,0.19818787,
1075771362306,3,9.778266,0.569865,0.34817597,
1075781372072,3,9.782008,0.5556445,0.24758515,
1075791381837,3,9.644744,0.60459274,0.24953109,
1075801422121,3,9.610315,0.6197113,0.31404695,
1075811431886,3,9.580827,0.6569838,0.26973906,
1075821624757,3,9.616003,0.57255936,0.041912843,
1075831634523,3,9.467213,0.46553192,0.1540297,
1075841644288,3,9.514066,0.443378,0.36553985,
1075851501466,3,9.415121,0.5456154,0.37526962,
1075861511232,3,9.543854,0.61058027,0.41224274,
1075871551515,3,9.508976,0.58333695,0.48484176,
1075881561281,3,9.516011,0.6294411,0.33994308,
1075891571047,3,9.43024,0.64440995,0.511636,
1075901580812,3,9.456435,0.6215076,0.32826737,
1075911621095,3,9.403894,0.5150789,0.42945695,
1075921630861,3,9.511071,0.6262976,0.470771,
1075931640627,3,9.46886,0.6979985,0.3887416,
1075941680910,3,9.780661,0.5616321,0.38065842,
1075951721193,3,9.743538,0.6348299,0.3050656,
1075961700441,3,9.812695,0.52855086,0.26929,
1075971740724,3,9.869726,0.5495073,0.30416748,
1075981750490,3,9.685309,0.6408174,0.3186873,
1075991943361,3,9.567055,0.76535845,0.36015105,
1076001770021,3,9.47784,0.6743477,0.28695327,
1076011810304,3,9.624236,0.5734575,0.22767654,
1076021820070,3,9.654623,0.52570677,0.26794282,
1076031829836,3,9.752669,0.5192702,0.35356477,
1076041900636,3,9.707763,0.6286926,0.44352767,
1076052093507,3,9.944421,0.6981482,0.48858398,
1076062103273,3,9.849967,0.52510804,0.5572911,
1076072113039,3,9.720935,0.5536986,0.62060946,
1076082122804,3,9.745035,0.45176056,0.83002394,
1076092163087,3,9.696686,0.5309459,0.5923183,
1076102172853,3,9.51167,0.56687117,0.69754946,
1076112213136,3,9.223669,0.72539157,0.6743477,
1076122009279,3,9.210347,0.5758525,0.69485503,
1076132049562,3,9.343121,0.76461,0.6893166,
1076142059328,3,9.445957,0.6807843,0.68916684,
1076152099611,3,9.5109215,0.5242099,0.6956035,
1076162109376,3,9.7095585,0.6095325,0.7195537,
1076172119142,3,9.574689,0.6499484,0.7033873,
1076182128908,3,9.731862,0.5680687,0.646805,
1076192169191,3,9.620793,0.49546966,0.6893166,
1076202178956,3,9.600735,0.48139894,0.73212755,
1076212188722,3,9.466464,0.65488815,0.6351292,
1076222229005,3,9.436676,0.6456075,0.51028883,
1076232238771,3,9.55987,0.60863435,0.31748977,
1076242279054,3,9.718241,0.64351183,0.25701553,
1076252258302,3,9.701924,0.8580158,0.13382171,
1076262298585,3,9.724827,0.60773623,-0.0504451,
1076272308351,3,9.762399,0.44352767,0.04655319,
1076282318117,3,9.600735,0.44247985,-0.03502716,
1076292358400,3,9.780361,0.47032195,0.15043716,
1076302368165,3,9.917626,0.4285588,0.23860382,
1076312377931,3,9.22307,0.6093828,0.24908203,
1076322448732,3,9.644594,0.060923308,0.36119887,
1076332427980,3,9.990973,0.30222154,0.7191046,
1076342468263,3,10.447824,0.5906717,0.61087966,
1076352447511,3,9.866732,0.27288255,0.6984476,
1076362487794,3,9.386231,0.086220704,0.5798941,
1076372497560,3,9.291029,0.2839595,0.33365616,
1076382537843,3,9.303753,0.24803421,-0.08846603,
1076392578127,3,9.560319,0.20761825,-0.067060545,
1076402557374,3,9.427995,-0.09744736,0.5530998,
1076412567140,3,9.209149,-0.16316071,0.89992857,
1076422576906,3,9.063502,-0.21989273,1.0106982,
1076432586671,3,9.286838,-0.10642868,1.4199471,
1076442626955,3,9.684112,-0.27093658,1.73115,
1076452636720,3,9.726174,0.121397555,1.5735278,
1076462677004,3,9.872121,0.24264541,1.4997313,
1076472686769,3,9.26184,0.5170248,1.0490185,
1076482696535,3,8.788525,0.64575714,0.75937086,
1076492706300,3,8.024962,0.38724473,0.8149054,
1076502746584,3,7.923024,0.3516188,0.7143146,
1076512756349,3,8.59782,0.4617897,-0.4062552,
1076522766115,3,10.409353,1.0087523,-2.1395009,
1076532775880,3,10.583142,0.82747924,-0.9358539,
1076542816164,3,9.935289,0.8557704,0.04430786,
1076553039552,3,9.445358,0.54097503,0.37766466,
1076562866213,3,9.500144,0.09639954,1.0057585,
1076572845460,3,9.87242,0.24788453,0.9767189,
1076582855226,3,9.848769,0.29788056,1.0722203,
1076592895509,3,9.830507,0.5733078,1.1217673,
1076602905275,3,9.399703,0.4312532,1.0874885,
1076612915041,3,9.498049,0.5278024,0.7590715,
1076622955324,3,9.870324,0.669857,0.5439688,
1076632965090,3,9.878857,0.6592291,0.276026,
1076643005373,3,9.881401,0.55549484,0.37122804,
1076653045656,3,9.735306,0.742007,0.47870454,
1076663085939,3,9.969269,0.7658075,0.41703278,
1076673095705,3,9.5931015,0.5131329,0.56687117,
1076683105470,3,9.612261,0.53379,0.78242296,
1076693115236,3,9.615255,0.54756135,0.79230237,
1076703125002,3,9.78096,0.556842,0.99049026,
1076713134767,3,9.58876,0.52076703,0.9029224,
1076723144533,3,9.452992,0.72554123,0.58079225,
1076733184816,3,9.747729,0.6316864,0.5745053,
1076743225099,3,9.514066,0.54786074,0.6601273,
1076753234865,3,9.608668,0.67075515,0.49427214,
1076763244630,3,9.724827,0.62060946,0.3769162,
1076773284913,3,9.816137,0.70428544,0.33919466,
1076783264162,3,9.669891,0.3275189,0.63647646,
1076793273927,3,9.669592,0.5638774,0.80053526,
1076803314210,3,9.532028,0.4673282,0.82104266,
1076813537599,3,9.2569,0.48005173,0.8650511,
1076823333742,3,9.061407,0.6547385,0.81984514,
1076833404542,3,9.157657,0.47571075,0.83915496,
1076843383790,3,9.3083935,0.62016034,0.6423143,
1076853424074,3,9.384135,0.63108766,0.5170248,
1076863433839,3,9.63711,0.7671547,0.40595582,
1076873474122,3,9.6228895,0.6207591,0.49966094,
1076883483888,3,9.800719,0.6010002,0.5040019,
1076893463136,3,9.71869,0.5292993,0.583786,
1076903503419,3,9.792187,0.48289582,0.79394895,
1076913513185,3,9.602082,0.6075865,0.70458484,
1076923522951,3,9.63217,0.49292496,0.7694,
1076933532716,3,9.461375,0.5372328,0.66910857,
1076943572999,3,9.453591,0.6059399,0.70114195,
1076953613283,3,9.599238,0.6477031,0.803529,
1076963592531,3,9.616901,0.53783154,0.6147716,
1076973632814,3,9.600436,0.6703061,0.6189629,
1076983642579,3,9.543854,0.76670563,0.7997868,
1076993682863,3,9.850865,0.6873706,1.0080038,
1077003692628,3,9.669292,0.5676196,0.92313033,
1077013702394,3,9.645941,0.59441394,1.1750565,
1077023742677,3,9.776021,0.63632673,1.1458671,
1077033752443,3,9.708811,0.6706055,1.2046949,
1077043792726,3,9.591754,0.52600616,1.0611434,
1077053802492,3,9.665999,0.68273026,1.1147319,
1077063812257,3,9.663006,0.7458989,1.0205777,
1077073852541,3,9.499396,0.74230635,0.9494755,
1077083862306,3,9.446706,0.7529343,0.8580158,
1077093872072,3,9.46362,0.7189549,0.74410266,
1077103912355,3,9.645043,0.594863,0.7367679,
1077114105226,3,9.51152,0.6794371,0.86759585,
1077123931886,3,9.369915,0.80367875,0.8735834,
1077133941652,3,9.479487,0.7149133,0.886756,
1077143951417,3,9.748927,0.8719368,0.771346,
1077153961183,3,9.600137,0.69216067,0.8734337,
1077163970949,3,9.5696,0.53992724,0.5170248,
1077174041750,3,9.604776,0.61028093,0.61881316,
1077184051515,3,9.533226,0.78975767,0.9159453,
1077194061281,3,9.47829,0.8904982,0.9210347,
1077204071047,3,9.303903,0.8457413,1.058898,
1077214111330,3,9.450598,0.7575746,0.75562865,
1077224121095,3,9.450897,0.6632707,0.70293826,
1077234130861,3,9.1886425,-0.19669098,0.06197113,
1077244171144,3,9.746233,0.3332071,-0.3439847,
1077254180910,3,9.778565,0.6243517,-0.1261876,
1077264190675,3,9.678873,0.33245865,0.19998413,
1077274230959,3,9.500144,0.31255004,0.3956273,
1077284210207,3,9.605824,0.22348526,0.72703815,
1077294219972,3,9.61286,0.30970597,1.0542576,
1077304260255,3,9.866881,0.4297563,1.1725117,
1077314300539,3,9.743089,0.40954834,1.1027569,
1077324310304,3,9.778266,0.44517425,1.2112812,
1077334320070,3,9.474697,0.3930826,1.115181,
1077344360353,3,9.301507,0.5239105,0.9840537,
1077354370119,3,9.370963,0.6288423,0.8747809,
1077364379884,3,9.4000025,0.4510121,0.9105565,
1077374420167,3,9.448502,0.62554914,0.74649763,
1077384429933,3,9.655072,0.5239105,0.5454657,
1077394439699,3,9.44955,0.6655161,0.5233118,
1077404449464,3,9.62723,0.56881714,0.78466827,
1077414459230,3,9.590257,0.7276369,0.7063811,
1077424499513,3,9.554032,0.67479676,0.8662486,
1077434509279,3,9.427695,0.7497908,1.0627899,
1077444519044,3,9.305848,0.89513856,0.9621991,
1077454559328,3,9.373358,0.8653505,0.96175003,
1077464569093,3,9.4667635,0.90471864,0.9940828,
1077474609376,3,9.660312,0.91519684,1.1289524,
1077484588625,3,9.552984,0.773741,0.8836125,
1077494628908,3,9.345965,0.76730436,0.9108559,
1077504669191,3,9.416019,0.71326673,0.789608,
1077514709474,3,9.528885,0.6848259,0.7195537,
1077524749757,3,9.684561,0.52450925,0.70772827,
1077534729005,3,9.936936,0.542921,0.72643936,
1077544738771,3,9.8582,0.6706055,0.8134085,
1077554748537,3,9.7707815,0.58618104,1.0409354,
1077564758302,3,9.620494,0.51567763,1.0084529,
1077574768068,3,9.78126,0.7617659,1.0499167,
1077584777833,3,9.601633,0.82044387,1.1443703,
1077594818117,3,9.453591,0.8833131,0.97881454,
1077604827882,3,9.537117,0.81535447,1.0443782,
1077614868165,3,9.493558,0.71536237,1.1270064,
1077624908449,3,9.351803,0.5882767,1.1048524,
1077634948732,3,9.429192,0.68557435,1.0780581,
1077644927980,3,9.763746,0.53962785,1.0446776,
1077654968263,3,9.641601,0.53932846,1.3010944,
1077665161134,3,9.745634,0.58872575,1.3150154,
1077675170900,3,9.782757,0.61252624,1.3222004,
1077685211183,3,10.081236,0.6608757,1.2665162,
1077695037843,3,10.06477,0.7319778,1.2102333,
1077705047609,3,9.851165,0.726589,1.2850777,
1077715057374,3,9.770482,0.7113208,1.1852353,
1077725067140,3,9.730216,0.72778654,1.2365785,
1077735107423,3,9.812096,0.9048683,1.3034893,
1077745117189,3,9.676178,0.7432045,1.1388317,
1077755126955,3,9.710756,0.8066725,1.051713,
1077765167238,3,9.602681,0.8418494,1.1895763,
1077775360109,3,9.763297,0.6328839,0.96160036,
1077785369874,3,9.624386,0.64036834,1.2434642,
1077795410158,3,9.757759,0.7180568,1.1704161,
1077805419923,3,9.690847,0.72164935,1.1799961,
1077815429689,3,9.640403,0.64440995,1.1439213,
1077825439455,3,9.648935,0.737666,1.3078303,
1077835479738,3,9.812695,0.8086185,1.162782,
1077845489504,3,9.942774,0.9063652,1.3560301,
1077855499269,3,9.7144985,0.97971267,1.121917,
1077865539552,3,9.6179495,0.9057664,1.2078383,
1077875366213,3,9.480236,0.96683943,1.1322455,
1077885375978,3,9.351204,0.8557704,1.1051518,
1077895416261,3,9.30016,0.9172925,1.1964619,
1077905395509,3,9.274115,0.88346285,1.2436138,
1077915466310,3,9.128917,0.8454419,1.0865904,
1077925476076,3,9.375903,0.7575746,1.0385404,
1077935668947,3,9.473351,0.88690567,0.9375005,
1077945526125,3,9.531429,0.7659572,1.0166858,
1077955535890,3,9.454639,0.77329195,1.1966116,
1077965728761,3,9.474697,0.81026506,1.0544074,
1077975738527,3,9.464968,0.7430548,1.2951068,
1077985778810,3,9.402099,0.8089178,1.232986,
1077995788576,3,9.332493,0.7924521,1.1527529,
1078005798341,3,9.232651,0.748743,1.1232642,
1078015838625,3,9.161249,0.63932055,1.1455678,
1078025848390,3,9.001082,0.76101744,1.0928774,
1078035675050,3,9.021589,0.5731581,1.1011102,
1078045715333,3,9.065598,0.6547385,1.2370276,
1078055725099,3,9.13206,0.62839323,1.2669654,
1078065734865,3,9.193282,0.52825147,1.1844869,
1078075744630,3,9.529334,0.53019744,0.84738785,
1078085754396,3,9.697434,0.5065466,0.7158115,
1078095794679,3,9.804162,0.45610154,0.5376819,
1078105804445,3,9.791887,0.58049285,0.49936157,
1078115814210,3,9.935439,0.5131329,0.43739045,
1078125854494,3,9.853859,0.58962387,0.5613327,
1078135833742,3,9.9468155,0.6620732,0.42302033,
1078145843507,3,9.961934,0.7620653,0.54786074,
1078155883790,3,10.102342,0.85921323,0.5170248,
1078165893556,3,10.108779,0.88735473,0.45535308,
1078175903322,3,10.145602,1.0520123,0.38589752,
1078185913087,3,9.910891,0.76281375,0.429906,
1078195953371,3,9.497899,0.79679304,0.11166778,
1078205963136,3,9.31977,0.8241861,0.2775229,
1078215972902,3,9.197623,1.1157798,0.024998017,
1078226013185,3,9.110206,1.1056008,-0.03382965,
1078236053468,3,9.349258,1.1050022,-0.18920654,
1078246063234,3,9.409733,1.0642868,-0.36838394,
1078256103517,3,9.560918,1.2407699,-0.5724097,
1078266082765,3,9.542057,1.0768607,-0.8741821,
1078276092531,3,9.547596,1.1274555,-1.1783496,
1078286132814,3,9.7779665,1.0566527,-1.1021581,
1078296142579,3,9.650881,1.0620415,-1.0556048,
1078306182863,3,9.365574,1.1761043,-0.86639833,
1078316192628,3,9.5351715,1.237327,-0.8211923,
1078326202394,3,9.478439,1.0574012,-0.58902514,
1078336242677,3,9.41557,1.0083032,-0.6149213,
1078346252443,3,9.38683,0.9951306,-0.53423905,
1078356262208,3,9.45434,0.96668977,-0.80367875,
1078366302492,3,9.46392,1.0792557,-0.9451346,
1078376312257,3,9.434281,1.1942166,-1.0955718,
1078386352541,3,9.553284,1.2252022,-1.2704082,
1078396362306,3,9.638456,1.2030482,-1.3492942,
1078406372072,3,9.788594,1.1826906,-1.3358221,
1078416412355,3,9.685759,1.2807367,-1.2921131,
1078426422121,3,9.644444,1.2464579,-1.1933185,
1078436431886,3,9.584569,1.2900174,-0.9952803,
1078446472170,3,9.52589,1.4684464,-1.0829979,
1078456481935,3,9.544601,1.6206797,-0.85053134,
1078466491701,3,9.4402685,1.5932868,-0.75592804,
1078476531984,3,9.138796,1.7060024,-0.7557784,
1078486541750,3,8.881781,1.9411633,-0.68692154,
1078496551515,3,8.863369,1.64463,-0.8795709,
1078506561281,3,8.737929,1.6438816,-1.051713,
1078516601564,3,8.985814,1.7491127,-1.1822416,
1078526641847,3,8.934919,1.6121476,-1.2184662,
1078536621095,3,8.831485,1.5069164,-1.0803035,
1078546661378,3,8.869805,1.2654685,-1.063239,
1078556671144,3,8.899444,1.0823991,-0.90337145,
1078566680910,3,8.956775,1.1276051,-0.6529422,
1078576690675,3,9.20885,1.1684701,-0.38559815,
1078586700441,3,9.233399,1.3702506,-0.40326142,
1078596740724,3,9.41078,1.3602214,-0.37826338,
1078606750490,3,9.283395,1.3620176,-0.38365218,
1078616790773,3,9.038954,1.4953903,-0.5430707,
1078626800539,3,9.07937,1.5745757,-0.73093003,
1078636810304,3,9.005872,1.7179774,-0.9761202,
1078646820070,3,8.772358,1.6149917,-1.0626402,
1078656860353,3,8.8476515,1.7199234,-1.389261,
1078666870119,3,9.068293,1.8043479,-1.5440391,
1078676910402,3,9.244027,1.6296611,-1.18778,
1078686920167,3,9.499396,1.5076648,-1.2445121,
1078696929933,3,9.896071,1.5322137,-0.77838135,
1078706939699,3,9.965976,1.4494358,-0.6236032,
1078716949464,3,10.042316,1.5552658,-0.37122804,
1078726989748,3,10.0996475,1.7515078,-0.3466791,
1078736999513,3,9.962383,1.6293617,-0.60354495,
1078747009279,3,9.981993,1.3808784,-0.8026309,
1078757019044,3,10.10324,1.2124786,-1.0246193,
1078767059328,3,10.528207,1.0003697,-1.3638139,
1078777069093,3,10.571317,0.8012837,-1.4891034,
1078787078859,3,10.732532,0.7813751,-1.4347664,
1078797088625,3,10.692565,0.92028624,-1.3633648,
1078807098390,3,10.490785,1.0922786,-1.239722,
1078817138673,3,10.358909,1.0442286,-1.074765,
1078827148439,3,10.402318,1.1258088,-1.0737172,
1078837188722,3,10.608589,1.10605,-1.0370435,
1078847198488,3,10.826686,1.3201048,-0.9279204,
1078857238771,3,10.77654,1.6181351,-0.67135394,
1078867248537,3,10.85812,1.6833993,-0.5411247,
1078877288820,3,10.82953,1.8133292,-0.20402573,
1078887268068,3,10.826087,1.6923807,-0.34982255,
1078897308351,3,10.782977,1.4310242,-0.24893235,
1078907318117,3,11.241024,1.337319,-0.068108365,
1078917358400,3,11.423494,1.0684781,0.10807525,
1078927368165,3,11.915671,0.8238867,0.5439688,
1078937377931,3,12.574002,0.34563124,1.3492942,
1078957427980,3,12.336446,-0.03727249,1.7043557,
1078967407228,3,11.88259,0.035326537,1.5422429,
1078977447511,3,11.582165,-0.15477814,1.4831158,
1078987457277,3,11.465108,-0.15283218,1.4696438,
1078997467042,3,11.216625,-0.23875351,1.4712905,
1079007507325,3,11.024574,0.11630814,1.8065932,
1079017517091,3,10.779235,0.51118696,2.2070105,
1079027557374,3,10.503358,0.48633865,2.3975642,
1079037567140,3,10.32942,0.78406954,2.5396187,
1079047607423,3,10.125693,0.8773256,2.2752686,
1079057617189,3,9.729318,0.8945398,2.0631597,
1079067626955,3,9.485325,0.9985735,1.8383272,
1079077667238,3,8.884924,0.8378078,1.0818003,
1079087677004,3,8.618478,0.7572752,0.7631131,
1079097686769,3,8.537497,0.6138734,0.48603928,
1079107696535,3,8.660541,0.4674779,0.23456222,
1079117736818,3,8.642578,0.45430526,0.18651214,
1079127746584,3,8.585846,0.5072951,-0.052241363,
1079137756349,3,8.765922,0.29907808,-0.03966751,
1079147796632,3,8.572074,0.4872368,-0.13157639,
1079157806398,3,8.298742,0.53902906,0.120200045,
1079167816164,3,8.0668745,0.75428146,0.5016069,
1079177825929,3,7.6971436,1.0071057,0.7041357,
1079187866213,3,7.6284366,1.0812017,1.0187814,
1079197875978,3,7.388635,0.9942325,1.0397378,
1079207916261,3,7.2937326,0.86984116,0.70518357,
1079217926027,3,7.564669,0.60174865,0.49202684,
1079227935793,3,8.086634,0.5228627,0.16825013,
1079237976076,3,8.284971,0.34937346,0.03727249,
1079247985841,3,8.922047,0.4445755,0.10852432,
1079257995607,3,9.510324,0.547711,0.19354752,
1079268005373,3,9.993369,0.57405627,0.24054977,
1079278045656,3,10.206974,0.48918274,0.51148635,
1079288055421,3,10.186767,0.30042526,0.42496628,
1079298065187,3,10.063273,0.27018815,0.6899153,
1079308074953,3,9.906999,0.47301635,0.65907943,
1079318115236,3,9.600884,0.72105056,0.87687653,
1079328155519,3,9.509425,1.0572515,1.2266991,
1079338165285,3,9.2730665,1.5392491,1.2900174,
1079348175050,3,9.28579,1.8669177,1.8176701,
1079358215333,3,9.378897,2.0712428,2.5408163,
1079368225099,3,10.193652,1.8033,3.3718882,
1079378234865,3,10.691367,1.3458513,3.5973194,
1079388244630,3,11.688444,1.0193802,2.9582982,
1079398254396,3,12.106375,0.93765014,2.2366488,
1079408294679,3,12.491224,1.0542576,1.1346405,
1079418273927,3,12.590618,1.2683126,0.40865022,
1079428314210,3,12.100686,1.4651532,0.12783417,
1079438354494,3,11.439511,1.9731967,0.09131012,
1079448364259,3,11.28638,2.174977,0.2336641,
1079458374025,3,11.085947,2.5906627,0.50894165,
1079468383790,3,10.941197,2.6485922,0.5303471,
1079478424074,3,10.7645645,2.6770332,0.9225316,
1079488464357,3,10.334958,2.970872,1.1663746,
1079498474122,3,10.1647625,2.9090507,1.2400213,
1079508453371,3,10.118209,2.5836272,1.4650035,
1079518493654,3,10.38256,2.222578,1.7054036,
1079528533937,3,10.491532,1.593137,1.3337265,
1079538543702,3,10.563233,1.0502161,1.1874806,
1079548583986,3,10.347233,0.5993536,0.8904982,
1079558593751,3,9.81479,0.41733214,0.5456154,
1079568603517,3,9.4419155,0.24548951,0.17723145,
1079578613283,3,8.560398,0.22468276,-0.34937346,
1079588623048,3,8.005802,0.3528163,-0.55639297,
1079598632814,3,7.081474,0.41882905,-0.63902116,
1079608673097,3,6.531368,0.5680687,-0.6709049,
1079618682863,3,6.1878324,0.65458876,-0.5626799,
1079628723146,3,5.557044,0.81550413,-0.5878276,
1079638732912,3,5.4525614,0.88316345,-0.43200165,
1079648742677,3,5.258565,0.9916878,-0.25926086,
1079658782960,3,5.2732344,1.0138417,-0.15881974,
1079668823244,3,5.4673805,1.1910732,-0.19294876,
1079678802492,3,5.3215837,0.988694,-0.40939865,
1079688842775,3,5.6523957,1.1663746,-0.3743715,
1079698852541,3,5.97737,1.0047107,-0.5125342,
1079708862306,3,6.521189,1.2573853,-0.58977354,
1079718902590,3,6.7355433,1.4323714,-0.53528684,
1079728912355,3,7.38624,1.1954141,-0.42960662,
1079738922121,3,7.9752655,1.3521382,-0.16241226,
1079748931886,3,8.858279,1.2949572,0.54875886,
1079758941652,3,9.279503,1.300795,0.83316743,
1079768951417,3,9.782757,0.99363375,1.2654685,
1079778991701,3,10.431657,0.63333297,1.3133688,
1079789001466,3,10.932516,0.41239244,1.3564792,
1079799072267,3,11.51675,0.21944366,1.2639716,
1079809082033,3,11.838283,0.2535727,1.1843371,
1079819091798,3,12.063863,0.31105316,0.52061737,
1079829101564,3,12.276272,0.44921586,0.15238312,
1079839111330,3,12.649446,0.7801776,-0.047301635,
1079849151613,3,12.694652,1.0105486,0.09175918,
1079859161378,3,12.471016,1.2942086,0.41643402,
1079869171144,3,11.587704,1.6750168,1.02911,
1079879180910,3,11.039543,1.7119899,1.3841716,
1079889221193,3,11.138936,1.2793895,1.2479548,
1079899230959,3,11.343561,0.9690848,0.95351714,
1079909240724,3,11.385175,0.30326936,0.49711624,
1079919250490,3,11.613001,-0.15313156,0.21570145,
1079929290773,3,11.722424,-0.31195128,0.14265335,
1079939300539,3,11.662847,-0.6095325,0.7219487,
1079949340822,3,10.982811,-0.61252624,1.2002041,
1079959350587,3,10.355915,-0.41912842,2.2070105,
1079969360353,3,9.823771,-0.31763947,2.937192,
1079979370119,3,9.506881,-0.11091934,3.4117053,
1079989379884,3,9.2449255,0.08996292,3.5884876,
1079999420167,3,9.271569,0.011076965,3.1966026,
1080009429933,3,9.00198,-0.06346802,2.413132,
1080019470216,3,9.077573,-0.17872833,1.3578264,
1080029479982,3,8.941357,-0.3409909,0.28351045,
1080039489748,3,8.782387,-0.47750703,-0.46059218,
1080049499513,3,8.861123,-0.6236032,-0.7164102,
1080059539796,3,8.71847,-0.5701643,-0.99483126,
1080069549562,3,8.692574,-0.6342311,-0.7560777,
1080079589845,3,8.684939,-0.54696256,-0.59246796,
1080089569093,3,8.600665,-0.41613466,-0.38050872,
1080099609376,3,8.487201,-0.3820056,0.08936416,
1080109619142,3,8.23243,-0.16974701,0.37332368,
1080119628908,3,8.111033,-0.16001724,0.7282356,
1080129638673,3,7.4862323,0.124241635,1.0629396,
1080139648439,3,7.1326675,0.3610492,1.1148816,
1080149688722,3,6.740184,0.5031038,0.95381653,
1080159729005,3,6.846762,0.46882507,0.58303756,
1080169738771,3,6.705456,0.53169435,0.45415556,
1080179748537,3,7.2322106,0.34323624,0.123493195,
1080189788820,3,7.581135,0.26569748,-0.15837067,
1080199798585,3,8.027207,0.25791368,0.04580475,
1080209808351,3,8.480016,0.31135255,0.07454498,
1080219818117,3,8.750354,0.5266049,0.4391867,
1080229827882,3,9.72827,0.80307996,0.7614665,
1080239868165,3,10.285112,0.9383986,1.1053015,
1080249877931,3,10.373129,1.1145822,1.4522799,
1080259918214,3,10.183623,1.352737,1.8724562,
1080269958498,3,9.985735,1.6733702,2.001488,
1080279968263,3,9.660461,2.1525238,2.1622536,
1080289978029,3,9.570199,2.4670198,2.0579205,
1080300018312,3,9.727222,2.743944,1.6875906,
1080310028078,3,9.876462,2.4923172,1.4876065,
1080320007325,3,10.038276,1.7797989,0.98824495,
1080330047609,3,10.669213,1.3081298,0.48139894,
1080340057374,3,11.616444,0.94453585,0.38709503,
1080350097658,3,13.152249,0.7450008,0.305365,
1080360107423,3,13.889766,0.73586977,0.6993457,
1080370117189,3,14.749429,1.1588901,1.2852273,
1080380157472,3,15.294445,1.3934523,1.7679734,
1080390167238,3,14.919624,2.0707939,2.8157945,
1080400177004,3,14.252911,2.3665786,3.4103582,
1080410186769,3,13.587844,2.6125174,4.076323,
1080420227052,3,12.346625,2.8324099,4.769382,
1080430236818,3,11.713142,3.0488598,4.605623,
1080440246584,3,10.561587,3.0029054,4.348757,
1080450286867,3,10.06971,3.0202694,3.5069075,
1080460296632,3,9.621392,2.6533823,2.8445349,
1080470306398,3,9.561966,2.3611898,2.5430617,
1080480316164,3,9.455986,1.9585272,2.681823,
1080490356447,3,9.982292,1.8453625,2.542014,
1080500366213,3,10.146351,1.4768289,2.432292,
1080510375978,3,9.852811,1.2641213,2.1823118,
1080520416261,3,9.66091,1.2220588,1.9534378,
1080530426027,3,8.994047,1.237327,1.5172448,
1080540435793,3,7.8624,1.2186159,0.9057664,
1080550445558,3,7.4553967,1.353186,0.43469605,
1080560485841,3,6.7850904,1.1250604,-0.14609618,
1080570495607,3,6.072572,1.2178674,-0.29114455,
1080580535890,3,6.0655365,0.84364563,-0.45265868,
1080590545656,3,6.1405306,0.6629713,-0.5719606,
1080600555421,3,6.470744,0.70623136,-0.6420149,
1080610565187,3,6.582711,0.87807405,-0.20013382,
1080620605470,3,6.9534903,1.1075468,0.30626312,
1080630615236,3,7.340286,1.5480808,1.1659255,
1080640625002,3,7.429201,1.9232007,1.588347,
1080650634767,3,7.3452253,1.893263,1.5067667,
1080660675050,3,7.483089,1.8724562,1.1611354,
1080670684816,3,7.543264,1.6456778,0.9000783,
1080680725099,3,7.9631405,1.714834,0.44936553,
1080690734865,3,8.442594,1.4642551,0.37482056,
1080700744630,3,8.967852,1.0958711,0.63587767,
1080710754396,3,9.512419,0.92402846,0.8199948,
1080720794679,3,9.819281,1.1332933,1.1144326,
1080730804445,3,10.605296,1.4289285,1.6569045,
1080740814210,3,10.463242,1.7456698,1.5852035,
1080750823976,3,10.53614,1.7323476,1.5582596,
1080760833742,3,10.616972,1.5941849,1.5097604,
1080770874025,3,10.444381,1.3921051,1.6386424,
1080780914308,3,10.5868845,1.2644206,2.0164568,
1080790924074,3,11.328742,1.361868,2.7951374,
1080800933839,3,12.352014,1.4221926,3.4760714,
1080810943605,3,13.255086,1.2852273,3.3096175,
1080820953371,3,14.214741,1.0488689,2.74095,
1080830993654,3,14.30635,0.7325766,2.14474,
1080841003419,3,14.220279,0.3439847,1.6269667,
1080851043702,3,13.117672,0.21210891,1.5838563,
1080861053468,3,12.256213,0.601599,2.0441492,
1080871093751,3,11.143577,1.1463162,2.5920098,
1080881103517,3,9.965527,1.3994398,2.9205766,
1080891113283,3,8.913514,1.583108,2.7981312,
1080901153566,3,8.277936,1.305585,2.4700136,
1080911163331,3,8.416398,0.86699706,1.7366885,
1080921173097,3,8.725954,0.21255799,0.8449928,
1080931213380,3,9.451944,-0.2799179,0.2468367,
1080941223146,3,9.857302,-0.601599,-0.39772293,
1080951232912,3,10.157727,-0.80772036,-0.4339476,
1080961242677,3,10.414593,-0.93121356,-0.57540345,
1080971252443,3,9.985585,-0.86385363,-0.39263353,
1080981292726,3,9.333691,-0.62420195,-0.09400452,
1080991302492,3,8.753198,-0.5034032,0.048798524,
1081001312257,3,8.044721,-0.38185593,-0.08861572,
1081011322023,3,7.676636,-0.3332071,0.102686465,
1081021362306,3,6.8749037,0.013022918,0.5480104,
1081031372072,3,6.319708,0.20103195,0.57944506,
1081041381837,3,5.7995396,0.6354286,1.0496173,
1081051391603,3,5.500312,0.6834787,1.0948234,
1081061401368,3,5.293143,0.7695497,1.187331,
1081071441652,3,5.081333,0.81011534,0.9012758,
1081081481935,3,5.1985397,0.8162526,0.8557704,
1081091461183,3,5.502707,0.76925033,0.33769774,
1081101501466,3,5.863008,0.6489006,0.31374756,
1081111511232,3,6.359076,0.56148237,-0.23995101,
1081121551515,3,6.7344956,0.61117905,-0.5578899,
1081131561281,3,7.259304,0.14923966,-0.8735834,
1081141571047,3,7.9285626,0.07619156,-0.77838135,
1081151580812,3,8.845256,0.13726455,-0.395777,
1081161621095,3,9.635912,0.31419662,0.35521135,
1081171630861,3,10.231374,0.58049285,1.1789484,
1081181640627,3,9.650432,1.717229,2.3113434,
1081191680910,3,9.017098,2.3975642,3.1419663,
1081201690675,3,8.6418295,2.906356,3.414699,
1081211761476,3,8.164322,2.8416908,3.5197806,
1081221740724,3,8.716374,1.9764899,3.139721,
1081231781007,3,10.44468,0.6917116,1.9288888,
1081241790773,3,11.926449,-0.16540603,0.8602611,
1081251800539,3,14.411431,-0.72958285,-0.23815475,
1081261840822,3,15.857125,-0.66970736,-1.1361374,
1081271850587,3,16.386126,-0.50774413,-1.5688875,
1081281860353,3,16.165483,0.4071533,-1.2018508,
1081291870119,3,14.983392,1.214724,-0.9183403,
1081301910402,3,13.591586,2.4430697,-0.22363494,
1081311920167,3,12.802727,3.181484,-0.3571573,
1081321929933,3,11.955638,3.514392,-0.20207977,
1081331970216,3,11.060799,3.660937,-0.15193406,
1081341979982,3,10.294842,3.4612522,-0.14953904,
1081352020265,3,10.143506,2.910248,0.39877075,
1081362030031,3,10.409653,2.2097049,0.7165599,
1081372039796,3,10.735675,1.6226257,1.3826747,
1081382049562,3,10.765912,0.9783655,1.9079324,
1081392059328,3,10.670561,0.46927413,2.1213884,
1081402099611,3,10.083481,0.44143203,1.9978954,
1081412109376,3,9.488618,0.17573456,1.7492623,
1081422119142,3,8.590486,0.1978885,1.3787827,
1081432128908,3,7.92976,0.39233413,1.0864407,
1081442138673,3,7.239246,0.6442602,0.7461983,
1081452178956,3,6.6095057,0.8428972,0.29608428,
1081462188722,3,6.1011624,0.9833052,0.3356021,
1081472259523,3,5.660479,1.0994637,0.57390654,
1081482238771,3,5.4938755,1.0144404,0.7074289,
1081492279054,3,5.606591,0.9267229,0.78661424,
1081502288820,3,6.1107426,1.0967692,0.8268805,
1081512298585,3,6.2435164,1.1648777,0.90187454,
1081522308351,3,6.568042,1.2045451,1.0020163,
1081532318117,3,6.361471,1.481619,0.88630694,
1081542327882,3,6.483168,1.7739611,0.9475296,
1081552398683,3,6.712342,1.9270926,1.1934682,
1081562377931,3,6.808891,1.8761984,1.1273057,
1081572387697,3,7.2434373,1.3856685,0.9909393,
1081582427980,3,7.82887,1.0234218,0.97177917,
1081592437745,3,9.406139,0.40894958,0.73871386,
1081602447511,3,10.328222,0.30746064,0.49561936,
1081612487794,3,11.331885,-0.0067359926,0.6090834,
1081622497560,3,12.089909,0.030237122,0.7563771,
1081632537843,3,12.36354,0.3050656,0.9286688,
1081642517091,3,12.055779,0.5306465,0.760269,
1081652587892,3,11.716885,0.80337936,0.6644682,
1081662597658,3,11.058404,1.0115963,0.4514612,
1081672607423,3,10.866802,1.1609857,0.31479537,
1081682647707,3,10.993289,1.4150075,0.407303,
1081692657472,3,11.149714,1.6654367,0.3900888,
1081702697755,3,11.277398,1.9329305,0.5957611,
1081712677004,3,11.908936,1.710942,0.81385756,
1081722686769,3,12.273427,1.2275972,0.95067304,
1081732727052,3,12.3333025,0.3968248,1.1139835,
1081742736818,3,12.325369,-0.23710693,1.3579761,
1081752777101,3,12.176728,-0.818947,1.9712508,
1081762786867,3,12.021352,-0.8307724,2.6274862,
1081772827150,3,12.098142,-0.852627,3.2985406,
1081782806398,3,11.804901,-0.6430628,3.645519,
1081792816164,3,11.585009,-0.36464173,3.5992653,
1081802856447,3,11.028766,-0.29159364,3.7067418,
1081812866213,3,10.519225,-0.21285737,3.1633718,
1081822906496,3,9.923763,-0.11256592,2.8695328,
1081832916261,3,9.354497,-0.101488955,1.8281484,
1081842926027,3,8.984167,-0.17408799,1.0512639,
1081852966310,3,8.48765,-0.10642868,0.2908452,
1081862976076,3,8.378676,-0.1936972,-0.2667453,
1081872985841,3,8.22749,-0.2880011,-0.6752458,
1081883026125,3,8.123756,-0.019160157,-0.898282,
1081893005373,3,8.086634,-0.067060545,-0.5581892,
1081903045656,3,7.764653,-0.013322297,-0.3275189,
1081913055421,3,7.5261993,0.18262024,-0.0823288,
1081923095705,3,7.2678366,0.34862503,0.38679564,
1081933105470,3,7.0259395,0.6078859,0.5632787,
1081943115236,3,6.946006,0.8003856,0.71341646,
1081953125002,3,6.4692473,0.74260575,0.87942123,
1081963165285,3,6.258036,0.48843428,0.7839198,
1081973175050,3,6.676117,0.47032195,0.68916684,
1081983367921,3,7.142697,0.49097902,0.6331833,
1081993438722,3,7.6501412,0.44233018,0.35102004,
1082003265382,3,7.778874,0.5562433,0.5745053,
1082013275148,3,7.8944335,0.51433045,0.67734146,
1082023284913,3,7.869735,0.65204406,0.94872713,
1082033294679,3,8.225545,0.64545774,0.9397458,
1082043304445,3,8.4978285,0.69470537,0.87268525,
1082053314210,3,8.688831,0.85382444,0.800685,
1082063323976,3,8.450377,0.95366687,0.82747924,
1082073364259,3,8.187823,1.4808705,1.3856685,
1082083374025,3,8.315508,1.907184,1.9489472,
1082093414308,3,8.258925,2.5524921,2.7339149,
1082103424074,3,8.632548,2.6683512,3.146457,
1082113464357,3,9.325008,2.5619226,3.3117132,
1082123474122,3,10.543774,1.5829582,2.9536579,
1082133483888,3,11.707305,0.8904982,2.7975326,
1082143493654,3,13.535004,0.067359924,2.2742207,
1082153533937,3,14.885645,-0.17693207,1.8285974,
1082163543702,3,16.192877,-0.37751496,1.3286371,
1082173553468,3,16.627422,-0.057779845,1.4968872,
1082183593751,3,16.458275,0.23860382,1.5476317,
1082193603517,3,15.237713,1.2328362,1.9887643,
1082203613283,3,14.188096,1.8398241,2.0025358,
1082213653566,3,12.987293,2.282753,1.7086967,
1082223663331,3,11.624377,2.6214986,1.1532019,
1082233673097,3,10.697205,2.4306455,0.6396199,
1082243713380,3,9.633068,2.402504,0.23740631,
1082253723146,3,9.68501,2.020648,0.1499881,
1082263763429,3,10.25727,1.3515395,0.2880011,
1082273773195,3,10.77175,0.9358539,0.55654263,
1082283782960,3,11.227702,0.3770659,1.3903089,
1082293792726,3,11.300301,0.16630417,1.9857706,
1082303802492,3,10.832823,0.08128098,2.5249493,
1082313842775,3,9.787697,-0.02799179,2.448758,
1082323852541,3,8.842861,0.065863036,2.294728,
1082333862306,3,7.926467,0.3195854,1.995201,
1082343872072,3,7.099287,0.30761033,1.6953745,
1082353912355,3,6.299949,0.7005432,1.1957135,
1082363922121,3,5.828729,0.5962102,0.78347075,
1082373992921,3,5.6887703,0.6322852,0.43110353,
1082383972170,3,5.665119,0.6038443,-0.5376819,
1082393981935,3,5.9242306,0.48633865,-0.7500902,
1082403991701,3,6.23723,0.5971083,-0.7899074,
1082414031984,3,6.2989016,0.5999524,-0.44771898,
1082424041750,3,6.4544277,0.55923706,0.27976823,
1082434051515,3,6.5475345,0.9207353,1.5968792,
1082444061281,3,6.7282085,1.171913,2.1650977,
1082454071047,3,7.0976405,1.5166461,2.7719357,
1082464111330,3,7.551347,1.2723541,2.9009674,
1082474121095,3,8.369844,0.9880952,2.4682174,
1082484161378,3,9.05048,0.75996965,2.4246578,
1082494171144,3,9.883946,0.719404,2.1839585,
1082504180910,3,10.844798,0.79484713,2.243834,
1082514190675,3,11.149415,0.99183744,2.0401075,
1082524230959,3,10.9527235,1.3771362,1.8974543,
1082534240724,3,10.591076,1.6057109,1.8220111,
1082544250490,3,9.970167,1.7688717,1.3992902,
1082554260255,3,9.444759,1.5765216,1.1067984,
1082564331056,3,9.244177,1.2751982,1.2543914,
1082574310304,3,10.249785,0.8893007,1.3579761,
1082584350587,3,11.274554,1.0455757,1.7778529,
1082594360353,3,12.783866,0.46807662,2.166894,
1082604370119,3,13.846955,0.18336868,2.0924985,
1082614379884,3,14.549594,-0.23186783,2.0160077,
1082624389650,3,14.893728,-0.5261558,1.5673906,
1082634429933,3,14.481785,-0.48603928,1.3810282,
1082644470216,3,13.332026,-0.07574249,1.4778768,
1082654479982,3,12.066109,0.31090346,1.5898439,
1082664489748,3,10.681039,0.5266049,1.4853612,
1082674530031,3,8.838969,0.6655161,1.1472144,
1082684539796,3,8.121811,0.50864226,1.0154883,
1082694580079,3,8.101603,-0.014669495,0.583786,
1082704589845,3,8.702752,-0.31629226,0.45205992,
1082714599611,3,9.751771,-0.97731763,0.5189708,
1082724609376,3,10.516232,-1.4958394,0.6619235,
1082734619142,3,10.914852,-1.3909076,0.8878038,
1082744628908,3,10.75274,-1.4461427,1.2808864,
1082754669191,3,10.274185,-1.1154803,1.4989829,
1082764678956,3,9.405092,-0.5906717,2.038012,
1082774719240,3,8.685538,-0.11271561,2.299518,
1082784698488,3,8.284672,0.16944763,2.1674926,
1082794738771,3,7.3093004,0.6319858,2.1119583,
1082804748537,3,6.7181797,0.943488,1.8405725,
1082814788820,3,6.23723,1.1018586,1.4259348,
1082824798585,3,5.7657104,1.0490185,0.98540086,
1082834808351,3,5.651498,1.1798465,0.68123335,
1082844818117,3,5.7471485,1.235381,0.48229706,
1082854827882,3,5.7107744,1.4335688,0.30970597,
1082864868165,3,5.795199,1.6986676,0.48888338,
1082874877931,3,6.1752586,1.8999989,0.78092605,
1082884918214,3,6.2272005,1.9092796,1.1620336,
1082894927980,3,6.784342,2.0624113,1.325793,
1082904968263,3,7.5690103,1.8760487,1.6064594,
1082914978029,3,8.878188,1.405128,1.8151255,
1082924987794,3,9.671688,1.2284954,1.8139279,
1082934997560,3,10.336156,1.0204281,1.8977536,
1082945037843,3,10.412048,1.0581496,2.1445904,
1082955047609,3,10.101594,1.5564634,2.7192452,
1082965118410,3,10.059232,2.0547771,3.19301,
1082975097658,3,9.883198,2.475552,3.3482373,
1082985107423,3,9.46871,2.3035598,3.2500415,
1082995117189,3,9.71839,1.7473165,2.9767098,
1083005157472,3,10.667267,0.49831375,2.02454,
1083015167238,3,11.98827,0.05149292,0.92058563,
1083025177004,3,13.704751,-0.48080018,-0.20537293,
1083035217287,3,14.725778,-0.80652285,-0.5885761,
1083045227052,3,15.510446,-0.84080154,-0.42556503,
1083055236818,3,15.314504,0.0068856813,0.20327729,
1083065277101,3,14.163696,0.69320846,1.217119,
1083075286867,3,12.614119,1.4171032,2.0249891,
1083085327150,3,11.592194,2.074087,2.3526576,
1083095336916,3,10.704241,2.6656568,2.0302281,
1083105346681,3,9.902208,2.615511,1.1852353,
1083115356447,3,9.777068,2.6819727,0.1486409,
1083125396730,3,9.799222,2.1969814,-0.71850586,
1083135406496,3,9.798175,1.6564554,-1.1238629,
1083145416261,3,10.318343,0.71326673,-1.2350817,
1083155426027,3,10.722952,0.18815872,-0.84454376,
1083165435793,3,10.681488,-0.3240761,-0.20088226,
1083175476076,3,10.574161,-0.7433542,0.79858935,
1083185485841,3,10.145602,-0.60144925,1.4596148,
1083195526125,3,9.506731,-0.47451323,1.984573,
1083205535890,3,9.10302,-0.49008086,2.1314178,
1083215545656,3,8.549023,-0.61117905,1.968257,
1083225555421,3,8.108488,-0.3436853,1.3222004,
1083235595705,3,7.569908,-0.13786331,0.83661026,
1083245605470,3,6.9710035,-0.085472256,-0.13397141,
1083255615236,3,6.401588,-0.027093658,-0.5400769,
1083265655519,3,5.725893,0.102387086,-1.0274634,
1083275665285,3,5.690417,0.30192214,-1.3338761,
1083285675050,3,5.6285954,0.35416353,-1.4533278,
1083295684816,3,5.632188,0.71985304,-1.0095007,
1083305694582,3,5.7184086,1.0184821,-0.6450087,
1083315734865,3,6.0363474,1.2085867,0.22767654,
1083325744630,3,6.4530807,1.3591735,1.0353969,
1083335754396,3,6.777606,1.5361056,1.7607884,
1083345794679,3,7.457043,1.926943,2.1210892,
1083355804445,3,7.8173437,1.8911673,2.3441253,
1083365814210,3,8.28542,2.0185523,2.3543043,
1083375823976,3,8.34784,1.7407302,1.9937041,
1083385864259,3,8.709788,1.3645624,1.5212865,
1083395874025,3,9.259894,1.0353969,1.0048604,
1083405914308,3,9.932296,0.94273955,0.5360353,
1083415924074,3,11.3395195,1.1147319,-0.11570938,
1083425933839,3,11.731255,1.1162288,-0.40161484,
1083435974122,3,12.2030735,1.2281959,-0.16106506,
1083445983888,3,11.773168,1.117127,0.32302827,
1083456024171,3,11.351195,1.219514,1.1838881,
1083466033937,3,11.116782,1.4801221,1.9934047,
1083476043702,3,11.032807,1.6405884,2.6349707,
1083486053468,3,11.282638,1.7812958,2.6494904,
1083496063234,3,11.823164,1.4566209,2.3492148,
1083506103517,3,12.112512,0.7020401,1.6064594,
1083516113283,3,12.424763,0.38125718,0.73572004,
1083526153566,3,12.768148,0.05463638,0.1580713,
1083536163331,3,12.889397,-0.102387086,-0.7782317,
1083546173097,3,12.682077,-0.3632945,-1.4341676,
1083556213380,3,12.162957,-0.14100677,-1.5289207,
1083566223146,3,11.526181,0.27138564,-1.2967534,
1083576232912,3,10.389595,0.38080812,-0.80233157,
1083586242677,3,9.661958,0.4071533,-0.09565109,
1083596252443,3,9.18969,0.3848497,0.3195854,
1083606292726,3,9.043294,0.21390519,0.9687854,
1083616302492,3,8.903186,0.21674927,1.3211527,
1083626342775,3,8.709639,0.066461794,1.309477,
1083636352541,3,8.56953,0.027243348,1.3177098,
1083646392824,3,8.416847,-0.054187316,1.0794053,
1083656402590,3,8.452772,-0.2880011,0.58019346,
1083666412355,3,8.1319895,-0.47930327,0.22183868,
1083676422121,3,8.162376,-0.59351575,-0.0076341247,
1083686462404,3,8.481961,-0.6912625,0.1817221,
1083696472170,3,8.432265,-0.45280838,0.41403902,
1083706481935,3,8.389154,-0.30641282,0.9065149,
1083716522218,3,8.1441145,0.07454498,1.0280621,
1083726501466,3,7.7779756,0.53932846,1.3519886,
1083736572267,3,7.526648,0.7735913,1.4443464,
1083746551515,3,6.964717,1.1370355,1.2076886,
1083756591798,3,6.1798987,1.2635225,1.0785072,
1083766601564,3,5.988746,1.1919713,0.7092252,
1083776611330,3,5.7477474,1.345552,0.46867537,
1083786621095,3,5.8333693,1.311872,0.3929329,
1083796661378,3,6.157745,1.1102413,0.4367917,
1083806671144,3,6.6758175,0.9891431,-0.032033388,
1083816711427,3,7.852072,0.9556128,0.25162673,
1083826721193,3,9.000933,0.8466394,0.4646338,
1083836730959,3,9.733359,0.6996451,0.8786728,
1083846740724,3,10.640174,0.84993255,1.3901591,
1083856750490,3,10.817405,1.0244696,1.9362236,
1083866760255,3,10.449321,1.361419,2.2990692,
1083876800539,3,9.896969,1.7296531,2.618954,
1083886840822,3,9.570349,1.8950592,2.491868,
1083896850587,3,9.290879,1.7866845,2.113904,
1083906890871,3,9.222023,1.3278886,1.7137861,
1083916900636,3,10.229427,0.37990996,0.68467623,
1083926910402,3,11.327245,-0.102387086,0.15567628,
1083936920167,3,12.792698,-0.6170169,-0.56746995,
1083946929933,3,14.285992,-0.6234535,-0.8782237,
1083956970216,3,14.907499,-0.5894742,-0.8517288,
1083967010499,3,15.2070265,0.18396744,-0.0916095,
1083976989748,3,14.45544,0.72494245,0.6487509,
1083987030031,3,12.922178,1.5690372,1.667682,
1083997070314,3,12.277319,2.0381615,1.9082319,
1084007080079,3,11.475586,2.528392,1.6678318,
1084017089845,3,11.111843,2.5490491,1.5534695,
1084027099611,3,11.069181,2.5262966,1.3202546,
1084037139894,3,11.237132,2.1532722,1.0729687,
1084047149660,3,11.500734,1.6866925,0.9089099,
1084057159425,3,11.51705,1.2201128,1.26472,
1084067199708,3,11.2341385,0.7964937,1.627266,
1084077209474,3,10.900632,0.5275031,2.0031345,
1084087219240,3,10.214458,0.19684067,2.4590864,
1084097229005,3,9.817335,0.13861175,2.7424471,
1084107269288,3,9.164692,0.21555176,2.5104296,
1084117279054,3,8.637938,0.3264711,2.4545956,
1084127288820,3,7.7921963,0.45415556,2.0757334,
1084137298585,3,7.239246,0.34623,1.6819024,
1084147338868,3,6.8654733,0.375569,1.285377,
1084157348634,3,6.446195,0.30596375,0.88855225,
1084167358400,3,6.3171635,0.45325744,0.58438474,
1084177398683,3,6.2122316,0.7072792,0.34458342,
1084187377931,3,6.282735,0.7813751,0.45819718,
1084197387697,3,6.217171,0.97402453,0.6956035,
1084207427980,3,6.123915,0.9355545,1.1000624,
1084217437745,3,6.153853,1.1746074,1.3874648,
1084227478029,3,6.374644,1.2415183,1.7190253,
1084237457277,3,6.651418,1.1543994,2.2201831,
1084247497560,3,6.846912,1.8103354,2.3486161,
1084257507325,3,7.0214486,1.705254,2.3201752,
1084267547609,3,7.375762,1.590742,2.099534,
1084277557374,3,7.970475,1.4629079,1.8764977,
1084287567140,3,8.569829,1.280587,1.6705261,
1084297607423,3,9.30046,0.9927356,1.6009209,
1084307617189,3,10.0266,0.7966434,1.7181271,
1084317657472,3,10.698702,0.81550413,1.9040406,
1084327667238,3,11.194172,0.9024733,1.9685564,
1084337646486,3,11.238629,1.1753558,1.8275496,
1084347686769,3,10.54602,0.86100954,1.5651453,
1084357696535,3,10.174492,0.98420334,1.3337265,
1084367736818,3,10.090667,1.4197975,1.7100439,
1084377807619,3,10.258767,1.8354831,1.9294876,
1084387756349,3,10.414892,2.0288808,1.7762064,
1084397827150,3,11.241323,1.6637901,1.4488372,
1084407836916,3,11.814781,0.91579556,1.0057585,
1084417846681,3,12.527149,-0.049696654,0.6864725,
1084427886964,3,13.250146,-0.45340714,0.5533992,
1084437866213,3,13.696518,-0.8267308,0.7472461,
1084447906496,3,13.747112,-0.8611592,1.2184662,
1084457916261,3,13.192516,-0.7831714,1.6444802,
1084467956544,3,12.319831,-0.6397696,2.4295976,
1084477966310,3,11.707603,-0.6161188,2.6141639,
1084487976076,3,11.277398,-0.5289999,2.7581644,
1084497985841,3,11.003768,-0.31210098,2.8142977,
1084508026125,3,10.724448,-0.11930191,2.4643254,
1084518035890,3,10.38256,0.012124786,1.9987935,
1084528045656,3,9.721833,0.087118834,1.7622854,
1084538085939,3,9.248368,0.101189576,1.1686199,
1084548095705,3,8.712632,0.018112335,0.8273296,
1084558105470,3,8.408464,0.06795868,0.585732,
1084568145753,3,8.241712,0.027243348,0.6090834,
1084578155519,3,7.9587994,0.07918534,0.88540876,
1084588165285,3,7.4491096,0.029937744,1.1734099,
1084598205568,3,7.1870046,0.18471588,1.4230907,
1084608184816,3,7.183412,0.16810043,1.5872992,
1084618225099,3,7.226223,0.33934432,1.9088305,
1084628234865,3,7.2561607,0.17947678,1.7086967,
1084638244630,3,6.9759436,0.45176056,1.4757811,
1084648254396,3,6.840475,0.5803432,1.402733,
1084658294679,3,6.6018715,0.79484713,1.0874885,
1084668304445,3,6.3200073,0.7381151,0.8063731,
1084678314210,3,6.0727215,0.70548296,0.7310797,
1084688354494,3,6.188132,0.6845265,0.49531996,
1084698364259,3,6.4599667,0.67928743,0.31464568,
1084708374025,3,7.094048,0.7327263,0.19235,
1084718414308,3,7.798333,0.7417076,0.31359786,
1084728424074,3,8.929531,0.96579164,0.4761598,
1084738433839,3,9.454788,0.6728508,0.6297405,
1084748474122,3,9.909094,0.5303471,0.6971004,
1084758483888,3,10.514884,0.4376898,1.151705,
1084768493654,3,10.489138,0.22064118,1.5124549,
1084778533937,3,10.554552,0.5331912,1.5182927,
1084788543702,3,10.495125,0.6012996,1.7142352,
1084798553468,3,10.384954,1.1398796,1.8308427,
1084808593751,3,10.293943,1.4829662,1.739383,
1084818603517,3,10.130484,1.4212945,1.7889299,
1084828643800,3,10.669213,1.1347902,1.6063097,
1084838653566,3,11.240126,0.8096663,1.0217752,
1084848663331,3,11.868519,0.3517685,-0.10822494,
1084858673097,3,12.553345,0.18875748,-0.71087176,
1084868713380,3,13.380375,0.3489244,-1.1042536,
1084878723146,3,13.792768,0.6423143,-1.1352392,
1084888763429,3,13.596826,0.6816824,-0.7259903,
1084898773195,3,12.886702,1.1564951,0.0067359926,
1084908782960,3,12.585229,1.647025,0.7586224,
1084918792726,3,11.975697,2.1944366,1.479224,
1084928802492,3,11.476784,2.5743465,2.049987,
1084938842775,3,11.384875,2.4155269,2.3215225,
1084948883058,3,11.094628,2.3330483,2.6629624,
1084958862306,3,11.167377,2.084116,2.900219,
1084968902590,3,10.981464,1.7802479,2.788551,
1084978912355,3,11.013647,1.314716,2.476001,
1084988922121,3,10.39169,0.8244855,2.1627026,
1084998962404,3,10.2210455,0.6965016,1.8967057,
1085008972170,3,9.946666,0.6066884,1.607058,
1085018981935,3,9.630822,0.51657575,1.438808,
1085029022218,3,9.504335,0.359702,1.3816268,
1085039031984,3,8.89645,0.38904098,1.2693603,
1085049072267,3,8.500822,0.4936734,1.5200889,
1085059082033,3,8.117021,0.33500335,1.5552658,
1085069091798,3,7.3575,0.5083429,1.257984,
1085079101564,3,7.070846,0.49906218,1.2400213,
1085089141847,3,6.625522,0.63842237,1.2756473,
1085099334718,3,6.6994686,0.5093907,1.2880714,
1085109130861,3,6.5288234,0.43903702,1.1617341,
1085119201662,3,6.5681915,0.58618104,1.0828482,
1085129180910,3,6.6861463,0.74350387,1.0533595,
1085139221193,3,6.332432,0.7830217,1.0090517,
1085149230959,3,6.0517654,1.0644364,0.9963281,
1085159240724,3,6.083948,1.4235398,1.1720626,
1085169250490,3,6.0854454,1.5884967,1.4295273,
1085179260255,3,6.117778,1.6842974,1.4220428,
1085189331056,3,6.5192432,1.7230668,1.5034735,
1085199340822,3,6.9677105,1.7248632,1.5651453,
1085209350587,3,7.8225827,1.565744,1.609004,
1085219360353,3,8.612491,1.504671,1.8022522,
1085229370119,3,9.635762,1.2418176,1.8112335,
1085239410402,3,10.05504,1.0274634,2.0911515,
1085249420167,3,10.325977,1.0024654,2.1556673,
1085259429933,3,10.510543,1.0165361,2.491868,
1085269439699,3,10.585687,1.0472223,2.2472768,
1085279510499,3,10.6343355,1.0916798,1.7995578,
1085289489748,3,10.765463,0.7818242,1.3272899,
1085299560548,3,10.91126,0.8105644,0.92283094,
1085309539796,3,11.072924,0.66147447,0.6225554,
1085319580079,3,11.226504,1.1490107,0.7032376,
1085329589845,3,11.263777,1.1070977,0.78227323,
1085339599611,3,11.706107,0.8943901,0.8202942,
1085349609376,3,12.130774,0.23111938,0.6113287,
1085359619142,3,12.539574,-0.24249573,0.4017645,
1085369659425,3,12.960499,-0.5761519,0.52316207,
1085379699708,3,13.711038,-1.0797048,0.61911255,
1085389709474,3,13.833782,-0.81041473,0.89648575,
1085399719240,3,13.138628,-0.45191026,1.6275655,
1085409759523,3,12.300072,-0.17947678,2.2954764,
1085419769288,3,11.162737,-0.07439529,2.3522086,
1085429779054,3,10.241552,-0.060923308,2.1505778,
1085439788820,3,9.588461,-0.28186387,1.7390835,
1085449798585,3,9.085207,-0.3156935,1.3588742,
1085459838868,3,9.055569,-0.20327729,1.1006612,
1085469879152,3,9.340277,-0.51837206,0.55324954,
1085479888917,3,9.441616,-0.43843827,0.16256195,
1085489898683,3,9.469907,-0.53364027,0.5272037,
1085499908449,3,8.894953,-0.36823425,0.69455564,
1085509918214,3,8.657696,-0.21210891,1.2096345,
1085519927980,3,7.9974194,0.07679031,1.5408957,
1085529968263,3,7.5949063,0.33724868,1.8679656,
1085539978029,3,7.129225,0.19025436,1.9368224,
1085549987794,3,6.690487,0.3876938,2.1162992,
1085560028078,3,6.1843896,0.3344046,1.9375708,
1085570037843,3,6.0965223,0.19863693,1.8196161,
1085580047609,3,6.159092,0.2719844,1.7582437,
1085590057374,3,6.3382697,0.3849994,1.2910652,
1085600097658,3,6.43901,0.39457947,1.0286609,
1085610107423,3,6.5339127,0.6637198,0.62734544,
1085620117189,3,6.6931815,0.6912625,0.5465135,
1085630126955,3,6.4984365,0.77419007,0.23965164,
1085640167238,3,6.7496142,0.7414082,0.1565744,
1085650207521,3,7.186855,0.63018954,0.27542725,
1085660217287,3,8.041278,0.60144925,0.57106245,
1085670227052,3,8.691376,0.6237529,0.6018984,
1085680236818,3,9.443861,0.2615062,0.7990384,
1085690246584,3,10.158027,0.4405339,1.3133688,
1085700286867,3,10.663974,0.54322034,1.7091458,
1085710327150,3,11.0829525,0.554447,2.0197499,
1085720336916,3,11.141032,0.7141649,2.4834855,
1085730346681,3,10.569671,0.9687854,2.300566,
1085740356447,3,10.1454525,1.1288027,2.152374,
1085750396730,3,9.706565,1.1061996,1.640289,
1085760406496,3,9.798175,1.0105486,1.2317885,
1085770446779,3,9.849668,0.9630972,0.76356214,
1085780456544,3,10.669064,0.7523355,0.15507752,
1085790466310,3,11.334729,0.540526,-0.40640488,
1085800476076,3,12.148138,0.41673338,-0.6450087,
1085810485841,3,13.4219885,0.4260141,-0.9183403,
1085820526125,3,14.127921,0.38574782,-0.58049285,
1085830535890,3,14.0250845,0.7794292,-0.121996306,
1085840576173,3,13.444142,1.1802956,0.57001466,
1085850585939,3,12.26265,1.719175,1.6404387,
1085860595705,3,11.393257,2.0407064,2.1757255,
1085870635988,3,10.931618,2.208208,2.4605832,
1085880645753,3,10.620115,2.3385868,2.4156766,
1085890655519,3,10.835816,2.3445745,2.1814137,
1085900665285,3,10.953322,2.3749611,1.9104772,
1085910675050,3,10.741513,2.3333478,1.6958236,
1085920745851,3,10.400522,2.3185287,1.9589763,
1085930755617,3,9.812844,2.2103035,2.0505857,
1085940765382,3,9.162297,1.8805394,2.0354671,
1085950805665,3,8.734487,1.6461269,1.8886226,
1085960815431,3,8.807236,1.1880794,1.7248632,
1085970825197,3,8.77625,0.95187056,1.4358143,
1085980834962,3,8.697364,0.6981482,1.2115805,
1085990844728,3,8.7517,0.41972718,0.98195803,
1086000885011,3,8.388705,0.39188507,0.9219328,
1086010894777,3,7.8150983,0.330363,0.76221496,
1086020904542,3,7.3865395,0.27812165,0.78915894,
1086030944825,3,7.205566,0.12513977,0.7946974,
1086040954591,3,6.997199,0.29009673,0.68976563,
1086050964357,3,6.811286,0.4245172,0.9298663,
1086060974122,3,6.6801586,0.4629872,1.0033635,
1086070983888,3,6.6246243,0.65399003,1.0991642,
1086081024171,3,6.3081822,0.748743,1.1100916,
1086091033937,3,6.317313,0.9833052,1.2740006,
1086101043702,3,6.3950014,1.2693603,1.1482621,
1086111053468,3,6.534212,1.2846286,0.92313033,
1086121063234,3,6.7147365,1.3090279,0.74515045,
1086131103517,3,7.118597,1.1573932,0.8508307,
1086141113283,3,8.038135,0.84080154,0.9330098,
1086151153566,3,8.815917,0.5596861,0.8336165,
1086161163331,3,9.499097,0.26075774,1.5191908,
1086171173097,3,10.586286,0.10927276,2.0175047,
1086181182863,3,10.870694,0.07439529,2.2361999,
1086191223146,3,11.178454,0.37586838,2.469864,
1086201232912,3,11.158246,0.574655,2.2656884,
1086211273195,3,10.624157,0.9515712,1.7766554,
1086221282960,3,10.255474,1.2054433,0.87687653,
1086231292726,3,9.905202,1.1957135,0.19040406,
1086241333009,3,9.800869,0.94588304,-0.60459274,
1086251342775,3,10.094857,0.92567503,-0.88001996,
1086261383058,3,10.691217,0.9505234,-0.7012917,
1086271392824,3,11.060499,0.9624985,-0.20507355,
1086281402590,3,11.615096,0.43843827,0.80053526,
1086291412355,3,12.05129,-0.05029541,1.6274158,
1086301452638,3,12.226275,-0.08786728,2.1664448,
1086311431886,3,12.612772,-0.9583072,2.9204268,
1086321441652,3,12.75318,-1.1273057,3.3248858,
1086331512453,3,12.852124,-1.1308982,3.562891,
1086341491701,3,12.747043,-1.135389,3.8920565,
1086351531984,3,12.309952,-0.6647676,3.6986587,
1086361541750,3,11.584559,-0.33545244,3.3328195,
1086371582033,3,11.093132,-0.15687378,2.879562,
1086381591798,3,10.191108,-0.23680755,1.7254618,
1086391632082,3,9.7603035,-0.10942245,0.9906399,
1086401611330,3,9.217981,-0.14010864,0.49876282,
1086411651613,3,8.827443,-0.36928207,0.04819977,
1086421691896,3,8.854537,-0.5454657,0.003742218,
1086431701662,3,8.937465,-0.6030958,0.066162415,
1086441711427,3,9.128318,-0.53902906,0.42167312,
1086451721193,3,9.113499,-0.445773,0.7777826,
1086461730959,3,9.065598,-0.404908,1.2049942,
1086471771242,3,8.850495,-0.31479537,1.551374,
1086481781007,3,8.32883,-0.016166382,1.6233742,
1086491790773,3,8.01658,0.010478211,1.7083974,
1086501831056,3,7.4366856,0.27408004,1.5832576,
1086511840822,3,6.971303,0.34218842,1.5539186,
1086521850587,3,6.623127,0.3065625,1.2793895,
1086531860353,3,6.465056,0.4403842,1.0948234,
1086541900636,3,6.479276,0.4830455,0.8497829,
1086551879884,3,6.3487477,0.590522,0.5266049,
1086561920167,3,6.3450055,0.85562074,0.51822233,
1086571929933,3,6.2328887,0.88720506,0.6146219,
1086581939699,3,6.234236,1.1852353,1.0554552,
1086591979982,3,6.571784,1.0850935,1.4177018,
1086602020265,3,7.39582,0.72778654,1.8666184,
1086612030031,3,8.377778,0.9285191,2.1324656,
1086622039796,3,9.655222,0.8044272,2.5339308,
1086632049562,3,10.481653,0.84169966,2.5523424,
1086642089845,3,10.91111,1.0972183,2.4393275,
1086652099611,3,10.776091,1.2745994,2.457739,
1086662109376,3,10.079739,1.6353493,2.5188122,
1086672119142,3,9.015452,2.047592,2.7473867,
1086682128908,3,8.209528,2.0945942,2.69769,
1086692199708,3,7.6305323,1.8925145,2.6954448,
1086702209474,3,8.223001,1.3994398,2.344874,
1086712219240,3,8.977132,0.6370752,1.5461348,
1086722229005,3,10.474019,0.07499405,0.9092093,
1086732269288,3,11.910582,-0.33350646,0.03278183,
1086742279054,3,14.389427,-0.64695466,-0.84424436,
1086752288820,3,15.378869,-0.4701723,-1.0566527,
1086762329103,3,15.220349,-0.1459465,-0.3677852,
1086772338868,3,14.062656,0.3743715,0.45969406,
1086782348634,3,13.030852,1.1229647,1.6417859,
1086792358400,3,11.697425,2.170187,2.9219239,
1086802429201,3,10.988649,2.4507036,3.5378928,
1086812408449,3,10.476563,2.7023306,3.9790256,
1086822448732,3,10.504556,2.696792,4.0338116,
1086832458498,3,10.817554,2.429897,3.6299515,
1086842468263,3,11.186687,1.8886226,3.1168184,
1086852478029,3,11.464061,1.3949492,2.6201513,
1086862518312,3,11.493999,0.8475375,2.3821464,
1086872528078,3,11.592044,0.3276686,2.4399261,
1086882537843,3,11.366613,0.017812958,2.692002,
1086892578127,3,11.240126,-0.041763153,2.6993368,
1086902587892,3,10.974129,-0.020806732,2.5104296,
1086912597658,3,10.581196,0.11570938,2.7104137,
1086922607423,3,9.913734,0.17573456,2.319726,
1086932647707,3,9.201365,0.19130218,2.0974383,
1086942657472,3,8.407267,0.18785934,1.9366727,
1086952667238,3,7.60748,0.3381468,1.5895445,
1086962677004,3,6.804999,0.5644762,1.3542339,
1086972717287,3,6.0628424,0.67584455,1.2314891,
1086982727052,3,5.3425403,0.6939569,1.2689112,
1086992736818,3,4.9138317,0.7699988,1.1502081,
1087002777101,3,4.7586045,0.771346,1.4456936,
1087012786867,3,4.8416815,0.9198372,1.6613951,
1087022796632,3,5.2024317,1.1437715,2.0477417,
1087032836916,3,5.440586,1.0831475,1.9902612,
1087042846681,3,5.896688,1.1406281,1.8543439,
1087052856447,3,6.162834,1.059347,1.6931291,
1087062866213,3,6.3041406,1.1524534,1.6685802,
1087072875978,3,6.26118,1.0728191,1.3943504,
1087082916261,3,6.5623536,1.0734178,1.2527449,
1087092956544,3,6.7267118,0.9466315,1.1579919,
1087102966310,3,7.2072124,1.0806029,1.6524138,
1087112976076,3,7.711065,1.1705658,1.8236576,
1087122985841,3,8.106243,1.1639795,2.1540208,
1087132995607,3,8.797655,1.049767,2.0489392,
1087143035890,3,9.379795,0.92836946,1.977388,
1087153045656,3,10.058184,0.44113266,2.1848567,
1087163055421,3,10.990445,0.11331436,2.4201672,
1087173095705,3,12.398867,0.34323624,2.9835956,
1087183135988,3,13.016482,0.64845157,3.4976265,
1087193145753,3,13.302986,1.051713,4.1492214,
1087203155519,3,13.320351,1.1779006,4.2933717,
1087213195802,3,13.850099,1.0352472,3.9881566,
1087223205568,3,13.792917,0.57510406,3.48161,
1087233215333,3,13.648318,0.07439529,2.6800268,
1087243225099,3,13.321398,-0.6971004,1.0776091,
1087253265382,3,11.734548,0.6369255,1.3133688,
1087263275148,3,10.508897,0.38904098,1.11563,
1087273284913,3,9.880354,0.2613565,1.3581258,
1087283325197,3,9.404044,0.44906616,2.4701633,
1087293334962,3,9.36273,0.63617706,4.0073166,
1087303344728,3,9.707014,0.6706055,4.7446833,
1087313385011,3,10.621613,0.7023395,5.2344646,
1087323394777,3,11.003618,0.619861,5.375322,
1087333404542,3,10.991044,0.3903882,5.2765274,
1087343414308,3,10.474468,0.3237767,4.414021,
1087353424074,3,10.005493,0.00464035,3.6733613,
1087363464357,3,9.065747,0.08666977,2.7791207,
1087373474122,3,8.674162,0.13786331,2.243235,
1087383483888,3,7.787406,0.067060545,2.166894,
1087393493654,3,7.185358,0.48738647,2.642904,
1087403533937,3,7.3359447,0.42511597,3.086282,
1087413543702,3,7.3149886,0.5641768,3.6055522,
1087423583986,3,7.438781,0.7683522,3.6962636,
1087433807374,3,7.1994286,0.9927356,3.517685,
1087443603517,3,7.3624396,1.0331515,3.0514045,
1087453643800,3,7.200177,0.98135924,2.1978796,
1087463653566,3,6.736891,0.93600357,1.6380436,
1087473663331,3,6.2165728,0.9339079,1.5693365,
1087483673097,3,5.7646623,1.0198293,1.0243199,
1087493682863,3,5.3289185,0.93121356,1.0163864,
1087503723146,3,5.1626143,0.7680528,1.1341914,
1087513763429,3,5.1956954,0.8637039,1.5352075,
1087523773195,3,5.281168,0.99498093,1.8354831,
1087533782960,3,6.332282,1.1708652,2.6211991,
1087543792726,3,7.384743,1.321003,2.9798534,
1087553833009,3,8.611592,1.2913646,2.854564,
1087563842775,3,9.22307,1.1288027,2.6123676,
1087573883058,3,9.767189,1.1190729,2.3388863,
1087583892824,3,9.863289,1.1099418,2.210154,
1087593902590,3,9.721534,0.8988808,1.7890795,
1087603912355,3,9.4226055,1.0353969,1.786984,
1087613922121,3,9.226065,1.2717553,1.956731,
1087623962404,3,8.982521,1.4932947,2.2870939,
1087633972170,3,9.377699,1.6283139,2.902165,
1087643981935,3,10.247391,1.3400134,3.5175352,
1087654022218,3,11.895912,0.4429289,3.453618,
1087664031984,3,12.924423,0.0124241635,2.9753628,
1087674072267,3,13.778248,-0.23111938,2.1513262,
1087684082033,3,13.933625,-0.43170226,1.859583,
1087694091798,3,14.059064,-0.15058686,1.7363892,
1087704101564,3,14.032569,-0.16765137,2.5026457,
1087714141847,3,13.287568,0.64860123,2.6391618,
1087724151613,3,11.655512,1.4409037,2.479893,
1087734161378,3,10.666369,2.141896,2.5391698,
1087744171144,3,9.851015,2.4387286,2.7053242,
1087754211427,3,9.6951885,2.4114852,2.9365933,
1087764221193,3,10.218949,1.9243982,2.8827055,
1087774261476,3,11.380534,1.2611275,2.8500733,
1087784271242,3,12.234059,0.8414003,3.0485604,
1087794281007,3,12.602443,0.29309052,3.8404138,
1087804290773,3,12.468921,0.4290079,4.0188427,
1087814331056,3,11.645782,0.5319937,4.252806,
1087824340822,3,11.074571,0.43349853,4.399052,
1087834350587,3,10.474019,0.34518218,4.291875,
1087844390871,3,9.915231,0.42496628,3.9493873,
1087854400636,3,9.371263,0.45220962,3.533552,
1087864410402,3,8.978479,0.24713607,3.116669,
1087874450685,3,8.893755,0.278421,3.0243108,
1087884429933,3,8.28572,0.11660752,2.8330088,
1087894470216,3,7.85761,0.34563124,3.1293924,
1087904479982,3,7.801327,0.3519182,3.014132,
1087914489748,3,7.9664335,0.2188449,2.3745122,
1087924499513,3,7.959099,0.343835,2.2826033,
1087934539796,3,7.898475,0.49801436,2.6074278,
1087946594240,3,7.310797,0.5481601,2.0678,
1087954589845,3,7.0085754,0.78481793,1.6235238,
1087964599611,3,6.3903613,0.6646179,1.2503499,
1087974609376,3,5.9727297,0.64830184,0.7773335,
1087984619142,3,5.6675143,0.7313791,0.4007167,
1087994659425,3,5.4899836,0.6664142,0.1167572,
1088004669191,3,5.7074814,0.6030958,0.32078293,
1088014709474,3,5.8079224,0.84963316,0.26569748,
1088024688722,3,5.533094,0.69979477,0.32347733,
1088034759523,3,6.8147287,0.78092605,-0.9425899,
1088044738771,3,7.574848,0.33979338,-0.3344046,
1088054779054,3,7.6420584,0.32362702,0.93001604,
1088064788820,3,8.215067,0.79799056,1.3989908,
1088074798585,3,8.376881,0.64800245,1.4916481,
1088084808351,3,8.36715,0.4948709,1.1603869,
1088094848634,3,8.104297,0.5457651,0.95381653,
1088104858400,3,7.909552,0.2772235,0.87118834,
1088114868165,3,8.330477,0.4950206,0.75338334,
1088124877931,3,9.003477,0.16750167,1.0253677,
1088134918214,3,9.606573,0.13501923,1.282982,
1088144958498,3,9.993519,0.14654526,1.6001724,
1088154968263,3,10.51234,0.07604187,1.640738,
1088164978029,3,10.74271,0.13082795,1.6274158,
1088175018312,3,11.271561,0.69246,1.8073416,
1088185028078,3,11.672128,0.7569759,1.633104,
1088195068361,3,12.170142,0.62674665,1.5603552,
1088205078127,3,12.741354,0.5110373,1.5227834,
1088215087892,3,14.812298,1.5504757,-3.0000613,
1088225097658,3,13.136383,-1.6329542,0.5164261,
1088235107423,3,12.753629,-1.1822416,3.2784824,
1088245147707,3,11.977193,-1.5182927,3.7178187,
1088255187990,3,11.758348,-1.4542259,2.7167006,
1088265197755,3,12.298874,-0.95471466,3.0380824,
1088275207521,3,12.300072,-0.9014255,3.583997,
1088285217287,3,11.504626,-0.96130097,4.1296124,
1088295227052,3,11.01215,-1.1382331,4.1611967,
1088305236818,3,10.907667,-1.6947757,4.1496706,
1088315277101,3,10.659932,-1.6902851,3.8546343,
1088325286867,3,10.525811,-1.8297949,3.8839731,
1088335327150,3,10.066117,-1.5718813,3.5714233,
1088345336916,3,9.984537,-1.1771522,3.6130366,
1088355346681,3,9.57439,-1.0341994,3.3030312,
1088365356447,3,9.269624,-1.2039464,3.4220338,
1088375396730,3,9.421108,-1.2204121,3.4167948,
1088385375978,3,9.058263,-0.85786605,2.9264145,
1088395416261,3,8.647966,-0.7442523,2.7488837,
1088405456544,3,8.536598,-0.58213943,2.5622218,
1088415466310,3,8.350834,-0.4327501,2.4267535,
1088425476076,3,8.19396,-0.18501526,2.207759,
1088435485841,3,7.8168945,-0.18007553,1.900897,
1088445526125,3,7.6597214,-0.14968872,1.7082477,
1088455566408,3,7.372918,-0.13546829,1.4112653,
1088465545656,3,7.202722,-0.1778302,1.4406042,
1088475585939,3,7.0078273,0.17932709,1.5751745,
1088485595705,3,7.28056,0.3248245,1.6781602,
1088495605470,3,7.219936,0.1273851,1.8119819,
1088505615236,3,7.1269794,0.062270507,1.9212548,
1088515655519,3,7.369924,0.1194516,2.2294638,
1088525665285,3,7.6712475,0.16510665,2.1921914,
1088535675050,3,7.6336756,-0.0047900393,2.1839585,
1088545715333,3,7.9351487,-0.042810973,2.20731,
1088555725099,3,8.065079,0.0028440857,1.8880239,
1088565734865,3,8.163574,0.060773622,1.6432828,
1088575775148,3,8.075557,-0.016016694,1.3028907,
1088585784913,3,8.157586,0.13307327,1.1817925,
1088595794679,3,7.9656854,0.18291962,1.1204201,
1088605865480,3,8.152496,0.32287857,1.4744339,
1088615875245,3,8.470735,0.48843428,1.5896943,
1088625885011,3,9.031619,0.5906717,2.065854,
1088635894777,3,9.496102,0.5653743,2.457739,
1088645904542,3,9.721833,0.51462984,2.944527,
1088655944825,3,10.218052,0.5854326,3.455115,
1088665954591,3,10.75274,0.35640883,3.6786003,
1088675964357,3,11.269764,0.07933502,3.4179924,
1088685974122,3,11.119477,-0.3291655,2.7845097,
1088696014406,3,10.605146,0.23261628,1.7190253,
1088706054689,3,10.134226,0.43050477,1.0677296,
1088716064455,3,10.110275,0.8051756,1.065634,
1088726074220,3,10.358609,1.23104,1.9449055,
1088736114504,3,10.832374,1.4506334,2.2929318,
