1396207081253724388,3,-0.06958008,0.21046448,-0.038131714,
1396207081253724388,0,-0.08140564,0.21842957,-0.030319214,0.0020599365,0.019180298,0.003540039,
1396207081273621849,3,-0.07171631,0.14477539,-0.024780273,
1396207081273621849,0,-0.08354187,0.15274048,-0.016967773,-0.022506714,0.022918701,0.005142212,
1396207081293763451,3,-0.024719238,0.09403992,-0.008224487,
1396207081293763451,0,-0.0365448,0.102005005,-4.119873E-4,-0.024642944,0.019180298,3.3569336E-4,
1396207081313966087,3,0.019607544,0.04650879,0.0115356445,
1396207081313966087,0,0.0077819824,0.054473877,0.019348145,-0.020904541,0.01651001,0.006210327,
1396207081334016136,3,0.04043579,0.04437256,0.01687622,
1396207081334016136,0,0.02861023,0.052337646,0.02468872,-0.0118255615,0.0026245117,0.009414673,
1396207081354523949,3,0.0046539307,0.08442688,0.01687622,
1396207081354523949,0,-0.007171631,0.09239197,0.02468872,0.0036621094,-0.0021820068,0.006210327,
1396207081374329857,3,-0.031661987,0.10899353,0.023284912,
1396207081374329857,0,-0.04348755,0.11695862,0.031097412,-0.012359619,0.010635376,0.008346558,
1396207081394501976,3,-0.014572144,0.06680298,0.016342163,
1396207081394501976,0,-0.026397705,0.07476807,0.024154663,-0.01876831,0.021850586,0.011016846,
1396207081414582543,3,0.010528564,0.01499939,0.008865356,
1396207081414582543,0,-0.0012969971,0.022964478,0.016677856,-0.017166138,0.017044067,0.0078125,
1396207081434724144,3,0.04310608,0.0053863525,-0.010894775,
1396207081434724144,0,0.031280518,0.01335144,-0.0030822754,-0.025177002,0.0042266846,0.015823364,
1396207081455354027,3,0.057525635,0.0096588135,-0.032791138,
1396207081455354027,0,0.045700073,0.017623901,-0.024978638,-0.0032806396,0.013839722,0.011016846,
1396207081475037865,3,0.01159668,-0.02986145,-0.03492737,
1396207081475037865,0,-2.2888184E-4,-0.021896362,-0.027114868,-0.0011444092,0.017044067,0.0056762695,
1396207081495179466,3,-0.01991272,-0.030395508,-0.03492737,
1396207081495179466,0,-0.03173828,-0.02243042,-0.027114868,-0.009155273,4.8828125E-4,0.008880615,
1396207081515412621,3,3.8146973E-4,-0.0015563965,-0.035995483,
1396207081515412621,0,-0.011444092,0.0064086914,-0.028182983,-0.020904541,0.003692627,0.0056762695,
1396207081535432152,3,0.015335083,-0.01651001,-0.024780273,
1396207081535432152,0,0.0035095215,-0.008544922,-0.016967773,-0.011291504,0.01651001,0.0030059814,
1396207081555878929,3,0.02494812,-0.02078247,-0.008758545,
1396207081555878929,0,0.013122559,-0.012817383,-9.460449E-4,-0.01449585,4.8828125E-4,0.005142212,
1396207081575745873,3,0.02708435,0.029953003,-0.0018157959,
1396207081575745873,0,0.015258789,0.03791809,0.005996704,-0.010223389,-4.5776367E-5,0.0067443848,
1396207081595887474,3,0.004119873,0.037963867,0.01473999,
1396207081595887474,0,-0.0077056885,0.045928955,0.02255249,-0.004348755,0.010101318,0.0019378662,
1396207081616090111,3,-0.015106201,0.042770386,0.03289795,
1396207081616090111,0,-0.026931763,0.050735474,0.04071045,-0.0118255615,0.002090454,0.005142212,
1396207081636140160,3,3.8146973E-4,0.043304443,0.036102295,
1396207081636140160,0,-0.011444092,0.05126953,0.043914795,-0.01663208,0.013305664,0.0072784424,
1396207081656556419,3,0.008926392,0.012863159,0.044647217,
1396207081656556419,0,-0.00289917,0.020828247,0.052459717,-0.012359619,0.019180298,0.006210327,
1396207081676453880,3,0.0019836426,-0.011169434,0.044647217,
1396207081676453880,0,-0.009841919,-0.0032043457,0.052459717,-0.0075531006,0.010101318,0.0072784424,
1396207081696595482,3,-0.01083374,-0.015975952,0.036102295,
1396207081696595482,0,-0.022659302,-0.008010864,0.043914795,-0.010757446,0.006362915,0.012619019,
1396207081716798119,3,-0.009765625,-0.0031585693,0.024353027,
1396207081716798119,0,-0.021591187,0.0048065186,0.032165527,-0.0118255615,0.0074310303,0.008346558,
1396207081736848168,3,-0.014572144,0.0043182373,0.013137817,
1396207081736848168,0,-0.026397705,0.012283325,0.020950317,-0.010223389,0.0052948,0.0099487305,
1396207081757233910,3,-0.01991272,0.011795044,-0.0050201416,
1396207081757233910,0,-0.03173828,0.019760132,0.0027923584,-0.010223389,0.0042266846,0.012084961,
1396207081777192406,3,-0.040740967,0.03529358,-0.010360718,
1396207081777192406,0,-0.05256653,0.043258667,-0.0025482178,-0.004348755,-4.5776367E-5,0.0067443848,
1396207081797364525,3,-0.03807068,0.052383423,-0.008224487,
1396207081797364525,0,-0.04989624,0.06034851,-4.119873E-4,-0.01876831,0.014907837,0.0067443848,
1396207081817445091,3,-0.032196045,0.028884888,-0.004486084,
1396207081817445091,0,-0.044021606,0.036849976,0.003326416,-0.00541687,0.014907837,0.006210327,
1396207081837586693,3,-0.065841675,4.5776367E-5,0.0029907227,
1396207081837586693,0,-0.07766724,0.008010864,0.010803223,-0.0059509277,0.018112183,0.006210327,
1396207081858002953,3,-0.07598877,-0.002090454,0.007797241,
1396207081858002953,0,-0.08781433,0.005874634,0.015609741,-0.012893677,0.0031585693,0.0078125,
1396207081877869896,3,-0.08239746,0.021408081,0.013671875,
1396207081877869896,0,-0.09422302,0.029373169,0.021484375,-0.009689331,0.006362915,0.0040740967,
1396207081898011498,3,-0.081329346,0.039031982,0.030227661,
1396207081898011498,0,-0.09315491,0.04699707,0.03804016,-0.012893677,-5.79834E-4,0.003540039,
1396207081918244652,3,-0.070114136,0.047576904,0.05052185,
1396207081918244652,0,-0.0819397,0.055541992,0.05833435,-0.01663208,0.009033203,0.0014038086,
1396207081938325218,3,-0.03540039,0.05718994,0.07241821,
1396207081938325218,0,-0.047225952,0.06515503,0.08023071,-0.021438599,0.004760742,0.0040740967,
1396207081958405785,3,-0.02418518,0.034225464,0.08042908,
1396207081958405785,0,-0.036010742,0.04219055,0.08824158,-0.007019043,0.022384644,0.0078125,
1396207081978577904,3,-0.047683716,-0.0026245117,0.0750885,
1396207081978577904,0,-0.059509277,0.005340576,0.082901,-0.007019043,0.012237549,0.012084961,
1396207081998750023,3,-0.05783081,-0.014373779,0.059066772,
1396207081998750023,0,-0.06965637,-0.0064086914,0.06687927,-0.0118255615,0.007965088,0.012084961,
1396207082018952660,3,-0.038604736,0.043304443,0.04411316,
1396207082018952660,0,-0.050430298,0.05126953,0.05192566,-0.017166138,-0.0027160645,0.008880615,
1396207082039002709,3,-0.008163452,0.053985596,0.042510986,
1396207082039002709,0,-0.019989014,0.061950684,0.050323486,-0.020904541,0.012237549,0.0072784424,
1396207082059174828,3,0.017471313,0.016601563,0.045715332,
1396207082059174828,0,0.005645752,0.02456665,0.053527832,-0.013427734,0.025054932,0.0072784424,
1396207082079316429,3,-0.0012207031,-0.028793335,0.058532715,
1396207082079316429,0,-0.013046265,-0.020828247,0.066345215,-0.00541687,0.009567261,0.0019378662,
1396207082099458031,3,-0.0022888184,0.022476196,0.080963135,
1396207082099458031,0,-0.01411438,0.030441284,0.088775635,-0.016098022,-0.013931274,0.0019378662,
1396207082119630150,3,-0.0119018555,0.08229065,0.11354065,
1396207082119630150,0,-0.023727417,0.09025574,0.12135315,-0.0022125244,-0.003250122,-0.0039367676,
1396207082139710716,3,-0.041275024,0.13409424,0.15252686,
1396207082139710716,0,-0.053100586,0.14205933,0.16033936,-0.007019043,0.0026245117,8.69751E-4,
1396207082159852318,3,-0.05569458,0.14050293,0.1658783,
1396207082159852318,0,-0.06752014,0.14846802,0.1736908,-0.012893677,0.013305664,0.0099487305,
1396207082179993919,3,-0.030593872,0.14263916,0.14024353,
1396207082179993919,0,-0.042419434,0.15060425,0.14805603,-0.021972656,-0.0037841797,0.020629883,
1396207082200135521,3,0.023880005,0.19390869,0.06707764,
1396207082200135521,0,0.012054443,0.20187378,0.07489014,-0.027313232,0.003692627,0.029708862,
1396207082220246605,3,0.07247925,0.15065002,-0.007156372,
1396207082220246605,0,0.060653687,0.15861511,6.5612793E-4,-0.019302368,0.035202026,0.020629883,
1396207082240418724,3,0.07621765,0.0096588135,-0.037597656,
1396207082240418724,0,0.06439209,0.017623901,-0.029785156,-0.0048828125,0.04588318,0.012619019,
1396207082260499291,3,0.0030517578,-0.10462952,-0.048812866,
1396207082260499291,0,-0.008773804,-0.09666443,-0.041000366,0.01701355,0.022384644,0.0056762695,
1396207082280701927,3,-0.114974976,-0.127594,-0.045074463,
1396207082280701927,0,-0.12680054,-0.119628906,-0.037261963,0.014343262,0.0026245117,0.006210327,
1396207082301081768,3,-0.17906189,-0.09715271,-0.044540405,
1396207082301081768,0,-0.19088745,-0.08918762,-0.036727905,-0.0048828125,-0.0043182373,0.011016846,
1396207082321284405,3,-0.16197205,-0.022384644,-0.069107056,
1396207082321284405,0,-0.1737976,-0.014419556,-0.061294556,-0.029449463,-0.01713562,0.015289307,
1396207082341364972,3,-0.074920654,0.056121826,-0.093673706,
1396207082341364972,0,-0.086746216,0.064086914,-0.085861206,-0.033187866,-5.79834E-4,0.011016846,
1396207082361476056,3,-0.009231567,0.04437256,-0.10702515,
1396207082361476056,0,-0.021057129,0.052337646,-0.09921265,-0.025177002,0.019714355,0.011550903,
1396207082381648175,3,0.033493042,-0.012237549,-0.111831665,
1396207082381648175,0,0.02166748,-0.004272461,-0.104019165,-0.01876831,0.021850586,0.0078125,
1396207082401789776,3,0.013198853,-0.04748535,-0.10168457,
1396207082401789776,0,0.001373291,-0.039520264,-0.09387207,0.00579834,0.012237549,0.0019378662,
1396207082421992413,3,-0.074920654,-0.069381714,-0.068573,
1396207082421992413,0,-0.086746216,-0.061416626,-0.060760498,0.013809204,0.0084991455,-0.0023345947,
1396207082442072979,3,-0.19721985,-0.038406372,-0.040802002,
1396207082442072979,0,-0.20904541,-0.030441284,-0.032989502,0.023956299,-0.007522583,0.0019378662,
1396207082462153546,3,-0.32913208,0.053451538,-0.020507813,
1396207082462153546,0,-0.34095764,0.061416626,-0.0126953125,0.018081665,-0.021408081,0.0030059814,
1396207082482356182,3,-0.43434143,0.19017029,0.009399414,
1396207082482356182,0,-0.446167,0.19813538,0.017211914,0.009002686,-0.029953003,-0.0012664795,
1396207082583033673,3,-0.13687134,0.06626892,0.16160583,
1396207082583033673,0,-0.1486969,0.07423401,0.16941833,-0.013961792,0.014907837,0.013153076,
1396207082603144757,3,-0.19721985,-0.017578125,0.13169861,
1396207082603144757,0,-0.20904541,-0.009613037,0.13951111,0.017547607,0.0368042,0.017425537,
1396207082623377911,3,-0.2773285,-0.09234619,0.08683777,
1396207082623377911,0,-0.28915405,-0.0843811,0.09465027,-0.009155273,0.017578125,0.020629883,
1396207082643458477,3,-0.23033142,-0.06404114,0.038772583,
1396207082643458477,0,-0.24215698,-0.05607605,0.046585083,-0.031585693,-0.011795044,0.018493652,
1396207082663569561,3,-0.1662445,-0.053894043,-0.014099121,
1396207082663569561,0,-0.17807007,-0.045928955,-0.006286621,-0.025177002,0.0154418945,0.02116394,
1396207082683741681,3,-0.11016846,-0.0074310303,-0.04133606,
1396207082683741681,0,-0.12199402,5.340576E-4,-0.03352356,-0.024642944,-0.022476196,0.013153076,
1396207082703883282,3,-0.055160522,0.16453552,-0.06536865,
1396207082703883282,0,-0.066986084,0.17250061,-0.057556152,-0.027313232,-0.042770386,0.014755249,
1396207082724055401,3,0.019607544,0.34664917,-0.10168457,
1396207082724055401,0,0.0077819824,0.35461426,-0.09387207,-0.033721924,-0.02835083,0.01902771,
1396207082744197003,3,0.12161255,0.41661072,-0.14173889,
1396207082744197003,0,0.10978699,0.4245758,-0.13392639,-0.038528442,0.0052948,0.015289307,
1396207082764521710,3,0.19317627,0.3867035,-0.15722656,
1396207082764521710,0,0.18135071,0.39466858,-0.14941406,-0.020370483,0.024520874,0.008346558,
1396207082784480206,3,0.20225525,0.34558105,-0.1390686,
1396207082784480206,0,0.19042969,0.35354614,-0.1312561,-0.012359619,0.007965088,8.69751E-4,
1396207082804621807,3,0.24017334,0.3600006,-0.12678528,
1396207082804621807,0,0.22834778,0.3679657,-0.11897278,-0.02998352,0.0052948,0.0078125,
1396207082824824444,3,0.30799866,0.29110718,-0.11984253,
1396207082824824444,0,0.2961731,0.29907227,-0.11203003,-0.020904541,0.04321289,8.69751E-4,
1396207082844905011,3,0.30319214,0.1031189,-0.08833313,
1396207082844905011,0,0.29136658,0.111083984,-0.08052063,0.004196167,0.060302734,3.3569336E-4,
1396207082864985577,3,0.18249512,-0.07952881,-0.058425903,
1396207082864985577,0,0.17066956,-0.07156372,-0.050613403,0.026626587,0.03894043,0.003540039,
1396207082885096661,3,0.08049011,-0.1703186,-0.076049805,
1396207082885096661,0,0.06866455,-0.16235352,-0.068237305,-6.1035156E-4,0.017578125,0.015823364,
1396207082905329815,3,0.020141602,-0.15055847,-0.08406067,
1396207082905329815,0,0.00831604,-0.14259338,-0.07624817,0.009536743,-0.0011138916,3.3569336E-4,
1396207082925532452,3,-0.067977905,-0.100357056,-0.028518677,
1396207082925532452,0,-0.07980347,-0.09239197,-0.020706177,0.006866455,-0.006454468,-0.0071411133,
1396207082945613018,3,-0.072784424,-0.1174469,0.02809143,
1396207082945613018,0,-0.084609985,-0.10948181,0.03590393,-0.03211975,0.030929565,-0.006072998,
1396207082965754620,3,0.10398865,-0.18473816,0.040908813,
1396207082965754620,0,0.092163086,-0.17677307,0.048721313,-0.07644653,0.015975952,0.016357422,
1396207082985896222,3,0.37261963,-0.17512512,8.544922E-4,
1396207082985896222,0,0.36079407,-0.16716003,0.008666992,-0.0705719,-0.007522583,0.015823364,
1396207083006037823,3,0.48316956,-0.10195923,0.013137817,
1396207083006037823,0,0.471344,-0.09399414,0.020950317,-0.009155273,-0.004852295,-0.006072998,
1396207083026179425,3,0.40145874,-0.08326721,0.078826904,
1396207083026179425,0,0.38963318,-0.075302124,0.086639404,0.022354126,0.0084991455,-0.007675171,
1396207083046321026,3,0.21507263,-0.084869385,0.13597107,
1396207083046321026,0,0.20324707,-0.0769043,0.14378357,0.045318604,0.0058288574,-0.005004883,
1396207083066462628,3,0.008926392,-0.09448242,0.1594696,
1396207083066462628,0,-0.00289917,-0.086517334,0.1672821,0.029296875,0.013305664,0.0099487305,
1396207083086604229,3,-0.101623535,-0.06777954,0.13116455,
1396207083086604229,0,-0.1134491,-0.059814453,0.13897705,9.918213E-4,-0.008056641,0.01902771,
1396207083106758568,3,-0.103759766,0.024612427,0.08203125,
1396207083106758568,0,-0.11558533,0.032577515,0.08984375,-0.019302368,-0.025680542,0.020095825,
1396207083126900169,3,-0.065841675,0.15492249,0.014205933,
1396207083126900169,0,-0.07766724,0.16288757,0.022018433,-0.023040771,-0.018203735,0.025970459,
1396207083147011253,3,-0.027923584,0.1736145,-0.040802002,
1396207083147011253,0,-0.039749146,0.18157959,-0.032989502,-0.018234253,0.025054932,0.017959595,
1396207083167152855,3,0.012130737,0.052383423,-0.064834595,
1396207083167152855,0,3.0517578E-4,0.06034851,-0.057022095,-0.027313232,0.035202026,0.008880615,
1396207083187294457,3,0.062332153,-0.0154418945,-0.053085327,
1396207083187294457,0,0.05050659,-0.0074768066,-0.045272827,-0.01876831,0.014373779,3.3569336E-4,
1396207083207436058,3,0.073013306,-0.037338257,0.004058838,
1396207083207436058,0,0.061187744,-0.029373169,0.011871338,-0.012359619,0.022384644,-0.008743286,
1396207083227638695,3,0.06607056,-0.14414978,0.055862427,
1396207083227638695,0,0.054244995,-0.13618469,0.06367493,-0.004348755,0.042678833,-0.0018005371,
1396207083247719261,3,0.010528564,-0.25309753,0.08256531,
1396207083247719261,0,-0.0012969971,-0.24513245,0.09037781,0.008468628,0.028793335,0.0014038086,
1396207083267891380,3,-0.072784424,-0.30596924,0.10392761,
1396207083267891380,0,-0.084609985,-0.29800415,0.11174011,0.0063323975,0.012237549,0.003540039,
1396207083288002464,3,-0.12992859,-0.27766418,0.101257324,
1396207083288002464,0,-0.14175415,-0.2696991,0.109069824,-0.002746582,-0.008590698,0.013687134,
1396207083308174584,3,-0.078125,-0.13293457,0.056930542,
1396207083308174584,0,-0.08995056,-0.12496948,0.06474304,-0.0118255615,0.007965088,0.0078125,
1396207083328377220,3,0.15846252,-0.004760742,-0.030654907,
1396207083328377220,0,0.14663696,0.0032043457,-0.022842407,-0.05508423,-0.0037841797,0.021697998,
1396207083348457787,3,0.2935791,-0.021316528,-0.049346924,
1396207083348457787,0,0.28175354,-0.01335144,-0.041534424,-0.03211975,0.028793335,0.005142212,
1396207083368538353,3,0.33042908,-0.15109253,-0.03492737,
1396207083368538353,0,0.31860352,-0.14312744,-0.027114868,-0.013427734,0.049621582,0.003540039,
1396207083388710472,3,0.32615662,-0.29689026,-0.014633179,
1396207083388710472,0,0.31433105,-0.28892517,-0.0068206787,-0.011291504,0.033065796,0.0014038086,
1396207083408852074,3,0.3176117,-0.30596924,3.2043457E-4,
1396207083408852074,0,0.30578613,-0.29800415,0.008132935,-0.008087158,-0.009124756,0.0056762695,
1396207083429054710,3,0.25672913,-0.20770264,-7.4768066E-4,
1396207083429054710,0,0.24490356,-0.19973755,0.0070648193,0.016479492,-0.011260986,0.0067443848,
1396207083449135277,3,0.15419006,-0.19328308,0.0056610107,
1396207083449135277,0,0.1423645,-0.185318,0.013473511,0.00579834,0.011703491,0.0099487305,
1396207083469246361,3,0.09063721,-0.28193665,-0.010360718,
1396207083469246361,0,0.078811646,-0.27397156,-0.0025482178,0.008468628,0.0544281,0.0056762695,
1396207083489418480,3,-0.036468506,-0.48968506,0.034500122,
1396207083489418480,0,-0.048294067,-0.48171997,0.042312622,0.029830933,0.06137085,-0.011413574,
1396207083509682152,3,-0.22338867,-0.66485596,0.14451599,
1396207083509682152,0,-0.23521423,-0.65689087,0.15232849,0.03730774,0.035736084,-0.025299072,
1396207083529732201,3,-0.2810669,-0.61465454,0.18991089,
1396207083529732201,0,-0.29289246,-0.60668945,0.19772339,-0.040664673,-0.043304443,0.020095825,
1396207083549873802,3,-0.03753662,-0.28086853,0.04624939,
1396207083549873802,0,-0.049362183,-0.27290344,0.05406189,-0.09513855,-0.09724426,0.060150146,
1396207083570991966,3,0.21987915,0.040100098,-0.13105774,
1396207083570991966,0,0.20805359,0.048065186,-0.12324524,-0.04814148,-0.036895752,0.03665161,
1396207083590157005,3,0.21507263,0.054519653,-0.1668396,
1396207083590157005,0,0.20324707,0.06248474,-0.1590271,0.025024414,0.04374695,-0.0023345947,
1396207083610268089,3,-0.0012207031,-0.12171936,-0.09741211,
1396207083610268089,0,-0.013046265,-0.11375427,-0.08959961,0.053329468,0.05229187,-0.011947632,
1396207083630470726,3,-0.27946472,-0.20770264,-0.033859253,
1396207083630470726,0,-0.29129028,-0.19973755,-0.026046753,0.05493164,-0.0027160645,-0.0028686523,
1396207083650551293,3,-0.47065735,-0.056030273,0.0045928955,
1396207083650551293,0,-0.4824829,-0.048065186,0.0124053955,0.0132751465,-0.05078125,-7.324219E-4,
1396207083670692894,3,-0.47439575,0.15065002,0.0398407,
1396207083670692894,0,-0.4862213,0.15861511,0.0476532,-0.031051636,-0.029953003,-0.0018005371,
1396207083690803978,3,-0.36224365,0.24357605,0.05105591,
1396207083690803978,0,-0.3740692,0.25154114,0.05886841,-0.047073364,0.002090454,0.008346558,
1396207083710976097,3,-0.20469666,0.21046448,0.033966064,
1396207083710976097,0,-0.21652222,0.21842957,0.041778564,-0.051879883,0.026657104,0.013687134,
1396207083731209252,3,-0.067977905,0.10525513,-0.011428833,
1396207083731209252,0,-0.07980347,0.113220215,-0.003616333,-0.040130615,0.0368042,0.023834229,
1396207083751259300,3,0.018539429,-4.8828125E-4,-0.078186035,
1396207083751259300,0,0.006713867,0.0074768066,-0.070373535,-0.026245117,0.03253174,0.02330017,
1396207083771400902,3,0.03616333,-0.103027344,-0.12037659,
1396207083771400902,0,0.024337769,-0.095062256,-0.11256409,-0.0075531006,0.03466797,0.013153076,
1396207083791511986,3,0.028686523,-0.1804657,-0.12037659,
1396207083791511986,0,0.016860962,-0.17250061,-0.11256409,-0.012893677,0.014907837,0.003540039,
1396207083892219994,3,0.17875671,0.03475952,-0.08299255,
1396207083892219994,0,0.16693115,0.04272461,-0.07518005,-0.044403076,-0.02407837,0.003540039,
1396207083912331078,3,0.28450012,0.13409424,-0.033859253,
1396207083912331078,0,0.27267456,0.14205933,-0.026046753,-0.03265381,-0.0027160645,-0.012481689,
1396207083932594750,3,0.36140442,0.114868164,0.06387329,
1396207083932594750,0,0.34957886,0.12283325,0.07168579,-0.026245117,0.029327393,-0.016220093,
1396207083952675316,3,0.33950806,0.029953003,0.14024353,
1396207083952675316,0,0.3276825,0.03791809,0.14805603,0.011672974,0.019180298,-0.0082092285,
1396207083972816918,3,0.209198,0.05718994,0.17549133,
1396207083972816918,0,0.19737244,0.06515503,0.18330383,0.029830933,-0.004852295,0.0067443848,
1396207083992897484,3,0.03883362,0.060394287,0.14985657,
1396207083992897484,0,0.027008057,0.068359375,0.15766907,0.020751953,0.013305664,0.024902344,
1396207084013100121,3,-0.067977905,0.017669678,0.07028198,
1396207084013100121,0,-0.07980347,0.025634766,0.07809448,0.018615723,0.026123047,0.020095825,
1396207084033302757,3,-0.21217346,-0.025054932,0.06921387,
1396207084033302757,0,-0.22399902,-0.017089844,0.07702637,0.02609253,0.0015563965,-0.0012664795,
1396207084053383324,3,-0.3515625,0.07588196,0.11300659,
1396207084053383324,0,-0.36338806,0.083847046,0.12081909,0.018081665,-0.032089233,-0.00340271,
1396207084073524925,3,-0.40924072,0.25212097,0.13490295,
1396207084073524925,0,-0.42106628,0.26008606,0.14271545,-0.020370483,-0.036361694,0.0078125,
1396207084093636009,3,-0.27145386,0.400589,0.10232544,
1396207084093636009,0,-0.28327942,0.40855408,0.11013794,-0.069503784,-0.01927185,0.02330017,
1396207084113808128,3,-0.020980835,0.35572815,0.07028198,
1396207084113808128,0,-0.032806396,0.36369324,0.07809448,-0.07217407,0.06297302,0.010482788,
1396207084134132835,3,0.08796692,0.012329102,0.09698486,
1396207084134132835,0,0.07614136,0.02029419,0.10479736,-0.0038146973,0.11691284,-0.0066070557,
1396207084154121849,3,-0.043945313,-0.35830688,0.16107178,
1396207084154121849,0,-0.055770874,-0.3503418,0.16888428,0.038375854,0.06777954,-0.007675171,
1396207084174232933,3,-0.24795532,-0.4362793,0.18243408,
1396207084174232933,0,-0.25978088,-0.4283142,0.19024658,0.03517151,-0.016601563,0.010482788,
1396207084194344017,3,-0.36491394,-0.16978455,0.14077759,
1396207084194344017,0,-0.3767395,-0.16181946,0.14859009,-0.0016784668,-0.08869934,0.024368286,
1396207084214516136,3,-0.33180237,0.14797974,0.08630371,
1396207084214516136,0,-0.34362793,0.15594482,0.09411621,-0.03479004,-0.042236328,0.014755249,
1396207084234718773,3,-0.21591187,0.24945068,0.06227112,
1396207084234718773,0,-0.22773743,0.25741577,0.07008362,-0.044937134,-0.0016479492,0.012084961,
1396207084254799339,3,-0.097351074,0.2606659,0.05105591,
1396207084254799339,0,-0.109176636,0.26863098,0.05886841,-0.033187866,0.009567261,0.009414673,
1396207084274940941,3,-0.061035156,0.27294922,0.06707764,
1396207084274940941,0,-0.07286072,0.2809143,0.07489014,-0.010757446,4.8828125E-4,-0.0023345947,
1396207084295052025,3,-0.0605011,0.28736877,0.094314575,
1396207084295052025,0,-0.07232666,0.29533386,0.102127075,-0.01876831,0.0052948,0.003540039,
1396207084315254662,3,0.016937256,0.30392456,0.09805298,
1396207084315254662,0,0.0051116943,0.31188965,0.10586548,-0.040664673,0.0026245117,0.011550903,
1396207084335457298,3,0.14297485,0.32261658,0.07936096,
1396207084335457298,0,0.13114929,0.33058167,0.08717346,-0.042800903,0.0042266846,0.014221191,
1396207084355507347,3,0.2342987,0.289505,0.040908813,
1396207084355507347,0,0.22247314,0.2974701,0.048721313,-0.029449463,0.02772522,0.020629883,
1396207084375679466,3,0.29411316,0.2051239,-0.019973755,
1396207084375679466,0,0.2822876,0.21308899,-0.012161255,-0.021972656,0.03413391,0.027038574,
1396207084395790550,3,0.3288269,0.060928345,-0.11022949,
1396207084395790550,0,0.31700134,0.06889343,-0.10241699,-0.020370483,0.055496216,0.030776978,
1396207084415962669,3,0.3742218,-0.15002441,-0.19087219,
1396207084415962669,0,0.36239624,-0.14205933,-0.18305969,-0.021972656,0.052825928,0.021697998,
1396207084436104271,3,0.4046631,-0.21731567,-0.19728088,
1396207084436104271,0,0.39283752,-0.20935059,-0.18946838,-0.020370483,0.003692627,3.3569336E-4,
1396207084456245873,3,0.4473877,-0.13026428,-0.1593628,
1396207084456245873,0,0.43556213,-0.122299194,-0.1515503,-0.019302368,-0.024612427,-0.0012664795,
1396207084476387474,3,0.41801453,-0.051223755,-0.11557007,
1396207084476387474,0,0.40618896,-0.043258667,-0.10775757,0.011138916,0.0031585693,-0.007675171,
1396207084496529076,3,0.3138733,-0.0544281,-0.051483154,
1396207084496529076,0,0.30204773,-0.046463013,-0.043670654,0.015945435,0.009567261,-0.0055389404,
1396207084516670677,3,0.18089294,-0.09555054,0.0056610107,
1396207084516670677,0,0.16906738,-0.08758545,0.013473511,0.02609253,0.026123047,-0.0082092285,
1396207084536995384,3,0.050582886,-0.12011719,0.060668945,
1396207084536995384,0,0.038757324,-0.1121521,0.068481445,0.011138916,-0.0016479492,0.0019378662,
1396207084556953880,3,-0.033798218,-0.124923706,0.048919678,
1396207084556953880,0,-0.04562378,-0.11695862,0.056732178,0.0132751465,0.023452759,0.013687134,
1396207084577095482,3,-0.11390686,-0.24615479,0.022216797,
1396207084577095482,0,-0.12573242,-0.2381897,0.030029297,-0.007019043,0.053894043,0.017959595,
1396207084597237084,3,0.013198853,-0.331604,-0.05255127,
1396207084597237084,0,0.001373291,-0.32363892,-0.04473877,-0.07965088,-0.0069885254,0.036117554,
1396207084617317650,3,0.24230957,-0.20129395,-0.1668396,
1396207084617317650,0,0.23048401,-0.19332886,-0.1590271,-0.037460327,-0.021942139,0.030776978,
1396207084637550804,3,0.09811401,-0.23814392,-0.22665405,
1396207084637550804,0,0.08628845,-0.23017883,-0.21884155,0.11634827,0.07472229,0.01689148,
1396207084657631371,3,-0.27305603,-0.51638794,-0.22665405,
1396207084657631371,0,-0.2848816,-0.50842285,-0.21884155,0.08270264,0.07418823,-0.0012664795,
1396207084677772972,3,-0.61325073,-0.5783386,-0.13746643,
1396207084677772972,0,-0.6250763,-0.57037354,-0.12965393,0.052261353,-0.036895752,-0.023162842,
1396207084698122248,3,-0.72914124,-0.22853088,-0.027450562,
1396207084698122248,0,-0.7409668,-0.2205658,-0.019638062,-0.01449585,-0.10899353,-0.011413574,
1396207084718263849,3,-0.65704346,0.15492249,0.03289795,
1396207084718263849,0,-0.668869,0.16288757,0.04071045,-0.038528442,-0.057724,-0.0066070557,
1396207084738466486,3,-0.560379,0.2579956,0.1065979,
1396207084738466486,0,-0.5722046,0.2659607,0.1144104,-0.03692627,0.022918701,-0.014083862,
1396207084758516535,3,-0.4172516,0.14157104,0.16427612,
1396207084758516535,0,-0.42907715,0.14953613,0.17208862,-0.058288574,0.046417236,8.69751E-4,
1396207084778688654,3,-0.22071838,-0.03199768,0.16908264,
1396207084778688654,0,-0.23254395,-0.024032593,0.17689514,-0.06362915,0.041610718,0.011016846,
1396207084798799738,3,-0.025253296,-0.08433533,0.13490295,
1396207084798799738,0,-0.037078857,-0.07637024,0.14271545,-0.056152344,0.010635376,0.019561768,
1396207084818910822,3,0.09490967,-0.06137085,0.07989502,
1396207084818910822,0,0.08308411,-0.05340576,0.08770752,-0.026779175,4.8828125E-4,0.02330017,
1396207084839174494,3,0.1424408,-0.098220825,0.03236389,
1396207084839174494,0,0.13061523,-0.09025574,0.04017639,-0.023040771,0.038406372,0.017425537,
1396207084859255060,3,0.19264221,-0.30543518,-0.0066223145,
1396207084859255060,0,0.18081665,-0.2974701,0.0011901855,-0.023040771,0.075790405,0.01689148,
1396207084879396662,3,0.2407074,-0.47579956,-0.06323242,
1396207084879396662,0,0.22888184,-0.46783447,-0.055419922,-0.026245117,0.01864624,0.025436401,
1396207084899538263,3,0.28663635,-0.3769989,-0.13052368,
1396207084899538263,0,0.2748108,-0.3690338,-0.12271118,-0.021972656,-0.044906616,0.01902771,
1396207084919649347,3,0.31814575,-0.10676575,-0.14440918,
1396207084919649347,0,0.3063202,-0.09880066,-0.13659668,-0.0118255615,-0.06413269,0.005142212,
1396207084939913019,3,0.27755737,0.19711304,-0.11984253,
1396207084939913019,0,0.2657318,0.20507813,-0.11203003,-7.6293945E-5,-0.070007324,-0.0023345947,
1396207084959902033,3,0.3213501,0.39471436,-0.09687805,
1396207084959902033,0,0.30952454,0.40267944,-0.08906555,-0.041732788,-0.00592041,0.0024719238,
1396207084980348810,3,0.42121887,0.31033325,-0.05949402,
1396207084980348810,0,0.4093933,0.31829834,-0.05168152,-0.027313232,0.053894043,-7.324219E-4,
1396207085000246271,3,0.44258118,0.09617615,-0.03652954,
1396207085000246271,0,0.43075562,0.104141235,-0.028717041,-0.0059509277,0.05870056,0.0019378662,
1396207085020357355,3,0.3325653,0.067337036,-0.012496948,
1396207085020357355,0,0.32073975,0.075302124,-0.0046844482,0.041046143,-0.026748657,0.0024719238,
1396207085081026301,3,-0.039138794,0.6377106,-0.1177063,
1396207085081026301,0,-0.050964355,0.64567566,-0.1098938,0.022888184,-0.018203735,-0.0023345947,
1396207085100954279,3,-0.11550903,0.6585388,-0.071777344,
1396207085100954279,0,-0.1273346,0.6665039,-0.063964844,-0.015029907,0.029327393,0.0040740967,
1396207085121065363,3,-0.039138794,0.48176575,-0.116104126,
1396207085121065363,0,-0.050964355,0.48973083,-0.108291626,-0.042266846,0.07258606,0.029174805,
1396207085141298517,3,0.062332153,0.19337463,-0.12358093,
1396207085141298517,0,0.05050659,0.20133972,-0.11576843,-0.028381348,0.069381714,-0.009277344,
1396207085161379084,3,0.13389587,0.034225464,-0.04988098,
1396207085161379084,0,0.12207031,0.04219055,-0.04206848,-0.03692627,0.03199768,-0.0071411133,
1396207085181490168,3,0.16807556,-0.08860779,-0.008224487,
1396207085181490168,0,0.15625,-0.0806427,-4.119873E-4,0.0015258789,0.040542603,-0.0018005371,
1396207085201662287,3,0.06072998,-0.17298889,0.02168274,
1396207085201662287,0,0.04890442,-0.1650238,0.02949524,0.026626587,0.0074310303,0.003540039,
1396207085221773371,3,-0.12458801,-0.120651245,0.038238525,
1396207085221773371,0,-0.13641357,-0.11268616,0.046051025,0.03677368,-0.016067505,0.0030059814,
1396207085242006525,3,-0.24528503,-0.02772522,0.024887085,
1396207085242006525,0,-0.2571106,-0.019760132,0.032699585,0.0025939941,-0.0096588135,0.013153076,
1396207085262087092,3,-0.2858734,0.056655884,0.013671875,
1396207085262087092,0,-0.29769897,0.06462097,0.021484375,-0.0038146973,-0.023544312,0.008346558,
1396207085282228693,3,-0.3312683,0.18803406,-0.0023498535,
1396207085282228693,0,-0.34309387,0.19599915,0.0054626465,-7.6293945E-5,-0.016067505,0.01689148,
1396207085302370295,3,-0.3691864,0.21473694,-0.016235352,
1396207085302370295,0,-0.38101196,0.22270203,-0.008422852,-0.008087158,0.017044067,0.005142212,
1396207085322542414,3,-0.33607483,0.16293335,-0.0023498535,
1396207085322542414,0,-0.3479004,0.17089844,0.0054626465,-0.029449463,0.02078247,0.006210327,
1396207085342928156,3,-0.263443,0.15812683,-0.0012817383,
1396207085342928156,0,-0.27526855,0.16609192,0.0065307617,-0.029449463,0.0042266846,0.008346558,
1396207085362886652,3,-0.18066406,0.1458435,-0.0018157959,
1396207085362886652,0,-0.19248962,0.1538086,0.005996704,-0.037460327,0.01651001,0.0078125,
1396207085383150324,3,-0.041809082,0.09030151,-0.008758545,
1396207085383150324,0,-0.053634644,0.0982666,-9.460449E-4,-0.057754517,0.029327393,0.012619019,
1396207085403047785,3,0.1424408,-0.037872314,-0.031188965,
1396207085403047785,0,0.13061523,-0.029907227,-0.023376465,-0.051879883,0.04748535,0.010482788,
1396207085423219904,3,0.2508545,-0.1906128,-0.0135650635,
1396207085423219904,0,0.23902893,-0.1826477,-0.0057525635,-0.02357483,0.042144775,-0.0039367676,
1396207085443422541,3,0.25138855,-0.26431274,0.03289795,
1396207085443422541,0,0.23956299,-0.25634766,0.04071045,-0.007019043,0.01651001,-1.9836426E-4,
1396207085463503107,3,0.3047943,-0.21411133,0.017410278,
1396207085463503107,0,0.29296875,-0.20614624,0.025222778,-0.040130615,-0.015533447,0.021697998,
1396207085483888849,3,0.41267395,-0.18367004,-0.029586792,
1396207085483888849,0,0.4008484,-0.17570496,-0.021774292,-0.03692627,0.03413391,0.021697998,
1396207085503768561,3,0.47569275,-0.37379456,-0.05682373,
1396207085503768561,0,0.4638672,-0.36582947,-0.04901123,-0.015563965,0.060836792,0.006210327,
1396207085523910162,3,0.47302246,-0.5334778,-0.033859253,
1396207085523910162,0,0.4611969,-0.5255127,-0.026046753,-0.010757446,0.027191162,0.0014038086,
1396207085544173834,3,0.42015076,-0.53775024,-0.008224487,
1396207085544173834,0,0.4083252,-0.52978516,-4.119873E-4,0.018615723,-0.00592041,-7.324219E-4,
1396207085564315436,3,0.23750305,-0.4715271,0.044647217,
1396207085564315436,0,0.22567749,-0.463562,0.052459717,0.043182373,-0.008056641,-0.007675171,
1396207085584334967,3,-0.0012207031,-0.51745605,0.11087036,
1396207085584334967,0,-0.013046265,-0.50949097,0.11868286,0.044784546,0.049621582,-0.008743286,
1396207085604507086,3,-0.07972717,-0.68782043,0.13597107,
1396207085604507086,0,-0.091552734,-0.67985535,0.14378357,-0.035858154,0.033065796,0.013153076,
1396207085624648688,3,0.13442993,-0.5575104,0.04411316,
1396207085624648688,0,0.12260437,-0.5495453,0.05192566,-0.07911682,-0.0716095,0.043060303,
1396207085644851324,3,0.24337769,-0.2621765,-0.066970825,
1396207085644851324,0,0.23155212,-0.25421143,-0.059158325,0.015945435,-0.05078125,0.022766113,
1396207085664931891,3,-0.042877197,-0.13079834,-0.09527588,
1396207085664931891,0,-0.05470276,-0.12283325,-0.08746338,0.08857727,0.0015563965,0.005142212,
1396207085685073492,3,-0.4610443,-0.10997009,-0.05895996,
1396207085685073492,0,-0.47286987,-0.102005005,-0.05114746,0.09017944,-0.008590698,-0.0066070557,
1396207085705245611,3,-0.78575134,5.79834E-4,-0.006088257,
1396207085705245611,0,-0.7975769,0.008544922,0.0017242432,0.045318604,-0.029418945,-0.006072998,
1396207085725387213,3,-0.9048462,0.1383667,0.035568237,
1396207085725387213,0,-0.91667175,0.14633179,0.043380737,-0.0118255615,-0.02835083,0.003540039,
1396207085745528815,3,-0.80604553,0.2115326,0.0435791,
1396207085745528815,0,-0.8178711,0.21949768,0.0513916,-0.052947998,0.0074310303,8.69751E-4,
1396207085765670416,3,-0.63835144,0.18109131,0.09698486,
1396207085765670416,0,-0.650177,0.1890564,0.10479736,-0.05722046,0.027191162,-0.00340271,
1396207085785812018,3,-0.439682,0.11380005,0.13383484,
1396207085785812018,0,-0.45150757,0.12176514,0.14164734,-0.060424805,0.019714355,-7.324219E-4,
1396207085805953619,3,-0.26504517,0.08496094,0.15733337,
1396207085805953619,0,-0.27687073,0.092926025,0.16514587,-0.05027771,0.017578125,0.0056762695,
1396207085826095221,3,-0.12939453,0.063064575,0.13970947,
1396207085826095221,0,-0.1412201,0.07102966,0.14752197,-0.041732788,0.0052948,0.017959595,
1396207085846236822,3,0.008926392,0.09564209,0.09324646,
1396207085846236822,0,-0.00289917,0.10360718,0.10105896,-0.054016113,0.003692627,0.020629883,
1396207085866378424,3,0.18943787,0.051849365,0.044647217,
1396207085866378424,0,0.1776123,0.059814453,0.052459717,-0.054016113,0.030395508,0.020095825,
1396207085886489508,3,0.31547546,-0.082733154,0.0029907227,
1396207085886489508,0,0.3036499,-0.07476807,0.010803223,-0.033721924,0.048553467,0.014755249,
1396207085906631110,3,0.3806305,-0.17245483,-0.035461426,
1396207085906631110,0,0.36880493,-0.16448975,-0.027648926,-0.019836426,0.004760742,0.02116394,
1396207085926803229,3,0.38650513,-0.113708496,-0.07925415,
1396207085926803229,0,0.37467957,-0.10574341,-0.07144165,-0.009689331,-0.00592041,0.015823364,
1396207085946944830,3,0.39024353,-0.06724548,-0.09474182,
1396207085946944830,0,0.37841797,-0.059280396,-0.08692932,-0.019836426,-0.0096588135,0.011016846,
1396207085966964361,3,0.46340942,-0.03466797,-0.11717224,
1396207085966964361,0,0.45158386,-0.02670288,-0.10935974,-0.03425598,0.003692627,0.018493652,
1396207085987441656,3,0.5178833,-0.0042266846,-0.15776062,
1396207085987441656,0,0.50605774,0.0037384033,-0.14994812,-0.017166138,-4.5776367E-5,0.015289307,
1396207086007339117,3,0.52215576,0.059326172,-0.18125916,
1396207086007339117,0,0.5103302,0.06729126,-0.17344666,-0.0075531006,-0.0069885254,0.013153076,
1396207086027511236,3,0.4521942,0.12768555,-0.18019104,
1396207086027511236,0,0.44036865,0.13565063,-0.17237854,0.023956299,-0.008056641,-0.0018005371,
1396207086047652838,3,0.25512695,0.056655884,-0.12464905,
1396207086047652838,0,0.24330139,0.06462097,-0.11683655,0.036239624,0.044815063,-0.0028686523,
1396207086067794440,3,0.209198,-0.053894043,-0.142807,
1396207086067794440,0,0.19737244,-0.045928955,-0.1349945,-0.033187866,0.027191162,0.03024292,
1396207086087905524,3,0.2444458,-0.1564331,-0.198349,
1396207086087905524,0,0.23262024,-0.14846802,-0.1905365,0.008468628,0.03253174,0.0024719238,
1396207086108047125,3,0.053253174,-0.1767273,-0.09794617,
1396207086108047125,0,0.041427612,-0.1687622,-0.09013367,0.06187439,-0.00592041,-0.038116455,
1396207086128188727,3,-0.24421692,-0.0683136,0.11727905,
1396207086128188727,0,-0.25604248,-0.06034851,0.12509155,0.049591064,-0.026748657,-0.040786743,
1396207086148360846,3,-0.39909363,0.0021820068,0.20593262,
1396207086148360846,0,-0.4109192,0.010147095,0.21374512,0.009002686,0.006362915,0.010482788,
1396207086168502447,3,-0.40763855,-0.049621582,0.1696167,
1396207086168502447,0,-0.4194641,-0.041656494,0.1774292,-0.033721924,0.025054932,0.01902771,
1396207086188644049,3,-0.263443,-0.100357056,0.13650513,
1396207086188644049,0,-0.27526855,-0.09239197,0.14431763,-0.04547119,0.017044067,0.009414673,
1396207086208755133,3,-0.24848938,-0.11798096,0.1519928,
1396207086208755133,0,-0.26031494,-0.11001587,0.1598053,0.014343262,0.003692627,0.0024719238,
1396207086228896735,3,-0.47813416,-0.05709839,0.2011261,
1396207086228896735,0,-0.48995972,-0.0491333,0.2089386,0.06881714,-0.011260986,-0.0082092285,
1396207086249007819,3,-0.71365356,0.049179077,0.23103333,
1396207086249007819,0,-0.7254791,0.057144165,0.23884583,0.014877319,-0.016067505,0.013153076,
1396207086269179938,3,-0.66612244,0.1308899,0.17549133,
1396207086269179938,0,-0.677948,0.13885498,0.18330383,-0.054016113,-0.008056641,0.025970459,
1396207086289321539,3,-0.47332764,0.17201233,0.1204834,
1396207086289321539,0,-0.4851532,0.17997742,0.1282959,-0.060958862,0.002090454,0.01689148,
1396207086309432623,3,-0.31150818,0.12020874,0.11567688,
1396207086369887945,3,-0.074920654,-0.0010223389,0.09057617,
1396207086369887945,0,-0.086746216,0.006942749,0.09838867,-0.017166138,-0.024612427,0.024368286,
1396207086390029547,3,-0.05996704,0.12608337,0.033432007,
1396207086390029547,0,-0.0717926,0.13404846,0.041244507,-0.019302368,-0.01713562,0.018493652,
1396207086410171149,3,-0.020446777,0.16667175,0.005126953,
1396207086410171149,0,-0.03227234,0.17463684,0.012939453,-0.021438599,0.018112183,0.013687134,
1396207086430312750,3,0.04096985,0.040100098,-0.0066223145,
1396207086430312750,0,0.029144287,0.048065186,0.0011901855,-0.033721924,0.051757813,0.0072784424,
1396207086450454352,3,0.14137268,-0.10783386,-0.008224487,
1396207086450454352,0,0.12954712,-0.099868774,-4.119873E-4,-0.037994385,0.033065796,0.008880615,
1396207086470595953,3,0.24337769,-0.15803528,-0.014633179,
1396207086470595953,0,0.23155212,-0.15007019,-0.0068206787,-0.035324097,0.006362915,0.008880615,
1396207086490707037,3,0.27435303,-0.201828,-0.01890564,
1396207086490707037,0,0.26252747,-0.19386292,-0.01109314,-0.0032806396,0.037338257,0.008880615,
1396207086510879156,3,0.24177551,-0.3353424,-0.029586792,
1396207086510879156,0,0.22994995,-0.32737732,-0.021774292,-0.011291504,0.042678833,0.016357422,
1396207086531051276,3,0.2684784,-0.39622498,-0.07070923,
1396207086531051276,0,0.25665283,-0.3882599,-0.06289673,-0.025177002,-0.0011138916,0.020095825,
1396207086551192877,3,0.28022766,-0.32572937,-0.11717224,
1396207086551192877,0,0.2684021,-0.31776428,-0.10935974,-0.0016784668,-0.01927185,0.016357422,
1396207086571303961,3,0.22254944,-0.19274902,-0.14173889,
1396207086571303961,0,0.21072388,-0.18478394,-0.13392639,-6.1035156E-4,-0.0262146,0.011016846,
1396207086591445563,3,0.22468567,-0.07685852,-0.1529541,
1396207086591445563,0,0.2128601,-0.06889343,-0.1451416,-0.021972656,-0.013931274,0.012619019,
1396207086611587164,3,0.2230835,-0.03466797,-0.14868164,
1396207086611587164,0,0.21125793,-0.02670288,-0.14086914,0.005264282,0.023986816,-0.004470825,
1396207086631728766,3,0.10719299,-0.21464539,-0.089401245,
1396207086631728766,0,0.09536743,-0.2066803,-0.081588745,0.03036499,0.077926636,-0.013549805,
1396207086651931402,3,-0.063705444,-0.43200684,0.013137817,
1396207086651931402,0,-0.075531006,-0.42404175,0.020950317,0.027160645,0.028259277,-0.017822266,
1396207086672011969,3,-0.16677856,-0.229599,0.07722473,
1396207086672011969,0,-0.17860413,-0.22163391,0.08503723,-7.6293945E-5,-0.09617615,0.0024719238,
1396207086692123053,3,-0.22338867,0.13302612,0.074020386,
1396207086692123053,0,-0.23521423,0.14099121,0.081832886,0.014877319,-0.056121826,0.0099487305,
1396207086712295172,3,-0.40657043,0.17681885,0.09698486,
1396207086712295172,0,-0.418396,0.18478394,0.10479736,0.049591064,0.042144775,-0.0055389404,
1396207086732436774,3,-0.6490326,-0.058166504,0.14611816,
1396207086732436774,0,-0.66085815,-0.050201416,0.15393066,0.043182373,0.09875488,-1.9836426E-4,
1396207086752639410,3,-0.8017731,-0.41758728,0.15039063,
1396207086752639410,0,-0.81359863,-0.4096222,0.15820313,0.0025939941,0.07899475,0.014755249,
1396207086772719977,3,-0.7574463,-0.53881836,0.088974,
1396207086772719977,0,-0.76927185,-0.5308533,0.0967865,-0.047073364,0.010101318,0.02810669,
1396207086792861578,3,-0.53260803,-0.4197235,0.01473999,
1396207086792861578,0,-0.5444336,-0.41175842,0.02255249,-0.07965088,-0.051315308,0.026504517,
1396207086813003180,3,-0.26931763,-0.14682007,-0.050949097,
1396207086813003180,0,-0.2811432,-0.13885498,-0.043136597,-0.075912476,-0.058258057,0.021697998,
1396207086833144781,3,-0.007095337,0.03742981,-0.10809326,
1396207086833144781,0,-0.018920898,0.045394897,-0.10028076,-0.08392334,-0.022476196,0.02116394,
1396207086853316901,3,0.054855347,-0.19221497,-0.10862732,
1396207086853316901,0,0.043029785,-0.18424988,-0.10081482,0.080566406,0.15162659,-0.01675415,
1396207086873427985,3,-0.2570343,-0.43788147,-0.032791138,
1396207086873427985,0,-0.26885986,-0.42991638,-0.024978638,0.010070801,-0.006454468,-0.0018005371,
1396207086893569586,3,-0.1662445,-0.2787323,-0.03492737,
1396207086893569586,0,-0.17807007,-0.2707672,-0.027114868,-0.05935669,-0.0438385,0.0099487305,
1396207086913711188,3,0.01373291,-0.069381714,-0.06109619,
1396207086913711188,0,0.0019073486,-0.061416626,-0.05328369,-0.05455017,-0.040634155,0.017959595,
1396207086933852789,3,0.14030457,0.047042847,-0.11663818,
1396207086933852789,0,0.128479,0.055007935,-0.10882568,-0.031585693,-0.0021820068,0.024368286,
