1396207081253724388,2,0.3512219,0.49586713,0.6741469,
1396207081273621849,2,0.34378806,0.5002158,0.6798074,
1396207081293763451,2,0.33636692,0.50461876,0.68548775,
1396207081313966087,2,0.33031273,0.50850105,0.6900832,
1396207081334016136,2,0.32605675,0.5115084,0.6933079,
1396207081354523949,2,0.3217888,0.5143849,0.69648045,
1396207081374329857,2,0.31658128,0.51734865,0.7003837,
1396207081394501976,2,0.31069335,0.5205149,0.70472324,
1396207081414582543,2,0.3041467,0.52414376,0.70937496,
1396207081434724144,2,0.29814753,0.52766097,0.7133781,
1396207081455354027,2,0.2944279,0.53021264,0.715491,
1396207081475037865,2,0.2912943,0.532289,0.7171786,
1396207081495179466,2,0.28768963,0.53420806,0.7193069,
1396207081515412621,2,0.28439945,0.5359086,0.7211604,
1396207081535432152,2,0.28099406,0.5378174,0.7229983,
1396207081555878929,2,0.27764678,0.5397631,0.72485113,
1396207081575745873,2,0.2745132,0.5416445,0.7265316,
1396207081595887474,2,0.27108505,0.543524,0.7284272,
1396207081616090111,2,0.2675925,0.5451794,0.73053813,
1396207081636140160,2,0.2641234,0.54677427,0.732666,
1396207081656556419,2,0.26138654,0.5481319,0.7343618,
1396207081676453880,2,0.25943172,0.5491297,0.7356854,
1396207081696595482,2,0.25735143,0.5500533,0.73713225,
1396207081716798119,2,0.25526655,0.5509191,0.73851556,
1396207081736848168,2,0.25350606,0.55163515,0.7396262,
1396207081757233910,2,0.25191215,0.5522455,0.7405532,
1396207081777192406,2,0.24956661,0.5530545,0.74181634,
1396207081797364525,2,0.24654423,0.5540665,0.7433835,
1396207081817445091,2,0.24411261,0.55488783,0.7446121,
1396207081837586693,2,0.24166626,0.5555788,0.74596435,
1396207081858002953,2,0.2389578,0.55615914,0.74759144,
1396207081877869896,2,0.23584999,0.5568284,0.7494301,
1396207081898011498,2,0.23255254,0.55750895,0.7513869,
1396207081918244652,2,0.22890872,0.55834806,0.75352836,
1396207081938325218,2,0.22725073,0.55893475,0.7544069,
1396207081958405785,2,0.2286669,0.5585138,0.75391805,
1396207081978577904,2,0.22815745,0.55870163,0.75444645,
1396207081998750023,2,0.22427055,0.55998516,0.75656253,
1396207082018952660,2,0.21902789,0.5618405,0.7590167,
1396207082039002709,2,0.21637265,0.5630784,0.7599816,
1396207082059174828,2,0.22015104,0.5623173,0.7580167,
1396207082079316429,2,0.21954964,0.5627571,0.75840974,
1396207082119630150,2,0.21885692,0.5631748,0.7593577,
1396207082139710716,2,0.21743122,0.56348413,0.76058817,
1396207082159852318,2,0.21516755,0.56384724,0.762378,
1396207082179993919,2,0.21343853,0.5639726,0.7639496,
1396207082200135521,2,0.21280293,0.5640593,0.764613,
1396207082220246605,2,0.21243751,0.5646055,0.76448077,
1396207082240418724,2,0.21387811,0.56486976,0.7632684,
1396207082260499291,2,0.21628937,0.5645891,0.7617976,
1396207082280701927,2,0.21778305,0.56378406,0.7612357,
1396207082301081768,2,0.21746835,0.5627282,0.7619724,
1396207082321284405,2,0.21581927,0.5618433,0.76334155,
1396207082341364972,2,0.21477865,0.5612237,0.7639679,
1396207082361476056,2,0.2159563,0.56054366,0.76311344,
1396207082381648175,2,0.21915857,0.5597331,0.7610017,
1396207082401789776,2,0.22434005,0.55842745,0.75784236,
1396207082421992413,2,0.23096779,0.5560853,0.7542656,
1396207082442072979,2,0.23884498,0.552239,0.75053763,
1396207082462153546,2,0.2452787,0.5476864,0.7479356,
1396207082583033673,2,0.2612676,0.5239963,0.7470596,
1396207082603144757,2,0.27039167,0.51841354,0.7427702,
1396207082623377911,2,0.2772409,0.5130456,0.7399155,
1396207082643458477,2,0.28269285,0.5081112,0.73761755,
1396207082663569561,2,0.28751197,0.50394684,0.73504007,
1396207082683741681,2,0.2905596,0.5011927,0.73311955,
1396207082703883282,2,0.2927647,0.4993239,0.7312041,
1396207082724055401,2,0.29392985,0.498569,0.7292058,
1396207082744197003,2,0.29496753,0.49874493,0.72641385,
1396207082764521710,2,0.29636768,0.49960956,0.72278875,
1396207082784480206,2,0.2965669,0.50144976,0.72015893,
1396207082804621807,2,0.29654223,0.50358045,0.71788144,
1396207082824824444,2,0.29797375,0.5054731,0.7144672,
1396207082844905011,2,0.30283108,0.50578433,0.70884633,
1396207082864985577,2,0.30902848,0.50465465,0.7030665,
1396207082885096661,2,0.31240183,0.5040036,0.7000896,
1396207082905329815,2,0.31117204,0.5052843,0.7007162,
1396207082925532452,2,0.30452722,0.508896,0.7057008,
1396207082945613018,2,0.29321542,0.5143639,0.71454185,
1396207082965754620,2,0.2827215,0.5197733,0.72268784,
1396207082985896222,2,0.27602106,0.52518374,0.7271373,
1396207083006037823,2,0.27348778,0.53040564,0.7276429,
1396207083026179425,2,0.27307636,0.53479064,0.72672415,
1396207083046321026,2,0.2737549,0.5374123,0.7259617,
1396207083066462628,2,0.27378556,0.53849673,0.72663456,
1396207083086604229,2,0.27167755,0.5390911,0.7291946,
1396207083106758568,2,0.26770136,0.53999424,0.7327189,
1396207083126900169,2,0.2629216,0.54139864,0.7360141,
1396207083147011253,2,0.25813645,0.5431577,0.7385547,
1396207083167152855,2,0.2537042,0.5451518,0.7404626,
1396207083187294457,2,0.25142652,0.5466945,0.74101543,
1396207083207436058,2,0.25179037,0.54743207,0.7402356,
1396207083227638695,2,0.25598824,0.5465469,0.73779595,
1396207083247719261,2,0.26011425,0.5453391,0.7359485,
1396207083267891380,2,0.2623969,0.544221,0.7357602,
1396207083288002464,2,0.26011628,0.5444156,0.73853874,
1396207083308174584,2,0.2555036,0.5454883,0.7423732,
1396207083328377220,2,0.25029266,0.54807466,0.745215,
1396207083348457787,2,0.24712844,0.55148506,0.7456636,
1396207083368538353,2,0.24609405,0.55477434,0.7447069,
1396207083388710472,2,0.24639389,0.55768496,0.74325323,
1396207083408852074,2,0.24711469,0.560352,0.74180424,
1396207083429054710,2,0.24801727,0.5626838,0.7403284,
1396207083449135277,2,0.24859728,0.56441617,0.73930407,
1396207083469246361,2,0.25069556,0.56493455,0.7378145,
1396207083489418480,2,0.2526742,0.56474686,0.73700356,
1396207083509682152,2,0.25178742,0.5642461,0.7390897,
1396207083529732201,2,0.2493995,0.5629357,0.74329615,
1396207083549873802,2,0.24863891,0.5615315,0.7460332,
1396207083570991966,2,0.24935369,0.56197387,0.7454246,
1396207083590157005,2,0.25073904,0.56339705,0.74297845,
1396207083610268089,2,0.2536537,0.5634356,0.74030834,
1396207083630470726,2,0.25585824,0.56156385,0.7396356,
1396207083650551293,2,0.2540754,0.5591975,0.74223256,
1396207083670692894,2,0.24932596,0.5570332,0.74675024,
1396207083690803978,2,0.24327546,0.55574775,0.75158185,
1396207083710976097,2,0.23721567,0.55553764,0.75573695,
1396207083731209252,2,0.2332599,0.55574995,0.7581833,
1396207083751259300,2,0.23119512,0.5562831,0.75906736,
1396207083771400902,2,0.23026331,0.55697584,0.75896007,
1396207083791511986,2,0.22920644,0.5578066,0.7588479,
1396207083892219994,2,0.2223363,0.56369835,0.75870115,
1396207083912331078,2,0.21958666,0.5666724,0.7584229,
1396207083932594750,2,0.21839602,0.5699568,0.75724006,
1396207083952675316,2,0.21902077,0.5728455,0.75560117,
1396207083972816918,2,0.22172925,0.57430464,0.75383675,
1396207083992897484,2,0.22651885,0.573646,0.7520949,
1396207084013100121,2,0.22921176,0.5726934,0.75149566,
1396207084033302757,2,0.22672616,0.57264245,0.7533312,
1396207084053383324,2,0.21945798,0.57294494,0.7578609,
1396207084073524925,2,0.20891948,0.5731064,0.7642383,
1396207084093636009,2,0.19682959,0.5737431,0.7706728,
1396207084113808128,2,0.18674043,0.5753673,0.7748636,
1396207084134132835,2,0.18087468,0.5775309,0.7764904,
1396207084154121849,2,0.17876008,0.5787024,0.7772887,
1396207084174232933,2,0.17832099,0.5779608,0.7788474,
1396207084194344017,2,0.17611937,0.5761491,0.78181285,
1396207084214516136,2,0.17111647,0.5744991,0.7855194,
1396207084234718773,2,0.16538584,0.5734509,0.78879476,
1396207084254799339,2,0.16058624,0.5731371,0.7910182,
1396207084274940941,2,0.15578008,0.57350373,0.79271823,
1396207084295052025,2,0.15057848,0.5740285,0.7944419,
1396207084315254662,2,0.14534718,0.5747984,0.79595333,
1396207084335457298,2,0.14117278,0.5761588,0.7965785,
1396207084355507347,2,0.13869223,0.5780921,0.7961193,
1396207084375679466,2,0.13753384,0.5804876,0.79479516,
1396207084395790550,2,0.13602561,0.5834772,0.79305804,
1396207084415962669,2,0.13209578,0.58743584,0.79131204,
1396207084436104271,2,0.12813433,0.5916637,0.78929764,
1396207084456245873,2,0.12639923,0.5956595,0.786731,
1396207084476387474,2,0.12537727,0.5995227,0.78404874,
1396207084496529076,2,0.12365039,0.60296077,0.7819425,
1396207084516670677,2,0.12126133,0.6055281,0.78076035,
1396207084536995384,2,0.120379806,0.60662,0.7803353,
1396207084556953880,2,0.119313024,0.6066896,0.78076506,
1396207084577095482,2,0.11857299,0.60575587,0.7818485,
1396207084597237084,2,0.12017086,0.6047813,0.78225243,
1396207084617317650,2,0.12387362,0.6053781,0.78068036,
1396207084637550804,2,0.12841992,0.6064294,0.77826667,
1396207084657631371,2,0.1334466,0.60543907,0.777106,
1396207084677772972,2,0.13628693,0.6017081,0.7787567,
1396207084698122248,2,0.13698503,0.5961544,0.78256804,
1396207084718263849,2,0.13498043,0.5907576,0.7871413,
1396207084738466486,2,0.13020284,0.5864669,0.7918119,
1396207084758516535,2,0.12584613,0.5830029,0.7958258,
1396207084778688654,2,0.12318687,0.5805831,0.7986608,
1396207084798799738,2,0.12220862,0.5795649,0.80001134,
1396207084818910822,2,0.12185863,0.5798729,0.80016327,
1396207084839174494,2,0.12120265,0.581086,0.7996706,
1396207084859255060,2,0.12202846,0.58253956,0.7985566,
1396207084879396662,2,0.12453176,0.584106,0.7968808,
1396207084899538263,2,0.12636298,0.5860881,0.79500496,
1396207084919649347,2,0.12685435,0.5884774,0.7930779,
1396207084939913019,2,0.12502219,0.59111094,0.79153633,
1396207084959902033,2,0.11995526,0.5942123,0.7904938,
1396207084980348810,2,0.11451233,0.59808195,0.7889326,
1396207085000246271,2,0.109877266,0.60226804,0.7869298,
1396207085020357355,2,0.106189705,0.6060261,0.78498924,
1396207085081026301,2,0.08901765,0.6105898,0.7848231,
1396207085100954279,2,0.07962765,0.61077887,0.7862031,
1396207085121065363,2,0.069137655,0.610935,0.78759414,
1396207085141298517,2,0.058271315,0.611728,0.78830457,
1396207085161379084,2,0.050902292,0.6128098,0.7882213,
1396207085181490168,2,0.046796054,0.61426985,0.78746647,
1396207085201662287,2,0.045524597,0.6154338,0.78668326,
1396207085221773371,2,0.04489357,0.6154758,0.7867237,
1396207085242006525,2,0.043223154,0.61431265,0.78777397,
1396207085262087092,2,0.040660415,0.6125113,0.7893574,
1396207085282228693,2,0.03778811,0.61031336,0.7912318,
1396207085302370295,2,0.034186278,0.60768795,0.79343414,
1396207085322542414,2,-0.030907117,-0.6048581,-0.7957333,
1396207085342928156,2,-0.028265454,-0.6022987,-0.79776496,
1396207085362886652,2,-0.025520658,-0.60032207,-0.7993299,
1396207085383150324,2,-0.023486609,-0.5991847,-0.8002264,
1396207085403047785,2,-0.022002727,-0.5994826,-0.80002725,
1396207085423219904,2,-0.020742204,-0.60112244,-0.7988059,
1396207085443422541,2,-0.020829746,-0.6031457,-0.7972609,
1396207085463503107,2,-0.021766268,-0.60522264,-0.7956547,
1396207085483888849,2,-0.02222106,-0.6080801,-0.79345536,
1396207085503768561,2,-0.021819081,-0.61159956,-0.7907417,
1396207085523910162,2,-0.022562549,-0.61539906,-0.7877676,
1396207085544173834,2,-0.023916544,-0.6191369,-0.78479624,
1396207085564315436,2,-0.024606263,-0.62198687,-0.78250015,
1396207085584334967,2,-0.026056878,-0.62299263,-0.7816338,
1396207085604507086,2,-0.031054227,-0.6222981,-0.78204125,
1396207085624648688,2,-0.03768132,-0.6220963,-0.78197277,
1396207085644851324,2,-0.041635893,-0.6237663,-0.7804736,
1396207085664931891,2,-0.04184349,-0.62509954,-0.7794005,
1396207085685073492,2,-0.040352076,-0.6235677,-0.78069776,
1396207085705245611,2,-0.03853834,-0.6187225,-0.78461796,
1396207085725387213,2,-0.037713196,-0.6116605,-0.790164,
1396207085745528815,2,-0.03558161,-0.604476,-0.79573727,
1396207085765670416,2,-0.033002518,-0.5983173,-0.8004282,
1396207085785812018,2,-0.030888405,-0.59361786,-0.8039191,
1396207085805953619,2,-0.029817775,-0.5904567,-0.8061963,
1396207085826095221,2,-0.029203797,-0.58860874,-0.8074797,
1396207085846236822,2,-0.027763117,-0.588003,-0.8078552,
1396207085866378424,2,-0.026322622,-0.58882785,-0.8071992,
1396207085886489508,2,-0.026226904,-0.59088576,-0.8056656,
1396207085906631110,2,-0.027428359,-0.59371513,-0.80358046,
1396207085926803229,2,-0.028158579,-0.5968863,-0.80124056,
1396207085946944830,2,-0.028332053,-0.6000724,-0.79888713,
1396207085966964361,2,-0.028345427,-0.60356706,-0.79629225,
1396207085987441656,2,-0.02784242,-0.6076539,-0.7932378,
1396207086007339117,2,-0.02668564,-0.6117571,-0.79015166,
1396207086027511236,2,-0.023881167,-0.6156754,-0.7871784,
1396207086047652838,2,-0.021717966,-0.6184199,-0.78508246,
1396207086067794440,2,-0.021116888,-0.6201254,-0.7837885,
1396207086087905524,2,-0.01874611,-0.6220907,-0.78227365,
1396207086108047125,2,-0.014178215,-0.62357014,-0.7810752,
1396207086128188727,2,-0.010990766,-0.6228706,-0.78152245,
1396207086148360846,2,-0.010102423,-0.6201965,-0.7834922,
1396207086168502447,2,-0.009561176,-0.616739,-0.78603935,
1396207086188644049,2,-0.008399063,-0.6139618,-0.7880071,
1396207086208755133,2,-0.0070938165,-0.6120648,-0.78925157,
1396207086228896735,2,-0.005260111,-0.60932714,-0.7910444,
1396207086249007819,2,-0.0047027916,-0.60434455,-0.7945562,
1396207086269179938,2,-0.004393924,-0.5983303,-0.79881954,
1396207086289321539,2,-0.0034597535,-0.5933103,-0.802296,
1396207086309432623,2,-0.0021729567,-0.58984697,-0.80458385,
1396207086369887945,2,-0.0037241671,-0.5855135,-0.80731064,
1396207086390029547,2,-0.0026275646,-0.584911,-0.80754626,
1396207086410171149,2,-5.6792574E-4,-0.5844479,-0.80765885,
1396207086430312750,2,0.0014201673,-0.58436096,-0.80751497,
1396207086450454352,2,0.0021129684,-0.58498883,-0.8069681,
1396207086470595953,2,0.0021819505,-0.5865318,-0.80581063,
1396207086490707037,2,0.0018469103,-0.5887515,-0.80420005,
1396207086510879156,2,3.3102796E-4,-0.59100795,-0.8026723,
1396207086531051276,2,-0.0022232614,-0.5932333,-0.801274,
1396207086551192877,2,-0.0048556486,-0.59556127,-0.799845,
1396207086571303961,2,-0.006837612,-0.5975131,-0.7986783,
1396207086591445563,2,-0.0076736105,-0.599187,-0.7976488,
1396207086611587164,2,-0.007158577,-0.60102916,-0.7963888,
1396207086631728766,2,-0.006163068,-0.6025207,-0.7952897,
1396207086651931402,2,-0.0074550975,-0.60271263,-0.7952128,
1396207086672011969,2,-0.010888663,-0.60153055,-0.7962272,
1396207086692123053,2,-0.0127522405,-0.599717,-0.797606,
1396207086712295172,2,-0.012525427,-0.5969976,-0.79953235,
1396207086732436774,2,-0.013822364,-0.5925372,-0.8027675,
1396207086752639410,2,-0.019325119,-0.58622867,-0.80747837,
1396207086772719977,2,-0.026581869,-0.5793692,-0.8125262,
1396207086792861578,2,-0.032836523,-0.5735438,-0.81671226,
1396207086813003180,2,-0.03606136,-0.5698505,-0.81932694,
1396207086833144781,2,-0.036401812,-0.5686853,-0.8201915,
1396207086853316901,2,-0.035585817,-0.5694118,-0.81973326,
1396207086873427985,2,-0.0375859,-0.5685966,-0.82032543,
1396207086893569586,2,-0.040545847,-0.56658906,-0.8217043,
1396207086913711188,2,-0.04233292,-0.56560934,-0.8223924,
1396207086933852789,2,-0.04220966,-0.5659767,-0.822195,
