1396206097906055605,2,-29.219055,-47.279358,-5.758667,
1396206097906055605,-80,26.71814,-67.26532,41.34369,56.27899,-19.918823,46.37909,
1396206097925769961,2,-29.219055,-47.099304,-5.519104,
1396206097925769961,-80,26.885986,-66.42456,41.508484,56.27899,-19.918823,46.37909,
1396206097946979677,2,-29.278564,-47.099304,-5.5786133,
1396206097946979677,-80,26.217651,-67.770386,39.86664,56.27899,-19.918823,46.37909,
1396206097966205752,2,-29.3396,-47.039795,-5.8792114,
1396206097966205752,-80,27.220154,-66.08887,39.538574,56.27899,-19.918823,46.37909,
1396206097986255801,2,-29.219055,-46.97876,-5.9387207,
1396206097986255801,-80,26.71814,-66.59241,40.359497,56.27899,-19.918823,46.37909,
1396206098006336367,2,-29.3396,-47.039795,-5.8792114,
1396206098006336367,-80,26.551819,-66.76178,40.522766,56.27899,-19.918823,46.37909,
1396206098026539004,2,-29.519653,-46.798706,-5.6991577,
1396206098026539004,-80,26.385498,-66.256714,41.999817,56.27899,-19.918823,46.37909,
1396206098047321474,2,-29.699707,-46.91925,-5.6396484,
1396206098047321474,-80,26.551819,-68.10608,41.836548,56.27899,-19.918823,46.37909,
1396206098067524111,2,-29.579163,-46.85974,-5.758667,
1396206098067524111,-80,27.886963,-66.42456,40.522766,56.27899,-19.918823,46.37909,
1396206098086933291,2,-29.579163,-46.97876,-5.758667,
1396206098086933291,-80,26.885986,-67.770386,41.18042,56.27899,-19.918823,46.37909,
1396206098107044375,2,-29.519653,-46.85974,-5.6991577,
1396206098107044375,-80,26.551819,-66.42456,40.522766,56.27899,-19.918823,46.37909,
1396206098127247011,2,-29.399109,-46.91925,-5.4595947,
1396206098127247011,-80,28.22113,-66.76178,41.18042,56.27899,-19.918823,46.37909,
1396206098148029482,2,-29.399109,-46.97876,-5.3390503,
1396206098148029482,-80,26.885986,-67.09747,41.18042,56.27899,-19.918823,46.37909,
1396206098168232119,2,-29.219055,-46.97876,-5.3985596,
1396206098168232119,-80,28.05481,-66.59241,40.359497,56.27899,-19.918823,46.37909,
1396206098188025854,2,-29.159546,-47.158813,-5.4595947,
1396206098188025854,-80,26.551819,-67.770386,41.18042,56.27899,-19.918823,46.37909,
1396206098208320044,2,-29.3396,-46.85974,-5.3985596,
1396206098208320044,-80,25.382996,-65.92102,42.32788,56.27899,-19.918823,46.37909,
1396206098228248022,2,-29.399109,-46.91925,-5.3390503,
1396206098228248022,-80,26.885986,-66.76178,40.85083,56.27899,-19.918823,46.37909,
1396206098249427221,2,-29.399109,-46.85974,-5.3390503,
1396206098249427221,-80,27.052307,-67.26532,41.34369,56.27899,-19.918823,46.37909,
1396206098269294165,2,-29.399109,-47.158813,-5.218506,
1396206098269294165,-80,26.551819,-68.4433,41.836548,56.27899,-19.918823,46.37909,
1396206098288733862,2,-29.579163,-47.279358,-5.1589966,
1396206098288733862,-80,26.885986,-68.10608,41.508484,56.27899,-19.918823,46.37909,
1396206098308844946,2,-29.579163,-47.099304,-4.978943,
1396206098308844946,-80,26.71814,-65.5838,42.655945,56.27899,-19.918823,46.37909,
1396206098328986548,2,-29.638672,-47.21985,-4.8599243,
1396206098328986548,-80,27.886963,-67.43317,41.18042,56.27899,-19.918823,46.37909,
1396206098351081274,2,-29.638672,-47.158813,-4.6798706,
1396206098351081274,-80,26.385498,-66.92963,42.655945,56.27899,-19.918823,46.37909,
1396206098369971655,2,-29.579163,-47.279358,-4.8599243,
1396206098369971655,-80,26.217651,-67.09747,40.85083,56.27899,-19.918823,46.37909,
1396206098389441870,2,-29.699707,-47.51892,-4.798889,
1396206098389441870,-80,26.05133,-68.611145,41.671753,56.27899,-19.918823,46.37909,
1396206098409644507,2,-29.87976,-47.399902,-4.798889,
1396206098409644507,-80,25.717163,-66.59241,41.34369,56.27899,-19.918823,46.37909,
1396206098429694555,2,-29.759216,-47.21985,-4.8599243,
1396206098429694555,-80,27.554321,-66.76178,41.18042,56.27899,-19.918823,46.37909,
1396206098450385473,2,-29.638672,-47.158813,-4.798889,
1396206098450385473,-80,27.886963,-67.770386,41.836548,56.27899,-19.918823,46.37909,
1396206098470008276,2,-29.699707,-47.279358,-5.0994873,
1396206098470008276,-80,26.385498,-66.59241,40.68756,56.27899,-19.918823,46.37909,
1396206098490149878,2,-29.87976,-47.338867,-5.1589966,
1396206098490149878,-80,26.385498,-67.93823,40.359497,56.27899,-19.918823,46.37909,
1396206098511207007,2,-29.699707,-47.399902,-5.3985596,
1396206098511207007,-80,27.554321,-67.770386,40.85083,56.27899,-19.918823,46.37909,
1396206098530433081,2,-29.699707,-47.399902,-5.3390503,
1396206098530433081,-80,26.217651,-67.09747,41.18042,56.27899,-19.918823,46.37909,
1396206098551581762,2,-29.458618,-47.21985,-5.3985596,
1396206098551581762,-80,28.05481,-66.92963,41.34369,56.27899,-19.918823,46.37909,
1396206098571418188,2,-29.219055,-47.21985,-5.3985596,
1396206098571418188,-80,27.554321,-66.42456,41.18042,56.27899,-19.918823,46.37909,
1396206098590857885,2,-29.3396,-47.039795,-5.3985596,
1396206098590857885,-80,26.551819,-65.75165,41.508484,56.27899,-19.918823,46.37909,
1396206098611060522,2,-29.399109,-47.158813,-5.4595947,
1396206098611060522,-80,27.554321,-68.4433,40.85083,56.27899,-19.918823,46.37909,
1396206098631080053,2,-29.219055,-47.158813,-5.4595947,
1396206098631080053,-80,27.720642,-66.59241,40.68756,56.27899,-19.918823,46.37909,
1396206098651832007,2,-28.919983,-47.039795,-5.519104,
1396206098651832007,-80,28.889465,-67.09747,40.194702,56.27899,-19.918823,46.37909,
1396206098672126196,2,-29.039001,-46.85974,-5.6396484,
1396206098672126196,-80,26.385498,-66.256714,40.031433,56.27899,-19.918823,46.37909,
1396206098691565893,2,-28.979492,-46.85974,-5.819702,
1396206098691565893,-80,26.71814,-66.92963,39.70337,56.27899,-19.918823,46.37909,
1396206098711646460,2,-29.09851,-46.679688,-5.8792114,
1396206098711646460,-80,27.220154,-65.415955,40.85083,56.27899,-19.918823,46.37909,
1396206098731727026,2,-29.039001,-46.618652,-6.1187744,
1396206098731727026,-80,27.886963,-66.08887,39.21051,56.27899,-19.918823,46.37909,
1396206098752570532,2,-29.039001,-46.739197,-6.239319,
1396206098752570532,-80,26.71814,-66.59241,40.359497,56.27899,-19.918823,46.37909,
1396206098772132299,2,-28.979492,-46.499634,-6.4193726,
1396206098772132299,-80,27.886963,-66.76178,39.538574,56.27899,-19.918823,46.37909,
1396206098792273901,2,-29.039001,-46.37909,-6.539917,
1396206098792273901,-80,27.220154,-65.415955,39.86664,56.27899,-19.918823,46.37909,
1396206098812873266,2,-29.219055,-46.31958,-6.4193726,
1396206098812873266,-80,27.386475,-66.59241,41.34369,56.27899,-19.918823,46.37909,
1396206098832373999,2,-28.979492,-46.31958,-6.4193726,
1396206098832373999,-80,28.22113,-66.42456,39.86664,56.27899,-19.918823,46.37909,
1396206098853705786,2,-28.73993,-46.37909,-6.4193726,
1396206098853705786,-80,28.723145,-67.60254,39.70337,56.27899,-19.918823,46.37909,
1396206098873603247,2,-28.678894,-46.499634,-6.478882,
1396206098873603247,-80,27.886963,-66.08887,40.522766,56.27899,-19.918823,46.37909,
1396206098892981909,2,-28.49884,-46.618652,-6.4193726,
1396206098892981909,-80,29.223633,-67.09747,39.538574,56.27899,-19.918823,46.37909,
1396206098913092993,2,-28.138733,-46.618652,-6.478882,
1396206098913092993,-80,29.724121,-66.59241,40.031433,56.27899,-19.918823,46.37909,
1396206098933112524,2,-28.259277,-46.37909,-6.3598633,
1396206098933112524,-80,26.551819,-65.078735,40.522766,56.27899,-19.918823,46.37909,
1396206098953986548,2,-28.259277,-46.559143,-6.3598633,
1396206098953986548,-80,27.386475,-66.92963,39.375305,56.27899,-19.918823,46.37909,
1396206098974219702,2,-28.259277,-46.499634,-6.539917,
1396206098974219702,-80,27.386475,-65.92102,40.031433,56.27899,-19.918823,46.37909,
1396206098993689917,2,-28.259277,-46.31958,-6.5994263,
1396206098993689917,-80,28.388977,-65.24811,39.375305,56.27899,-19.918823,46.37909,
1396206099013739965,2,-28.318787,-46.018982,-6.77948,
1396206099013739965,-80,28.05481,-64.91089,38.391113,56.27899,-19.918823,46.37909,
1396206099033728979,2,-28.259277,-46.139526,-6.8984985,
1396206099033728979,-80,28.22113,-67.09747,39.538574,56.27899,-19.918823,46.37909,
1396206099054114721,2,-28.379822,-46.07849,-6.9595337,
1396206099054114721,-80,28.05481,-66.59241,39.04724,56.27899,-19.918823,46.37909,
1396206099115119360,2,-28.318787,-46.139526,-7.1395874,
1396206099115119360,-80,27.052307,-65.24811,39.70337,56.27899,-19.918823,46.37909,
1396206099134436987,2,-28.138733,-46.07849,-7.1990967,
1396206099134436987,-80,29.057312,-65.5838,39.70337,56.27899,-19.918823,46.37909,
1396206099155280493,2,-28.138733,-46.07849,-7.3791504,
1396206099155280493,-80,28.05481,-65.24811,38.06305,56.27899,-19.918823,46.37909,
1396206099175605200,2,-28.318787,-46.199036,-7.1990967,
1396206099175605200,-80,27.052307,-65.92102,39.375305,56.27899,-19.918823,46.37909,
1396206099195105932,2,-28.318787,-46.07849,-7.1990967,
1396206099195105932,-80,28.05481,-66.256714,39.70337,56.27899,-19.918823,46.37909,
1396206099215247534,2,-28.318787,-45.899963,-7.0785522,
1396206099215247534,-80,28.22113,-64.74304,40.194702,56.27899,-19.918823,46.37909,
1396206099235206030,2,-28.439331,-45.83893,-7.0785522,
1396206099235206030,-80,27.720642,-66.256714,39.04724,56.27899,-19.918823,46.37909,
1396206099257544897,2,-28.439331,-45.83893,-7.1990967,
1396206099257544897,-80,28.05481,-67.26532,38.719177,56.27899,-19.918823,46.37909,
1396206099276313208,2,-28.379822,-45.83893,-7.319641,
1396206099276313208,-80,27.720642,-65.24811,38.719177,56.27899,-19.918823,46.37909,
1396206099295722387,2,-28.619385,-45.899963,-7.1990967,
1396206099295722387,-80,27.052307,-65.92102,40.68756,56.27899,-19.918823,46.37909,
1396206099315894507,2,-28.619385,-45.959473,-6.77948,
1396206099315894507,-80,28.05481,-65.92102,41.015625,56.27899,-19.918823,46.37909,
1396206099336097143,2,-28.559875,-45.899963,-6.77948,
1396206099336097143,-80,27.386475,-65.24811,39.375305,56.27899,-19.918823,46.37909,
1396206099356818579,2,-28.73993,-45.83893,-6.5994263,
1396206099356818579,-80,26.71814,-65.92102,41.34369,56.27899,-19.918823,46.37909,
1396206099377021215,2,-28.73993,-46.018982,-6.6589355,
1396206099377021215,-80,28.22113,-66.42456,39.86664,56.27899,-19.918823,46.37909,
1396206099396582983,2,-28.858948,-45.959473,-6.478882,
1396206099396582983,-80,26.71814,-65.5838,40.359497,56.27899,-19.918823,46.37909,
1396206099416846655,2,-28.73993,-45.658875,-6.3598633,
1396206099416846655,-80,28.889465,-64.74304,39.86664,56.27899,-19.918823,46.37909,
1396206099436652563,2,-28.858948,-45.658875,-5.9387207,
1396206099436652563,-80,27.052307,-65.24811,41.999817,56.27899,-19.918823,46.37909,
1396206099457862280,2,-28.799438,-45.71991,-6.059265,
1396206099457862280,-80,27.386475,-66.59241,40.031433,56.27899,-19.918823,46.37909,
1396206099477027319,2,-28.919983,-45.77942,-5.999756,
1396206099477027319,-80,27.052307,-66.256714,41.34369,56.27899,-19.918823,46.37909,
1396206099497290991,2,-28.919983,-45.899963,-5.819702,
1396206099497290991,-80,27.554321,-66.08887,40.85083,56.27899,-19.918823,46.37909,
1396206099517310522,2,-29.039001,-45.899963,-5.758667,
1396206099517310522,-80,26.05133,-65.92102,41.671753,56.27899,-19.918823,46.37909,
1396206099537452124,2,-29.219055,-46.018982,-5.6396484,
1396206099537452124,-80,26.71814,-67.60254,40.68756,56.27899,-19.918823,46.37909,
1396206099558173559,2,-29.09851,-46.199036,-5.5786133,
1396206099558173559,-80,27.554321,-67.09747,41.18042,56.27899,-19.918823,46.37909,
1396206099578437231,2,-29.3396,-46.4386,-5.279541,
1396206099578437231,-80,27.220154,-66.42456,42.16461,56.27899,-19.918823,46.37909,
1396206099597998999,2,-29.278564,-46.618652,-5.0994873,
1396206099597998999,-80,27.554321,-66.76178,43.476868,56.27899,-19.918823,46.37909,
1396206099618079565,2,-29.159546,-46.499634,-4.6798706,
1396206099618079565,-80,28.388977,-65.5838,43.312073,56.27899,-19.918823,46.37909,
1396206099638160132,2,-28.979492,-46.618652,-4.3792725,
1396206099638160132,-80,28.555298,-66.76178,43.476868,56.27899,-19.918823,46.37909,
1396206099658881567,2,-28.858948,-46.85974,-4.319763,
1396206099658881567,-80,28.388977,-68.273926,41.671753,56.27899,-19.918823,46.37909,
1396206099679175757,2,-28.439331,-47.099304,-4.1397095,
1396206099679175757,-80,29.389954,-67.93823,42.98401,56.27899,-19.918823,46.37909,
1396206099698707007,2,-28.379822,-47.039795,-3.8986206,
1396206099698707007,-80,27.220154,-67.09747,42.82074,56.27899,-19.918823,46.37909,
1396206099719428442,2,-28.259277,-47.039795,-3.779602,
1396206099719428442,-80,28.22113,-66.76178,42.16461,56.27899,-19.918823,46.37909,
1396206099738868139,2,-28.019714,-47.099304,-3.5995483,
1396206099738868139,-80,29.223633,-67.09747,43.476868,56.27899,-19.918823,46.37909,
1396206099760016821,2,-27.95868,-47.039795,-3.779602,
1396206099760016821,-80,28.05481,-65.92102,41.999817,56.27899,-19.918823,46.37909,
1396206099779914282,2,-27.89917,-47.039795,-3.779602,
1396206099779914282,-80,29.057312,-65.92102,43.312073,56.27899,-19.918823,46.37909,
1396206099799439637,2,-27.83966,-47.039795,-3.779602,
1396206099799439637,-80,29.057312,-66.92963,43.640137,56.27899,-19.918823,46.37909,
1396206099819642274,2,-27.83966,-46.97876,-3.4194946,
1396206099819642274,-80,28.388977,-67.60254,44.62433,56.27899,-19.918823,46.37909,
1396206099839722840,2,-27.89917,-46.97876,-3.3599854,
1396206099839722840,-80,28.889465,-67.770386,43.148804,56.27899,-19.918823,46.37909,
1396206099860413758,2,-27.89917,-46.91925,-3.1799316,
1396206099860413758,-80,27.220154,-66.76178,44.132996,56.27899,-19.918823,46.37909,
1396206099880677430,2,-27.89917,-46.97876,-2.9388428,
1396206099880677430,-80,28.05481,-67.60254,44.296265,56.27899,-19.918823,46.37909,
1396206099900269715,2,-27.83966,-46.97876,-2.6992798,
1396206099900269715,-80,29.891968,-66.76178,45.44525,56.27899,-19.918823,46.37909,
1396206099920197694,2,-27.778625,-47.21985,-2.3986816,
1396206099920197694,-80,28.22113,-67.770386,44.132996,56.27899,-19.918823,46.37909,
1396206099940430848,2,-27.83966,-47.51892,-2.3986816,
1396206099940430848,-80,28.723145,-68.273926,43.312073,56.27899,-19.918823,46.37909,
1396206099960847108,2,-27.89917,-47.639465,-2.519226,
1396206099960847108,-80,28.555298,-68.10608,42.82074,56.27899,-19.918823,46.37909,
1396206099981415956,2,-27.89917,-47.81952,-2.8198242,
1396206099981415956,-80,28.05481,-68.94684,41.999817,56.27899,-19.918823,46.37909,
1396206100000977723,2,-27.83966,-47.87903,-2.8793335,
1396206100000977723,-80,29.389954,-68.273926,42.98401,56.27899,-19.918823,46.37909,
1396206100021424500,2,-27.719116,-47.999573,-2.8198242,
1396206100021424500,-80,28.388977,-67.93823,44.62433,56.27899,-19.918823,46.37909,
1396206100041138856,2,-27.598572,-48.239136,-2.758789,
1396206100041138856,-80,29.223633,-69.451904,44.46106,56.27899,-19.918823,46.37909,
1396206100061890809,2,-27.659607,-48.35968,-2.9388428,
1396206100061890809,-80,29.223633,-67.43317,44.132996,56.27899,-19.918823,46.37909,
1396206100082154481,2,-27.539063,-48.239136,-3.0593872,
1396206100082154481,-80,29.223633,-67.09747,43.148804,56.27899,-19.918823,46.37909,
1396206100101533143,2,-27.418518,-48.179626,-3.0593872,
1396206100101533143,-80,29.724121,-67.60254,43.312073,56.27899,-19.918823,46.37909,
1396206100121674745,2,-27.359009,-47.938538,-2.9388428,
1396206100121674745,-80,28.889465,-66.42456,43.80493,56.27899,-19.918823,46.37909,
1396206100141846864,2,-27.2995,-47.579956,-2.5787354,
1396206100141846864,-80,28.723145,-65.92102,44.62433,56.27899,-19.918823,46.37909,
1396206100163544862,2,-27.2995,-47.45941,-2.519226,
1396206100163544862,-80,29.389954,-67.60254,43.640137,56.27899,-19.918823,46.37909,
1396206100182740418,2,-27.178955,-47.45941,-2.6397705,
1396206100182740418,-80,29.389954,-67.60254,43.640137,56.27899,-19.918823,46.37909,
1396206100202180116,2,-27.2995,-47.279358,-2.6992798,
1396206100202180116,-80,28.388977,-68.273926,43.9682,56.27899,-19.918823,46.37909,
1396206100222474305,2,-27.359009,-47.21985,-2.8198242,
1396206100222474305,-80,28.555298,-66.76178,43.148804,56.27899,-19.918823,46.37909,
1396206100242554872,2,-27.418518,-47.279358,-2.758789,
1396206100242554872,-80,29.057312,-67.60254,43.640137,56.27899,-19.918823,46.37909,
1396206100262971131,2,-27.479553,-47.21985,-2.519226,
1396206100262971131,-80,28.889465,-67.09747,45.44525,56.27899,-19.918823,46.37909,
1396206100283539979,2,-27.359009,-47.158813,-2.3986816,
1396206100283539979,-80,29.891968,-65.75165,44.789124,56.27899,-19.918823,46.37909,
1396206100302888123,2,-27.178955,-47.099304,-2.519226,
1396206100302888123,-80,30.226135,-65.75165,43.80493,56.27899,-19.918823,46.37909,
1396206100323792665,2,-27.119446,-47.099304,-2.519226,
1396206100323792665,-80,30.058289,-67.26532,43.312073,56.27899,-19.918823,46.37909,
1396206100343201844,2,-27.178955,-46.85974,-2.3986816,
1396206100343201844,-80,28.555298,-65.75165,44.46106,56.27899,-19.918823,46.37909,
1396206100363984315,2,-27.059937,-46.679688,-2.3391724,
1396206100363984315,-80,29.223633,-67.09747,44.46106,56.27899,-19.918823,46.37909,
1396206100403626649,2,-26.519775,-46.37909,-1.979065,
1396206100403626649,-80,30.892944,-66.42456,45.44525,56.27899,-19.918823,46.37909,
1396206100423829286,2,-26.278687,-46.37909,-2.0996094,
1396206100423829286,-80,30.892944,-66.76178,44.46106,56.27899,-19.918823,46.37909,
1396206100443909852,2,-26.278687,-46.31958,-2.0996094,
1396206100443909852,-80,30.058289,-65.5838,44.62433,56.27899,-19.918823,46.37909,
1396206100465760438,2,-26.339722,-46.499634,-2.0996094,
1396206100465760438,-80,29.891968,-66.76178,44.132996,56.27899,-19.918823,46.37909,
1396206100484315125,2,-26.399231,-46.258545,-1.9195557,
1396206100484315125,-80,29.5578,-65.415955,44.46106,56.27899,-19.918823,46.37909,
1396206100504304139,2,-26.219177,-46.37909,-2.0996094,
1396206100504304139,-80,29.724121,-66.92963,43.312073,56.27899,-19.918823,46.37909,
1396206100524445741,2,-26.159668,-46.258545,-2.0996094,
1396206100524445741,-80,29.5578,-65.75165,44.46106,56.27899,-19.918823,46.37909,
1396206100544678895,2,-26.339722,-46.31958,-2.0996094,
1396206100544678895,-80,29.724121,-66.256714,43.9682,56.27899,-19.918823,46.37909,
1396206100565095155,2,-26.638794,-46.258545,-2.218628,
1396206100565095155,-80,28.555298,-65.75165,44.789124,56.27899,-19.918823,46.37909,
1396206100584962098,2,-26.818848,-46.07849,-2.218628,
1396206100584962098,-80,29.223633,-65.415955,44.132996,56.27899,-19.918823,46.37909,
1396206100605042665,2,-26.818848,-46.199036,-2.218628,
1396206100605042665,-80,29.891968,-66.76178,44.789124,56.27899,-19.918823,46.37909,
1396206100625428407,2,-26.818848,-46.07849,-1.979065,
1396206100625428407,-80,30.226135,-65.75165,46.10138,56.27899,-19.918823,46.37909,
1396206100645325868,2,-26.759338,-46.139526,-1.7990112,
1396206100645325868,-80,30.058289,-65.92102,45.93811,56.27899,-19.918823,46.37909,
1396206100666291444,2,-26.818848,-45.77942,-1.3793945,
1396206100666291444,-80,29.057312,-63.902283,46.59424,56.27899,-19.918823,46.37909,
1396206100685670106,2,-26.818848,-45.71991,-1.3198853,
1396206100685670106,-80,29.5578,-65.415955,45.117188,56.27899,-19.918823,46.37909,
1396206100705720155,2,-26.69983,-45.47882,-1.1398315,
1396206100705720155,-80,30.892944,-64.07013,45.117188,56.27899,-19.918823,46.37909,
1396206100725892274,2,-26.638794,-45.17975,-1.0787964,
1396206100725892274,-80,29.057312,-63.56659,45.610046,56.27899,-19.918823,46.37909,
1396206100746033875,2,-26.69983,-45.17975,-1.0192871,
1396206100746033875,-80,28.723145,-65.5838,44.62433,56.27899,-19.918823,46.37909,
1396206100768006532,2,-26.818848,-44.87915,-0.95977783,
1396206100768006532,-80,29.223633,-64.40735,45.117188,56.27899,-19.918823,46.37909,
1396206100786439149,2,-26.818848,-44.699097,-1.0192871,
1396206100786439149,-80,30.392456,-64.237976,45.610046,56.27899,-19.918823,46.37909,
1396206100806519715,2,-27.059937,-44.519043,-1.0192871,
1396206100806519715,-80,27.886963,-64.07013,46.10138,56.27899,-19.918823,46.37909,
1396206100826630799,2,-26.939392,-44.519043,-1.0192871,
1396206100826630799,-80,30.058289,-63.902283,46.266174,56.27899,-19.918823,46.37909,
1396206100846802918,2,-26.998901,-44.578552,-1.0787964,
1396206100846802918,-80,29.389954,-65.92102,44.62433,56.27899,-19.918823,46.37909,
1396206100867524354,2,-27.359009,-44.459534,-1.0192871,
1396206100867524354,-80,27.886963,-63.397217,45.773315,56.27899,-19.918823,46.37909,
1396206100887116639,2,-27.23999,-44.459534,-0.95977783,
1396206100887116639,-80,30.058289,-63.56659,46.266174,56.27899,-19.918823,46.37909,
1396206100907227723,2,-27.059937,-44.158936,-0.71868896,
1396206100907227723,-80,29.891968,-63.061523,46.10138,56.27899,-19.918823,46.37909,
1396206100928406922,2,-26.998901,-44.099426,-0.5996704,
1396206100928406922,-80,29.5578,-64.07013,46.429443,56.27899,-19.918823,46.37909,
1396206100947510926,2,-27.178955,-44.158936,-0.35858154,
1396206100947510926,-80,28.889465,-64.74304,47.413635,56.27899,-19.918823,46.37909,
1396206100968629090,2,-27.059937,-44.158936,-0.4196167,
1396206100968629090,-80,28.889465,-64.07013,45.773315,56.27899,-19.918823,46.37909,
1396206100987824647,2,-26.998901,-44.27948,-0.23956299,
1396206100987824647,-80,30.726624,-64.91089,47.57843,56.27899,-19.918823,46.37909,
1396206101007905213,2,-26.939392,-44.039917,0.059509277,
1396206101007905213,-80,29.5578,-64.07013,47.08557,56.27899,-19.918823,46.37909,
1396206101028260438,2,-26.759338,-44.099426,0.23956299,
1396206101028260438,-80,29.5578,-63.734436,47.08557,56.27899,-19.918823,46.37909,
1396206101048218934,2,-26.818848,-44.158936,0.29907227,
1396206101048218934,-80,29.389954,-63.902283,46.922302,56.27899,-19.918823,46.37909,
1396206101068940370,2,-26.939392,-44.27948,0.4196167,
1396206101068940370,-80,29.223633,-64.07013,47.08557,56.27899,-19.918823,46.37909,
1396206101089143006,2,-27.059937,-44.3985,0.71868896,
1396206101089143006,-80,28.22113,-65.078735,48.72589,56.27899,-19.918823,46.37909,
1396206101108643739,2,-27.178955,-44.158936,0.71868896,
1396206101108643739,-80,28.05481,-62.893677,47.906494,56.27899,-19.918823,46.37909,
1396206101128693788,2,-27.119446,-44.099426,1.0192871,
1396206101128693788,-80,29.5578,-63.734436,48.069763,56.27899,-19.918823,46.37909,
1396206101148926942,2,-27.418518,-43.919373,1.1993408,
1396206101148926942,-80,28.05481,-63.22937,48.890686,56.27899,-19.918823,46.37909,
1396206101169526307,2,-27.539063,-43.79883,1.499939,
1396206101169526307,-80,28.723145,-63.22937,49.546814,56.27899,-19.918823,46.37909,
1396206101188966004,2,-27.539063,-43.73932,1.739502,
1396206101188966004,-80,29.389954,-63.56659,48.890686,56.27899,-19.918823,46.37909,
1396206101209290711,2,-27.598572,-43.618774,1.979065,
1396206101209290711,-80,28.889465,-62.72583,48.72589,56.27899,-19.918823,46.37909,
1396206101229737489,2,-27.83966,-43.43872,2.1591187,
1396206101229737489,-80,27.386475,-62.893677,48.890686,56.27899,-19.918823,46.37909,
1396206101249573915,2,-27.89917,-43.319702,2.279663,
1396206101249573915,-80,27.720642,-63.902283,49.546814,56.27899,-19.918823,46.37909,
1396206101270722596,2,-27.89917,-43.319702,2.519226,
1396206101270722596,-80,28.05481,-62.893677,49.546814,56.27899,-19.918823,46.37909,
1396206101290314881,2,-27.95868,-43.258667,2.6992798,
1396206101290314881,-80,29.389954,-63.22937,49.874878,56.27899,-19.918823,46.37909,
1396206101309998719,2,-27.95868,-43.43872,2.8793335,
1396206101309998719,-80,28.22113,-64.40735,50.039673,56.27899,-19.918823,46.37909,
1396206101330140321,2,-27.95868,-43.43872,2.9388428,
1396206101330140321,-80,28.388977,-63.22937,49.874878,56.27899,-19.918823,46.37909,
1396206101350281922,2,-27.95868,-43.499756,3.239441,
1396206101350281922,-80,29.389954,-64.237976,51.187134,56.27899,-19.918823,46.37909,
1396206101372498719,2,-27.89917,-43.67981,3.3599854,
1396206101372498719,-80,29.389954,-63.902283,49.874878,56.27899,-19.918823,46.37909,
1396206101391053407,2,-27.778625,-43.559265,3.479004,
1396206101391053407,-80,28.388977,-62.220764,49.874878,56.27899,-19.918823,46.37909,
1396206101410767762,2,-27.659607,-43.559265,3.479004,
1396206101410767762,-80,28.555298,-63.734436,49.383545,56.27899,-19.918823,46.37909,
1396206101430878846,2,-27.479553,-43.73932,3.5385132,
1396206101430878846,-80,29.5578,-64.74304,50.367737,56.27899,-19.918823,46.37909,
1396206101451173036,2,-27.418518,-43.97888,3.718567,
1396206101451173036,-80,29.724121,-64.91089,50.85907,56.27899,-19.918823,46.37909,
1396206101471772401,2,-27.2995,-43.919373,3.718567,
1396206101471772401,-80,29.389954,-64.237976,50.20294,56.27899,-19.918823,46.37909,
1396206101491730897,2,-27.119446,-43.919373,3.9596558,
1396206101491730897,-80,30.058289,-62.893677,51.84326,56.27899,-19.918823,46.37909,
1396206101511414735,2,-26.998901,-43.97888,4.0786743,
1396206101511414735,-80,30.226135,-64.74304,52.33612,56.27899,-19.918823,46.37909,
1396206101532349793,2,-26.998901,-44.099426,4.0786743,
1396206101532349793,-80,29.389954,-64.91089,49.874878,56.27899,-19.918823,46.37909,
1396206101551697938,2,-26.759338,-44.21997,4.0786743,
1396206101551697938,-80,30.058289,-63.56659,49.546814,56.27899,-19.918823,46.37909,
1396206101572846620,2,-26.519775,-44.158936,4.319763,
1396206101572846620,-80,30.892944,-62.72583,51.35193,56.27899,-19.918823,46.37909,
1396206101592683045,2,-26.519775,-43.919373,4.1992188,
1396206101592683045,-80,29.5578,-63.061523,49.383545,56.27899,-19.918823,46.37909,
1396206101612244813,2,-26.45874,-43.73932,4.258728,
1396206101612244813,-80,30.058289,-63.56659,51.515198,56.27899,-19.918823,46.37909,
1396206101632294862,2,-26.45874,-43.499756,4.258728,
1396206101632294862,-80,29.389954,-62.220764,50.20294,56.27899,-19.918823,46.37909,
1396206101652405946,2,-26.45874,-43.43872,3.9596558,
1396206101712830750,2,-26.159668,-43.078613,3.6590576,
1396206101712830750,-80,30.392456,-62.893677,49.546814,56.27899,-19.918823,46.37909,
1396206101732972352,2,-26.219177,-43.13965,3.5385132,
1396206101732972352,-80,30.560303,-63.397217,50.367737,56.27899,-19.918823,46.37909,
1396206101753205506,2,-26.339722,-43.078613,3.6590576,
1396206101753205506,-80,28.388977,-62.556458,50.20294,56.27899,-19.918823,46.37909,
1396206101773835389,2,-26.579285,-43.078613,3.479004,
1396206101773835389,-80,28.555298,-63.734436,50.367737,56.27899,-19.918823,46.37909,
1396206101794099061,2,-26.579285,-43.13965,3.4194946,
1396206101794099061,-80,29.057312,-62.556458,49.546814,56.27899,-19.918823,46.37909,
1396206101813508241,2,-26.69983,-43.37921,3.4194946,
1396206101813508241,-80,29.223633,-64.07013,49.383545,56.27899,-19.918823,46.37909,
1396206101833863465,2,-26.69983,-43.319702,3.5995483,
1396206101833863465,-80,29.891968,-62.72583,51.023865,56.27899,-19.918823,46.37909,
1396206101853913514,2,-26.638794,-43.258667,3.5385132,
1396206101853913514,-80,31.895447,-63.734436,50.039673,56.27899,-19.918823,46.37909,
1396206101874940125,2,-26.818848,-43.43872,3.779602,
1396206101874940125,-80,29.057312,-64.237976,51.515198,56.27899,-19.918823,46.37909,
1396206101894807069,2,-26.998901,-43.37921,3.718567,
1396206101894807069,-80,29.223633,-62.72583,49.71161,56.27899,-19.918823,46.37909,
1396206101914246766,2,-26.759338,-43.258667,3.779602,
1396206101914246766,-80,30.560303,-62.052917,50.6958,56.27899,-19.918823,46.37909,
1396206101934357850,2,-26.45874,-43.13965,3.718567,
1396206101934357850,-80,30.892944,-62.38861,50.039673,56.27899,-19.918823,46.37909,
1396206101954652040,2,-26.45874,-43.13965,3.9596558,
1396206101954652040,-80,29.057312,-62.893677,51.515198,56.27899,-19.918823,46.37909,
1396206101975251405,2,-26.278687,-42.89856,4.019165,
1396206101975251405,-80,30.560303,-62.052917,49.71161,56.27899,-19.918823,46.37909,
1396206102014954774,2,-26.339722,-42.478943,3.9596558,
1396206102014954774,-80,31.060791,-61.88507,50.85907,56.27899,-19.918823,46.37909,
1396206102035096375,2,-25.979614,-42.17987,3.9596558,
1396206102035096375,-80,31.895447,-61.7157,51.023865,56.27899,-19.918823,46.37909,
1396206102055146424,2,-25.85907,-42.059326,4.019165,
1396206102055146424,-80,30.560303,-61.7157,50.367737,56.27899,-19.918823,46.37909,
1396206102075928895,2,-25.979614,-41.879272,4.1992188,
1396206102075928895,-80,29.389954,-60.87494,52.171326,56.27899,-19.918823,46.37909,
1396206102096284120,2,-26.098633,-41.819763,4.319763,
1396206102096284120,-80,30.058289,-61.88507,51.187134,56.27899,-19.918823,46.37909,
1396206102115662782,2,-25.91858,-41.63971,4.0786743,
1396206102115662782,-80,30.392456,-61.21216,49.21875,56.27899,-19.918823,46.37909,
1396206102136475770,2,-25.91858,-41.459656,4.258728,
1396206102136475770,-80,30.226135,-61.04431,51.023865,56.27899,-19.918823,46.37909,
1396206102155945985,2,-26.098633,-41.519165,4.4387817,
1396206102155945985,-80,28.723145,-61.54785,51.515198,56.27899,-19.918823,46.37909,
1396206102177033631,2,-26.278687,-41.39862,4.499817,
1396206102177033631,-80,29.5578,-60.707092,51.35193,56.27899,-19.918823,46.37909,
1396206102196961610,2,-26.579285,-41.33911,4.319763,
1396206102196961610,-80,29.5578,-61.380005,49.71161,56.27899,-19.918823,46.37909,
1396206102216309754,2,-26.638794,-41.218567,4.258728,
1396206102216309754,-80,29.891968,-61.04431,49.71161,56.27899,-19.918823,46.37909,
1396206102236634461,2,-26.638794,-41.33911,4.1992188,
1396206102236634461,-80,29.389954,-61.88507,51.515198,56.27899,-19.918823,46.37909,
1396206102256684510,2,-26.818848,-41.159058,4.0786743,
1396206102256684510,-80,28.889465,-60.3714,50.6958,56.27899,-19.918823,46.37909,
1396206102278840272,2,-27.178955,-41.038513,4.3792725,
1396206102278840272,-80,27.720642,-60.202026,51.515198,56.27899,-19.918823,46.37909,
1396206102297639100,2,-27.23999,-40.79895,4.258728,
1396206102297639100,-80,29.5578,-59.025574,50.367737,56.27899,-19.918823,46.37909,
1396206102316987245,2,-27.2995,-40.67993,4.1397095,
1396206102316987245,-80,28.22113,-60.3714,50.367737,56.27899,-19.918823,46.37909,
1396206102337159364,2,-27.539063,-40.618896,3.9596558,
1396206102337159364,-80,27.720642,-60.202026,49.874878,56.27899,-19.918823,46.37909,
1396206102357392518,2,-27.659607,-40.319824,4.019165,
1396206102357392518,-80,28.723145,-59.19342,50.531006,56.27899,-19.918823,46.37909,
1396206102378144471,2,-27.89917,-40.019226,4.019165,
1396206102378144471,-80,27.886963,-58.68988,49.383545,56.27899,-19.918823,46.37909,
1396206102398408143,2,-28.019714,-39.839172,3.9596558,
1396206102398408143,-80,28.388977,-60.202026,50.85907,56.27899,-19.918823,46.37909,
1396206102417573182,2,-28.138733,-39.839172,3.8986206,
1396206102417573182,-80,27.720642,-60.202026,50.531006,56.27899,-19.918823,46.37909,
1396206102438416688,2,-28.019714,-39.779663,3.8391113,
1396206102438416688,-80,28.723145,-59.866333,50.85907,56.27899,-19.918823,46.37909,
1396206102458131043,2,-28.199768,-40.019226,3.8986206,
1396206102458131043,-80,28.22113,-60.707092,50.6958,56.27899,-19.918823,46.37909,
1396206102479279725,2,-28.318787,-39.839172,3.8391113,
1396206102479279725,-80,27.554321,-59.361267,50.039673,56.27899,-19.918823,46.37909,
1396206102499116151,2,-28.259277,-39.959717,3.8391113,
1396206102499116151,-80,28.05481,-60.87494,49.874878,56.27899,-19.918823,46.37909,
1396206102518281190,2,-28.439331,-40.078735,3.9596558,
1396206102518281190,-80,27.220154,-60.03418,51.35193,56.27899,-19.918823,46.37909,
1396206102538727967,2,-28.439331,-40.25879,3.9596558,
1396206102538727967,-80,27.554321,-60.3714,49.383545,56.27899,-19.918823,46.37909,
1396206102558839051,2,-28.49884,-40.19928,3.9596558,
1396206102558839051,-80,28.22113,-59.698486,51.023865,56.27899,-19.918823,46.37909,
1396206102579438416,2,-28.379822,-40.078735,4.0786743,
1396206102579438416,-80,28.555298,-59.361267,51.023865,56.27899,-19.918823,46.37909,
1396206102599763123,2,-28.619385,-39.89868,4.0786743,
1396206102599763123,-80,26.885986,-58.68988,51.023865,56.27899,-19.918823,46.37909,
1396206102618958680,2,-28.73993,-39.718628,4.1992188,
1396206102618958680,-80,27.220154,-59.025574,51.679993,56.27899,-19.918823,46.37909,
1396206102639405457,2,-28.678894,-39.59961,4.3792725,
1396206102639405457,-80,27.720642,-58.520508,51.515198,56.27899,-19.918823,46.37909,
1396206102659486024,2,-28.858948,-39.538574,4.3792725,
1396206102659486024,-80,26.885986,-60.03418,49.71161,56.27899,-19.918823,46.37909,
1396206102680207459,2,-28.858948,-39.479065,4.499817,
1396206102680207459,-80,27.386475,-59.866333,52.49939,56.27899,-19.918823,46.37909,
1396206102700471131,2,-28.799438,-39.538574,4.8599243,
1396206102700471131,-80,27.886963,-60.707092,52.33612,56.27899,-19.918823,46.37909,
1396206102719666688,2,-28.919983,-39.419556,4.6188354,
1396206102719666688,-80,27.052307,-58.857727,49.21875,56.27899,-19.918823,46.37909,
1396206102741120545,2,-28.979492,-39.419556,4.559326,
1396206102741120545,-80,28.22113,-59.361267,50.6958,56.27899,-19.918823,46.37909,
1396206102760255067,2,-28.979492,-39.538574,4.559326,
1396206102760255067,-80,26.71814,-59.53064,50.85907,56.27899,-19.918823,46.37909,
1396206102781403748,2,-28.979492,-39.65912,4.3792725,
1396206102781403748,-80,27.386475,-59.866333,50.20294,56.27899,-19.918823,46.37909,
1396206102801301209,2,-28.919983,-39.718628,4.1992188,
1396206102801301209,-80,28.22113,-59.025574,50.039673,56.27899,-19.918823,46.37909,
1396206102820496766,2,-28.858948,-39.59961,4.258728,
1396206102820496766,-80,27.052307,-59.19342,50.20294,56.27899,-19.918823,46.37909,
1396206102840882508,2,-29.039001,-39.479065,4.0786743,
1396206102840882508,-80,26.385498,-58.857727,50.85907,56.27899,-19.918823,46.37909,
1396206102860902040,2,-28.979492,-39.419556,3.5995483,
1396206102860902040,-80,28.05481,-60.539246,48.890686,56.27899,-19.918823,46.37909,
1396206102883027284,2,-28.919983,-39.59961,3.9596558,
1396206102883027284,-80,27.720642,-60.202026,52.171326,56.27899,-19.918823,46.37909,
1396206102902009217,2,-28.979492,-39.538574,3.9596558,
1396206102902009217,-80,27.554321,-58.68988,50.6958,56.27899,-19.918823,46.37909,
1396206102921082704,2,-28.919983,-39.59961,3.8391113,
1396206102921082704,-80,27.220154,-60.03418,50.039673,56.27899,-19.918823,46.37909,
1396206102941376893,2,-28.858948,-39.538574,3.718567,
1396206102941376893,-80,28.05481,-59.53064,49.21875,56.27899,-19.918823,46.37909,
1396206102961610047,2,-28.858948,-39.779663,3.718567,
1396206102961610047,-80,28.05481,-60.87494,49.546814,56.27899,-19.918823,46.37909,
1396206103022267010,2,-28.799438,-39.779663,3.9596558,
1396206103022267010,-80,26.885986,-59.025574,50.6958,56.27899,-19.918823,46.37909,
1396206103042561200,2,-28.73993,-39.959717,3.718567,
1396206103042561200,-80,28.388977,-61.54785,49.874878,56.27899,-19.918823,46.37909,
1396206103062702801,2,-28.73993,-39.959717,3.5385132,
1396206103062702801,-80,27.386475,-58.857727,49.21875,56.27899,-19.918823,46.37909,
1396206103083820965,2,-28.49884,-40.078735,3.479004,
1396206103083820965,-80,28.889465,-61.04431,49.383545,56.27899,-19.918823,46.37909,
1396206103103809979,2,-28.559875,-40.019226,3.3599854,
1396206103103809979,-80,27.886963,-59.025574,48.397827,56.27899,-19.918823,46.37909,
1396206103123066571,2,-28.259277,-39.839172,3.2989502,
1396206103123066571,-80,30.392456,-59.19342,49.21875,56.27899,-19.918823,46.37909,
1396206103143269207,2,-28.138733,-39.839172,3.2989502,
1396206103143269207,-80,28.723145,-59.19342,50.20294,56.27899,-19.918823,46.37909,
1396206103163410809,2,-28.138733,-39.89868,3.0593872,
1396206103163410809,-80,27.554321,-61.04431,49.383545,56.27899,-19.918823,46.37909,
1396206103184132244,2,-27.719116,-40.13977,2.8198242,
1396206103184132244,-80,30.392456,-60.87494,48.890686,56.27899,-19.918823,46.37909,
1396206103204456952,2,-27.659607,-39.839172,2.758789,
1396206103204456952,-80,29.057312,-59.19342,49.21875,56.27899,-19.918823,46.37909,
1396206103223957684,2,-27.418518,-40.019226,2.8198242,
1396206103223957684,-80,29.389954,-60.539246,49.874878,56.27899,-19.918823,46.37909,
1396206103244129803,2,-27.359009,-39.959717,2.6992798,
1396206103244129803,-80,29.389954,-60.202026,48.562622,56.27899,-19.918823,46.37909,
1396206103264240887,2,-27.2995,-39.959717,2.6397705,
1396206103264240887,-80,28.22113,-59.025574,47.413635,56.27899,-19.918823,46.37909,
1396206103284870770,2,-27.359009,-40.13977,2.5787354,
1396206103284870770,-80,29.5578,-60.707092,49.053955,56.27899,-19.918823,46.37909,
1396206103305348065,2,-27.418518,-40.319824,2.4597168,
1396206103305348065,-80,28.22113,-61.04431,49.053955,56.27899,-19.918823,46.37909,
1396206103324604657,2,-27.059937,-40.319824,2.3986816,
1396206103324604657,-80,30.726624,-60.539246,48.890686,56.27899,-19.918823,46.37909,
1396206103344898846,2,-27.119446,-40.319824,2.279663,
1396206103344898846,-80,29.724121,-60.87494,47.906494,56.27899,-19.918823,46.37909,
1396206103364887860,2,-26.998901,-40.438843,2.0996094,
1396206103364887860,-80,29.724121,-60.539246,47.906494,56.27899,-19.918823,46.37909,
1396206103385975506,2,-26.939392,-40.559387,1.9195557,
1396206103385975506,-80,29.724121,-61.21216,48.562622,56.27899,-19.918823,46.37909,
1396206103405995037,2,-26.879883,-40.499878,2.0385742,
1396206103405995037,-80,29.724121,-59.866333,49.546814,56.27899,-19.918823,46.37909,
1396206103425312664,2,-26.69983,-40.559387,2.279663,
1396206103425312664,-80,29.891968,-59.361267,49.053955,56.27899,-19.918823,46.37909,
1396206103445454266,2,-26.638794,-40.499878,2.1591187,
1396206103445454266,-80,30.058289,-60.202026,48.23456,56.27899,-19.918823,46.37909,
1396206103465595868,2,-26.638794,-40.319824,2.0996094,
1396206103465595868,-80,28.388977,-59.53064,48.890686,56.27899,-19.918823,46.37909,
1396206103487782147,2,-26.939392,-40.078735,2.1591187,
1396206103506764080,2,-27.119446,-39.89868,2.1591187,
1396206103506764080,-80,28.05481,-59.53064,48.23456,56.27899,-19.918823,46.37909,
1396206103525959637,2,-27.178955,-39.779663,2.1591187,
1396206103525959637,-80,29.223633,-59.698486,47.7417,56.27899,-19.918823,46.37909,
1396206103546040203,2,-27.359009,-39.538574,2.1591187,
1396206103546040203,-80,28.555298,-59.025574,48.397827,56.27899,-19.918823,46.37909,
1396206103566242840,2,-27.418518,-39.239502,1.979065,
1396206103566242840,-80,29.389954,-57.5119,48.23456,56.27899,-19.918823,46.37909,
1396206103586903241,2,-27.479553,-39.239502,1.9195557,
1396206103586903241,-80,29.223633,-59.698486,48.72589,56.27899,-19.918823,46.37909,
1396206103606678631,2,-27.659607,-39.118958,1.7990112,
1396206103606678631,-80,28.723145,-59.19342,47.250366,56.27899,-19.918823,46.37909,
1396206103626667645,2,-27.479553,-39.239502,1.739502,
1396206103626667645,-80,30.058289,-60.539246,48.23456,56.27899,-19.918823,46.37909,
1396206103646534588,2,-27.359009,-39.29901,1.6799927,
1396206103646534588,-80,28.889465,-59.025574,48.72589,56.27899,-19.918823,46.37909,
1396206103666950848,2,-27.2995,-39.538574,1.5594482,
1396206103666950848,-80,29.057312,-61.54785,47.250366,56.27899,-19.918823,46.37909,
1396206103688099530,2,-27.119446,-39.479065,1.6189575,
1396206103688099530,-80,30.560303,-59.025574,48.069763,56.27899,-19.918823,46.37909,
1396206103708119061,2,-27.059937,-39.538574,1.5594482,
1396206103708119061,-80,28.889465,-59.361267,47.7417,56.27899,-19.918823,46.37909,
1396206103727375653,2,-27.119446,-39.65912,1.3793945,
1396206103727375653,-80,28.889465,-58.68988,46.757507,56.27899,-19.918823,46.37909,
1396206103747151043,2,-26.998901,-39.65912,1.1398315,
1396206103747151043,-80,30.226135,-59.361267,47.08557,56.27899,-19.918823,46.37909,
1396206103767658856,2,-26.818848,-39.718628,1.1398315,
1396206103767658856,-80,29.891968,-59.698486,47.413635,56.27899,-19.918823,46.37909,
1396206103788319256,2,-26.939392,-39.538574,1.1398315,
1396206103788319256,-80,29.223633,-59.025574,47.7417,56.27899,-19.918823,46.37909,
1396206103808704998,2,-26.879883,-39.538574,1.0192871,
1396206103808704998,-80,29.5578,-59.361267,47.7417,56.27899,-19.918823,46.37909,
1396206103828083661,2,-26.818848,-39.35852,0.8392334,
1396206103828083661,-80,29.389954,-59.866333,45.93811,56.27899,-19.918823,46.37909,
1396206103848011639,2,-26.879883,-39.35852,0.71868896,
1396206103848011639,-80,30.226135,-59.361267,47.08557,56.27899,-19.918823,46.37909,
1396206103868366864,2,-26.939392,-39.479065,0.53863525,
1396206103868366864,-80,28.388977,-59.866333,46.59424,56.27899,-19.918823,46.37909,
1396206103889057782,2,-26.69983,-39.419556,0.5996704,
1396206103889057782,-80,30.726624,-58.520508,46.922302,56.27899,-19.918823,46.37909,
1396206103909443524,2,-26.818848,-39.538574,0.6591797,
1396206103909443524,-80,29.223633,-60.03418,47.413635,56.27899,-19.918823,46.37909,
1396206103928791668,2,-26.818848,-39.59961,0.53863525,
1396206103928791668,-80,29.891968,-60.3714,46.757507,56.27899,-19.918823,46.37909,
1396206103949513104,2,-26.69983,-39.839172,0.5996704,
1396206103949513104,-80,30.226135,-61.04431,48.069763,56.27899,-19.918823,46.37909,
1396206103969074871,2,-26.519775,-39.959717,0.4196167,
1396206103969074871,-80,31.227112,-60.3714,46.757507,56.27899,-19.918823,46.37909,
1396206103990193036,2,-26.339722,-40.019226,0.71868896,
1396206103990193036,-80,30.560303,-60.03418,48.069763,56.27899,-19.918823,46.37909,
1396206104009998944,2,-26.219177,-40.19928,0.8392334,
1396206104009998944,-80,31.060791,-60.87494,48.23456,56.27899,-19.918823,46.37909,
1396206104029499676,2,-26.039124,-40.13977,1.0787964,
1396206104029499676,-80,29.891968,-59.698486,48.397827,56.27899,-19.918823,46.37909,
1396206104049366619,2,-26.219177,-40.379333,1.2588501,
1396206104049366619,-80,29.389954,-60.539246,48.23456,56.27899,-19.918823,46.37909,
1396206104069782879,2,-25.91858,-40.438843,1.3198853,
1396206104069782879,-80,31.394958,-60.539246,47.906494,56.27899,-19.918823,46.37909,
1396206104092060711,2,-26.039124,-40.618896,1.6189575,
1396206104092060711,-80,29.223633,-61.380005,49.053955,56.27899,-19.918823,46.37909,
1396206104110706952,2,-25.979614,-40.559387,1.6189575,
1396206104110706952,-80,30.392456,-60.539246,48.562622,56.27899,-19.918823,46.37909,
1396206104130207684,2,-26.159668,-40.559387,1.9195557,
1396206104130207684,-80,30.226135,-60.707092,49.053955,56.27899,-19.918823,46.37909,
1396206104150196698,2,-26.039124,-40.73944,2.0996094,
1396206104150196698,-80,31.227112,-61.380005,49.383545,56.27899,-19.918823,46.37909,
1396206104170551922,2,-25.91858,-40.79895,2.279663,
1396206104170551922,-80,31.895447,-61.380005,49.71161,56.27899,-19.918823,46.37909,
1396206104191273358,2,-25.679016,-41.038513,2.3986816,
1396206104191273358,-80,32.061768,-61.54785,49.21875,56.27899,-19.918823,46.37909,
1396206104211506512,2,-25.379944,-41.09955,2.5787354,
1396206104211506512,-80,31.56128,-61.04431,49.71161,56.27899,-19.918823,46.37909,
1396206104230976727,2,-25.318909,-41.279602,2.758789,
1396206104230976727,-80,32.229614,-62.052917,49.053955,56.27899,-19.918823,46.37909,
1396206104251606610,2,-24.958801,-41.218567,2.6397705,
1396206104251606610,-80,31.895447,-60.707092,48.397827,56.27899,-19.918823,46.37909,
1396206104312214520,2,-24.299622,-41.69922,2.8793335,
1396206104312214520,-80,32.395935,-62.893677,49.874878,56.27899,-19.918823,46.37909,
1396206104331684735,2,-24.179077,-41.819763,2.758789,
1396206104331684735,-80,32.89795,-62.72583,49.053955,56.27899,-19.918823,46.37909,
1396206104351734784,2,-24.058533,-41.819763,2.8793335,
1396206104351734784,-80,33.06427,-61.21216,49.874878,56.27899,-19.918823,46.37909,
1396206104371906903,2,-23.878479,-42.059326,2.6397705,
1396206104371906903,-80,32.89795,-62.72583,48.069763,56.27899,-19.918823,46.37909,
1396206104392628338,2,-23.699951,-41.999817,2.5787354,
1396206104392628338,-80,33.898926,-61.7157,48.397827,56.27899,-19.918823,46.37909,
1396206104412892010,2,-23.519897,-42.17987,2.9388428,
1396206104412892010,-80,33.398438,-62.220764,51.187134,56.27899,-19.918823,46.37909,
1396206104432331707,2,-23.399353,-42.29889,3.0593872,
1396206104432331707,-80,33.232117,-62.72583,50.039673,56.27899,-19.918823,46.37909,
1396206104452534344,2,-23.399353,-42.29889,2.999878,
1396206104452534344,-80,32.395935,-61.54785,49.546814,56.27899,-19.918823,46.37909,
1396206104472614911,2,-23.278809,-42.23938,3.0593872,
1396206104472614911,-80,33.56476,-62.72583,50.039673,56.27899,-19.918823,46.37909,
1396206104493275311,2,-23.098755,-42.359924,3.0593872,
1396206104493275311,-80,34.066772,-63.56659,49.21875,56.27899,-19.918823,46.37909,
1396206104512959149,2,-22.918701,-42.599487,3.0593872,
1396206104512959149,-80,34.56726,-63.061523,49.71161,56.27899,-19.918823,46.37909,
1396206104533039715,2,-22.799683,-42.478943,3.1799316,
1396206104533039715,-80,33.898926,-62.052917,49.053955,56.27899,-19.918823,46.37909,
1396206104553944256,2,-22.738647,-42.658997,3.3599854,
1396206104553944256,-80,34.066772,-63.22937,49.874878,56.27899,-19.918823,46.37909,
1396206104573322918,2,-22.679138,-42.718506,3.239441,
1396206104573322918,-80,34.066772,-62.556458,50.20294,56.27899,-19.918823,46.37909,
1396206104594496080,2,-22.439575,-42.77954,3.1799316,
1396206104594496080,-80,35.06775,-62.893677,49.546814,56.27899,-19.918823,46.37909,
1396206104613722155,2,-22.198486,-43.019104,3.239441,
1396206104613722155,-80,34.066772,-63.56659,49.874878,56.27899,-19.918823,46.37909,
1396206104633802721,2,-22.079468,-42.89856,3.4194946,
1396206104633802721,-80,34.735107,-61.88507,51.84326,56.27899,-19.918823,46.37909,
1396206104654005358,2,-22.019958,-43.019104,3.5385132,
1396206104654005358,-80,34.40094,-64.575195,49.874878,56.27899,-19.918823,46.37909,
1396206104674085924,2,-21.899414,-42.89856,3.718567,
1396206104674085924,-80,35.736084,-62.220764,51.515198,56.27899,-19.918823,46.37909,
1396206104694746325,2,-21.77887,-43.13965,4.0786743,
1396206104694746325,-80,34.735107,-63.902283,51.84326,56.27899,-19.918823,46.37909,
1396206104715071032,2,-21.598816,-43.078613,4.258728,
1396206104715071032,-80,35.401917,-62.556458,51.515198,56.27899,-19.918823,46.37909,
1396206104734510729,2,-21.479797,-43.319702,4.4387817,
1396206104734510729,-80,34.90143,-64.74304,51.679993,56.27899,-19.918823,46.37909,
1396206104754591295,2,-21.418762,-43.37921,4.73938,
1396206104754591295,-80,35.90393,-63.061523,52.008057,56.27899,-19.918823,46.37909,
1396206104774732897,2,-21.11969,-43.199158,4.978943,
1396206104774732897,-80,36.236572,-62.052917,51.679993,56.27899,-19.918823,46.37909,
1396206104795545885,2,-20.999146,-43.37921,4.978943,
1396206104795545885,-80,35.569763,-63.397217,51.679993,56.27899,-19.918823,46.37909,
1396206104815870592,2,-20.878601,-43.078613,5.1589966,
1396206104815870592,-80,35.569763,-62.38861,51.35193,56.27899,-19.918823,46.37909,
1396206104835279772,2,-20.698547,-43.258667,5.1589966,
1396206104835279772,-80,37.239075,-63.734436,51.679993,56.27899,-19.918823,46.37909,
1396206104855634996,2,-20.518494,-43.13965,5.218506,
1396206104855634996,-80,36.236572,-63.061523,52.33612,56.27899,-19.918823,46.37909,
1396206104875349352,2,-20.458984,-43.078613,5.279541,
1396206104896711657,2,-20.159912,-42.89856,5.4595947,
1396206104896711657,-80,37.40692,-63.22937,52.827454,56.27899,-19.918823,46.37909,
1396206104915907213,2,-20.039368,-42.718506,5.519104,
1396206104915907213,-80,36.738586,-61.88507,52.49939,56.27899,-19.918823,46.37909,
1396206104935987780,2,-19.979858,-42.83905,5.6991577,
1396206104935987780,-80,36.738586,-62.893677,53.155518,56.27899,-19.918823,46.37909,
1396206104956129381,2,-19.918823,-42.77954,5.758667,
1396206104956129381,-80,36.236572,-62.72583,52.008057,56.27899,-19.918823,46.37909,
1396206104976118395,2,-19.73877,-42.718506,5.9387207,
1396206104976118395,-80,36.904907,-62.052917,52.99225,56.27899,-19.918823,46.37909,
1396206104996992418,2,-19.73877,-42.718506,6.1187744,
1396206104996992418,-80,37.239075,-63.397217,53.320313,56.27899,-19.918823,46.37909,
1396206105017286608,2,-19.558716,-42.658997,6.539917,
1396206105017286608,-80,37.573242,-62.72583,55.288696,56.27899,-19.918823,46.37909,
1396206105036695787,2,-19.499207,-42.718506,6.6589355,
1396206105036695787,-80,36.57074,-62.38861,52.99225,56.27899,-19.918823,46.37909,
1396206105056898424,2,-19.499207,-42.478943,6.77948,
1396206105056898424,-80,37.239075,-61.380005,53.97644,56.27899,-19.918823,46.37909,
1396206105076704332,2,-19.378662,-42.599487,6.8984985,
1396206105076704332,-80,37.573242,-62.72583,53.648376,56.27899,-19.918823,46.37909,
1396206105097456285,2,-19.259644,-42.599487,6.77948,
1396206105097456285,-80,37.573242,-63.061523,52.33612,56.27899,-19.918823,46.37909,
1396206105117872545,2,-19.07959,-42.599487,7.1395874,
1396206105117872545,-80,37.739563,-62.556458,54.797363,56.27899,-19.918823,46.37909,
1396206105137342760,2,-19.018555,-42.718506,7.258606,
1396206105137342760,-80,37.239075,-63.061523,53.97644,56.27899,-19.918823,46.37909,
1396206105158582994,2,-19.1391,-42.539978,7.6187134,
1396206105158582994,-80,36.57074,-61.7157,55.944824,56.27899,-19.918823,46.37909,
1396206105177412340,2,-19.198608,-42.419434,7.6187134,
1396206105177412340,-80,37.239075,-61.7157,55.288696,56.27899,-19.918823,46.37909,
1396206105198286364,2,-19.07959,-42.599487,7.978821,
1396206105198286364,-80,37.072754,-63.902283,56.10962,56.27899,-19.918823,46.37909,
1396206105218611071,2,-19.07959,-42.658997,8.21991,
1396206105218611071,-80,37.40692,-61.88507,55.781555,56.27899,-19.918823,46.37909,
1396206105238050768,2,-19.07959,-42.658997,8.578491,
1396206105238050768,-80,37.739563,-62.893677,56.437683,56.27899,-19.918823,46.37909,
1396206105258405992,2,-18.959045,-42.658997,8.879089,
1396206105258405992,-80,38.575745,-63.061523,54.63257,56.27899,-19.918823,46.37909,
1396206105278120348,2,-18.959045,-42.478943,8.938599,
1396206105278120348,-80,37.739563,-61.21216,55.45349,56.27899,-19.918823,46.37909,
1396206105300489733,2,-18.959045,-42.359924,9.239197,
1396206105300489733,-80,37.239075,-62.052917,56.27289,56.27899,-19.918823,46.37909,
1396206105319349596,2,-18.659973,-42.419434,9.239197,
1396206105319349596,-80,38.575745,-62.052917,55.61676,56.27899,-19.918823,46.37909,
1396206105338758776,2,-18.778992,-42.419434,9.298706,
1396206105338758776,-80,36.738586,-61.88507,56.10962,56.27899,-19.918823,46.37909,
1396206105359052965,2,-18.598938,-42.29889,9.239197,
1396206105359052965,-80,38.241577,-62.72583,55.61676,56.27899,-19.918823,46.37909,
1396206105378919909,2,-18.539429,-42.359924,9.239197,
1396206105378919909,-80,38.07373,-62.556458,55.45349,56.27899,-19.918823,46.37909,
1396206105399824450,2,-18.418884,-42.359924,9.359741,
1396206105399824450,-80,38.407898,-62.556458,57.74994,56.27899,-19.918823,46.37909,
1396206105420057604,2,-18.47992,-42.23938,9.658813,
1396206105420057604,-80,38.241577,-62.38861,56.929016,56.27899,-19.918823,46.37909,
1396206105439466784,2,-18.47992,-42.478943,9.779358,
1396206105439466784,-80,38.07373,-62.893677,56.437683,56.27899,-19.918823,46.37909,
1396206105459791491,2,-18.23883,-42.478943,10.079956,
1396206105459791491,-80,39.076233,-62.220764,58.73413,56.27899,-19.918823,46.37909,
1396206105479658434,2,-18.179321,-42.599487,10.198975,
1396206105479658434,-80,39.076233,-62.893677,56.765747,56.27899,-19.918823,46.37909,
1396206105500868151,2,-17.819214,-42.658997,10.379028,
1396206105500868151,-80,39.4104,-62.556458,57.421875,56.27899,-19.918823,46.37909,
1396206105520796129,2,-17.878723,-42.718506,10.739136,
1396206105520796129,-80,37.90741,-63.061523,58.242798,56.27899,-19.918823,46.37909,
1396206105560316393,2,-17.999268,-42.599487,10.919189,
1396206105560316393,-80,37.90741,-61.7157,57.58667,56.27899,-19.918823,46.37909,
1396206105580396959,2,-17.999268,-42.539978,11.219788,
1396206105580396959,-80,37.90741,-61.7157,59.22699,56.27899,-19.918823,46.37909,
1396206105601240465,2,-17.878723,-42.478943,11.51886,
1396206105601240465,-80,39.4104,-62.556458,59.062195,56.27899,-19.918823,46.37909,
1396206105621473619,2,-18.119812,-42.419434,11.579895,
1396206105621473619,-80,36.904907,-61.7157,58.898926,56.27899,-19.918823,46.37909,
1396206105640882799,2,-18.23883,-42.23938,11.819458,
1396206105640882799,-80,37.90741,-61.380005,58.898926,56.27899,-19.918823,46.37909,
1396206105661207506,2,-18.418884,-42.059326,12.179565,
1396206105661207506,-80,38.07373,-61.21216,60.37445,56.27899,-19.918823,46.37909,
1396206105681166002,2,-18.359375,-41.879272,12.539673,
1396206105681166002,-80,38.407898,-61.21216,61.03058,56.27899,-19.918823,46.37909,
1396206105701887438,2,-18.418884,-41.519165,13.079834,
1396206105701887438,-80,37.072754,-59.866333,61.688232,56.27899,-19.918823,46.37909,
1396206105722242662,2,-18.47992,-41.459656,13.55896,
1396206105722242662,-80,37.739563,-61.21216,61.358643,56.27899,-19.918823,46.37909,
1396206105741651842,2,-18.598938,-41.33911,13.798523,
1396206105741651842,-80,36.904907,-60.707092,61.195374,56.27899,-19.918823,46.37909,
1396206105762983629,2,-18.778992,-41.038513,14.15863,
1396206105762983629,-80,37.739563,-60.202026,62.016296,56.27899,-19.918823,46.37909,
1396206105781874010,2,-18.539429,-40.979004,14.518738,
1396206105781874010,-80,38.742065,-61.21216,61.358643,56.27899,-19.918823,46.37909,
1396206105803022692,2,-18.359375,-40.979004,14.759827,
1396206105803022692,-80,39.57672,-61.380005,61.195374,56.27899,-19.918823,46.37909,
1396206105822889635,2,-18.179321,-41.09955,14.759827,
1396206105822889635,-80,39.242554,-62.38861,60.539246,56.27899,-19.918823,46.37909,
1396206105842298815,2,-18.179321,-41.218567,14.878845,
1396206105842298815,-80,38.909912,-62.38861,61.523438,56.27899,-19.918823,46.37909,
1396206105862623522,2,-17.999268,-41.63971,14.759827,
1396206105862623522,-80,38.407898,-63.22937,60.702515,56.27899,-19.918823,46.37909,
1396206105882582018,2,-17.878723,-41.69922,14.518738,
1396206105882582018,-80,38.575745,-61.7157,59.883118,56.27899,-19.918823,46.37909,
1396206105903333971,2,-17.57965,-41.758728,14.6987915,
1396206105903333971,-80,39.242554,-61.04431,62.179565,56.27899,-19.918823,46.37909,
1396206105923628160,2,-17.459106,-41.819763,14.579773,
1396206105923628160,-80,38.909912,-61.04431,61.195374,56.27899,-19.918823,46.37909,
1396206105943006823,2,-17.219543,-41.879272,14.579773,
1396206105943006823,-80,40.579224,-61.7157,61.523438,56.27899,-19.918823,46.37909,
1396206105963301012,2,-17.219543,-41.819763,14.639282,
1396206105963301012,-80,39.57672,-60.707092,61.523438,56.27899,-19.918823,46.37909,
1396206105983351061,2,-16.918945,-41.819763,14.819336,
1396206105983351061,-80,41.581726,-62.38861,61.8515,56.27899,-19.918823,46.37909,
1396206106003828356,2,-16.799927,-41.879272,14.878845,
1396206106003828356,-80,39.744568,-62.893677,62.016296,56.27899,-19.918823,46.37909,
1396206106023603746,2,-16.378784,-41.63971,14.878845,
1396206106023603746,-80,41.914368,-61.380005,60.539246,56.27899,-19.918823,46.37909,
1396206106043714830,2,-16.319275,-41.758728,15.119934,
1396206106043714830,-80,39.4104,-62.556458,62.016296,56.27899,-19.918823,46.37909,
1396206106064009020,2,-16.079712,-42.059326,14.93988,
1396206106064009020,-80,40.745544,-63.56659,61.03058,56.27899,-19.918823,46.37909,
1396206106083998034,2,-16.018677,-41.999817,14.878845,
1396206106083998034,-80,39.744568,-60.202026,60.37445,56.27899,-19.918823,46.37909,
1396206106104749987,2,-16.139221,-41.879272,14.878845,
1396206106104749987,-80,39.4104,-60.87494,61.358643,56.27899,-19.918823,46.37909,
1396206106124342272,2,-15.899658,-42.059326,14.819336,
1396206106124342272,-80,41.581726,-62.052917,61.195374,56.27899,-19.918823,46.37909,
1396206106144422838,2,-16.079712,-41.999817,14.819336,
1396206106144422838,-80,40.245056,-61.7157,61.8515,56.27899,-19.918823,46.37909,
1396206106164503405,2,-16.018677,-41.93878,14.6987915,
1396206106164503405,-80,39.91089,-62.72583,61.195374,56.27899,-19.918823,46.37909,
1396206106184706041,2,-16.19873,-41.999817,14.878845,
1396206106184706041,-80,40.579224,-61.7157,62.179565,56.27899,-19.918823,46.37909,
1396206106206404039,2,-16.079712,-41.879272,14.878845,
1396206106206404039,-80,40.411377,-61.54785,62.016296,56.27899,-19.918823,46.37909,
1396206106225050280,2,-16.018677,-41.519165,14.93988,
1396206106225050280,-80,41.079712,-60.87494,61.358643,56.27899,-19.918823,46.37909,
1396206106245130846,2,-15.779114,-41.578674,15.058899,
1396206106245130846,-80,41.748047,-60.539246,61.358643,56.27899,-19.918823,46.37909,
1396206106265272448,2,-15.478516,-41.519165,15.058899,
1396206106265272448,-80,41.748047,-60.539246,61.358643,56.27899,-19.918823,46.37909,
1396206106285414049,2,-15.59906,-41.33911,15.359497,
1396206106285414049,-80,40.745544,-60.539246,63.328552,56.27899,-19.918823,46.37909,
1396206106305769274,2,-15.359497,-41.038513,15.359497,
1396206106305769274,-80,41.748047,-59.53064,62.016296,56.27899,-19.918823,46.37909,
1396206106326399157,2,-15.119934,-40.67993,15.478516,
1396206106326399157,-80,41.914368,-60.03418,62.179565,56.27899,-19.918823,46.37909,
1396206106345838854,2,-15.119934,-40.438843,15.478516,
1396206106345838854,-80,41.079712,-59.53064,62.016296,56.27899,-19.918823,46.37909,
1396206106367201159,2,-15.119934,-40.319824,15.59906,
1396206106367201159,-80,39.91089,-61.04431,62.835693,56.27899,-19.918823,46.37909,
1396206106386183092,2,-15.058899,-40.25879,15.7196045,
1396206106386183092,-80,41.748047,-60.202026,62.672424,56.27899,-19.918823,46.37909,
1396206106406996080,2,-15.299988,-40.319824,15.9591675,
1396206106406996080,-80,39.744568,-60.87494,63.00049,56.27899,-19.918823,46.37909,
1396206106427168200,2,-15.299988,-40.319824,15.9591675,
1396206106427168200,-80,41.914368,-60.707092,61.523438,56.27899,-19.918823,46.37909,
1396206106446607897,2,-15.359497,-40.438843,15.658569,
1396206106446607897,-80,39.91089,-61.380005,60.86731,56.27899,-19.918823,46.37909,
1396206106466810534,2,-15.539551,-40.559387,15.7196045,
1396206106466810534,-80,40.579224,-60.707092,62.50763,56.27899,-19.918823,46.37909,
1396206106486891100,2,-15.779114,-40.499878,15.658569,
1396206106486891100,-80,39.91089,-59.361267,61.8515,56.27899,-19.918823,46.37909,
1396206106508772203,2,-15.658569,-40.559387,15.539551,
1396206106508772203,-80,41.914368,-60.03418,61.195374,56.27899,-19.918823,46.37909,
1396206106527876207,2,-15.658569,-40.499878,15.179443,
1396206106527876207,-80,40.078735,-60.202026,59.718323,56.27899,-19.918823,46.37909,
1396206106547315905,2,-15.779114,-40.499878,14.99939,
1396206106547315905,-80,40.91339,-60.3714,61.195374,56.27899,-19.918823,46.37909,
1396206106567457506,2,-15.7196045,-40.499878,14.878845,
1396206106567457506,-80,39.91089,-60.707092,62.179565,56.27899,-19.918823,46.37909,
1396206106587538073,2,-16.018677,-40.319824,14.93988,
1396206106587538073,-80,39.744568,-59.53064,62.016296,56.27899,-19.918823,46.37909,
1396206106608747789,2,-15.9591675,-40.19928,15.119934,
1396206106608747789,-80,40.078735,-60.539246,62.34436,56.27899,-19.918823,46.37909,
1396206106648329088,2,-15.899658,-40.019226,14.93988,
1396206106648329088,-80,40.411377,-59.19342,61.358643,56.27899,-19.918823,46.37909,
1396206106668470690,2,-16.018677,-40.078735,15.119934,
1396206106668470690,-80,40.91339,-60.3714,62.179565,56.27899,-19.918823,46.37909,
1396206106688246080,2,-15.838623,-39.89868,15.299988,
1396206106688246080,-80,41.581726,-58.68988,61.523438,56.27899,-19.918823,46.37909,
1396206106709364244,2,-15.7196045,-39.59961,15.179443,
1396206106709364244,-80,41.748047,-58.184814,60.046387,56.27899,-19.918823,46.37909,
1396206106728590319,2,-15.59906,-39.35852,14.93988,
1396206106728590319,-80,40.91339,-58.68988,60.21118,56.27899,-19.918823,46.37909,
1396206106748670885,2,-15.359497,-39.29901,15.058899,
1396206106748670885,-80,41.581726,-59.025574,62.835693,56.27899,-19.918823,46.37909,
1396206106768781969,2,-15.299988,-39.239502,14.759827,
1396206106768781969,-80,40.411377,-59.866333,60.046387,56.27899,-19.918823,46.37909,
1396206106829298326,2,-15.058899,-39.118958,14.6987915,
1396206106829298326,-80,41.24756,-59.698486,61.523438,56.27899,-19.918823,46.37909,
1396206106849378893,2,-15.179443,-39.118958,14.579773,
1396206106849378893,-80,40.91339,-58.68988,60.86731,56.27899,-19.918823,46.37909,
1396206106869551012,2,-15.299988,-39.29901,14.6987915,
1396206106869551012,-80,40.745544,-59.866333,61.03058,56.27899,-19.918823,46.37909,
1396206106889723131,2,-15.058899,-39.29901,14.819336,
1396206106889723131,-80,42.91687,-58.68988,61.195374,56.27899,-19.918823,46.37909,
1396206106910353014,2,-14.819336,-39.538574,14.759827,
1396206106910353014,-80,43.084717,-60.539246,62.34436,56.27899,-19.918823,46.37909,
1396206106930006334,2,-14.4592285,-39.479065,14.93988,
1396206106930006334,-80,43.251038,-59.698486,61.523438,56.27899,-19.918823,46.37909,
1396206106950086901,2,-14.399719,-39.419556,14.6987915,
1396206106950086901,-80,42.582703,-59.698486,60.86731,56.27899,-19.918823,46.37909,
1396206106971205065,2,-14.338684,-39.59961,14.819336,
1396206106971205065,-80,41.914368,-59.698486,61.195374,56.27899,-19.918823,46.37909,
