1 2 3 4 5 6 7 8 9 10 11 12 13 14 15 16 17 18 19 20 21 22 23 24 25 26 27 28 29 30 31 32 33 34 35 36 37 38 39 40 
36 2 3 4 5 6 7 8 9 10 11 12 13 14 15 16 17 18 19 20 21 22 23 24 25 26 27 28 29 30 31 32 33 34 35 36 37 38 39 40 
36 4 3 4 5 6 4 8 9 10 11 12 13 14 15 4 17 18 19 20 21 22 23 24 25 26 27 28 29 30 31 32 33 34 35 36 37 38 39 40 
36 36 36 36 5 36 36 8 9 10 11 12 13 14 15 36 17 18 19 36 21 22 23 24 25 26 27 28 29 30 31 32 33 34 35 36 37 38 39 40 
36 36 36 36 5 36 36 8 9 10 11 12 13 14 15 36 17 18 19 36 21 22 23 24 25 26 27 28 29 30 31 32 33 34 35 36 37 38 39 40 
31 31 31 31 31 31 31 31 9 10 11 12 13 14 15 31 17 18 19 31 21 22 23 24 25 26 27 28 29 30 31 32 31 34 35 31 37 38 39 40 
31 31 31 31 31 31 31 31 9 10 11 12 13 14 15 31 31 18 19 31 21 22 23 24 25 26 27 28 29 30 31 32 31 34 35 31 37 38 39 40 
31 31 31 31 31 31 31 31 9 10 11 12 13 14 15 31 31 18 19 31 21 22 23 31 25 26 27 28 29 30 31 32 31 34 35 31 37 38 39 40 
31 31 31 31 31 31 31 31 9 10 11 12 13 14 15 31 31 18 19 31 21 22 23 31 25 26 27 28 29 30 31 32 31 34 35 31 37 38 39 40 
31 31 31 31 31 31 31 31 27 10 11 27 13 14 15 31 31 18 19 31 21 22 23 31 25 26 27 28 29 30 31 32 31 34 35 31 37 38 39 40 
10 10 10 10 10 10 10 10 27 10 11 27 13 14 15 10 10 18 19 10 21 22 23 10 25 26 27 28 29 30 10 32 10 10 35 10 37 38 39 40 
11 11 11 11 11 11 11 11 27 11 11 27 13 14 15 11 11 18 19 11 21 22 23 11 25 26 27 28 29 30 11 32 11 11 35 11 37 38 39 40 
11 11 11 11 11 11 11 11 11 11 11 11 13 14 15 11 11 18 19 11 21 22 23 11 25 26 11 28 29 30 11 32 11 11 35 11 37 38 39 40 
13 13 13 13 13 13 13 13 13 13 13 13 13 14 15 13 13 18 19 13 21 22 23 13 25 26 13 28 29 30 13 32 13 13 35 13 37 38 39 40 
14 14 14 14 14 14 14 14 14 14 14 14 14 14 15 14 14 18 19 14 21 22 23 14 25 26 14 28 29 30 14 32 14 14 35 14 37 38 39 40 
15 15 15 15 15 15 15 15 15 15 15 15 15 15 15 15 15 18 19 15 21 22 23 15 25 26 15 28 29 30 15 32 15 15 35 15 37 38 39 40 
15 15 15 15 15 15 15 15 15 15 15 15 15 15 15 15 15 18 19 15 21 22 23 15 25 26 15 28 29 30 15 32 15 15 35 15 37 38 39 40 
15 15 15 15 15 15 15 15 15 15 15 15 15 15 15 15 15 18 19 15 21 22 23 15 25 26 15 28 29 30 15 32 15 15 35 15 37 38 39 40 
18 18 18 18 18 18 18 18 18 18 18 18 18 18 18 18 18 18 19 18 21 22 23 18 25 26 18 28 29 30 18 32 18 18 35 18 37 38 39 40 
18 18 18 18 18 18 18 18 18 18 18 18 18 18 18 18 18 18 38 18 21 22 23 18 25 26 18 38 29 30 18 32 18 18 35 18 37 38 39 40 
18 18 18 18 18 18 18 18 18 18 18 18 18 18 18 18 18 18 38 18 21 22 23 18 25 26 18 38 29 30 18 32 18 18 35 18 37 38 39 40 
18 18 18 18 18 18 18 18 18 18 18 18 18 18 18 18 18 18 38 18 18 22 23 18 25 26 18 38 18 30 18 32 18 18 35 18 37 38 39 40 
38 38 38 38 38 38 38 38 38 38 38 38 38 38 38 38 38 38 38 38 38 38 23 38 25 26 38 38 38 30 38 32 38 38 35 38 37 38 39 40 
23 23 23 23 23 23 23 23 23 23 23 23 23 23 23 23 23 23 23 23 23 23 23 23 25 26 23 23 23 23 23 32 23 23 35 23 23 23 39 40 
23 23 23 23 23 23 23 23 23 23 23 23 23 23 23 23 23 23 23 23 23 23 23 23 25 26 23 23 23 23 23 32 23 23 23 23 23 23 39 40 
23 23 23 23 23 23 23 23 23 23 23 23 23 23 23 23 23 23 23 23 23 23 23 23 23 26 23 23 23 23 23 32 23 23 23 23 23 23 23 40 
26 26 26 26 26 26 26 26 26 26 26 26 26 26 26 26 26 26 26 26 26 26 26 26 26 26 26 26 26 26 26 26 26 26 26 26 26 26 26 40 
26 26 26 26 26 26 26 26 26 26 26 26 26 26 26 26 26 26 26 26 26 26 26 26 26 26 26 26 26 26 26 26 26 26 26 26 26 26 26 40 
26 26 26 26 26 26 26 26 26 26 26 26 26 26 26 26 26 26 26 26 26 26 26 26 26 26 26 26 26 26 26 26 26 26 26 26 26 26 26 40 
26 26 26 26 26 26 26 26 26 26 26 26 26 26 26 26 26 26 26 26 26 26 26 26 26 26 26 26 26 26 26 26 26 26 26 26 26 26 26 40 
40 40 40 40 40 40 40 40 40 40 40 40 40 40 40 40 40 40 40 40 40 40 40 40 40 40 40 40 40 40 40 40 40 40 40 40 40 40 40 40 
40 40 40 40 40 40 40 40 40 40 40 40 40 40 40 40 40 40 40 40 40 40 40 40 40 40 40 40 40 40 40 40 40 40 40 40 40 40 40 40 
40 40 40 40 40 40 40 40 40 40 40 40 40 40 40 40 40 40 40 40 40 40 40 40 40 40 40 40 40 40 40 40 40 40 40 40 40 40 40 40 
40 40 40 40 40 40 40 40 40 40 40 40 40 40 40 40 40 40 40 40 40 40 40 40 40 40 40 40 40 40 40 40 40 40 40 40 40 40 40 40 
40 40 40 40 40 40 40 40 40 40 40 40 40 40 40 40 40 40 40 40 40 40 40 40 40 40 40 40 40 40 40 40 40 40 40 40 40 40 40 40 
40 40 40 40 40 40 40 40 40 40 40 40 40 40 40 40 40 40 40 40 40 40 40 40 40 40 40 40 40 40 40 40 40 40 40 40 40 40 40 40 
40 40 40 40 40 40 40 40 40 40 40 40 40 40 40 40 40 40 40 40 40 40 40 40 40 40 40 40 40 40 40 40 40 40 40 40 40 40 40 40 
40 40 40 40 40 40 40 40 40 40 40 40 40 40 40 40 40 40 40 40 40 40 40 40 40 40 40 40 40 40 40 40 40 40 40 40 40 40 40 40 
40 40 40 40 40 40 40 40 40 40 40 40 40 40 40 40 40 40 40 40 40 40 40 40 40 40 40 40 40 40 40 40 40 40 40 40 40 40 40 40 
40 40 40 40 40 40 40 40 40 40 40 40 40 40 40 40 40 40 40 40 40 40 40 40 40 40 40 40 40 40 40 40 40 40 40 40 40 40 40 40 
