546440185548,2,0.22937617,-0.5658682,0.2606722,
546450225831,2,0.22906418,-0.56594086,0.26000014,
546460235597,2,0.22864673,-0.5660972,0.25933838,
546470245363,2,0.22819066,-0.56632537,0.25862485,
546480255128,2,0.22772953,-0.56654394,0.25786933,
546490264894,2,0.22764027,-0.5665945,0.25745726,
546510345460,2,0.22770487,-0.56662023,0.25724655,
546520355226,2,0.22779024,-0.5667644,0.25703138,
546530364992,2,0.22783542,-0.5669254,0.25684166,
546540405275,2,0.22789845,-0.5670673,0.25663447,
546550415041,2,0.22795713,-0.567147,0.25643325,
546560455324,2,0.22797698,-0.5672386,0.25628924,
546570434572,2,0.22797972,-0.56727064,0.2561704,
546580474855,2,0.22797905,-0.56726366,0.25608072,
546590484621,2,0.22788696,-0.5671933,0.25607514,
546600311281,2,0.22777587,-0.56710255,0.25608155,
546610534670,2,0.22758287,-0.5670701,0.25606686,
546620544435,2,0.227267,-0.5670914,0.25605476,
546630554201,2,0.22686033,-0.56718206,0.25605613,
546640563966,2,0.22647074,-0.5673427,0.25603917,
546650573732,2,0.22611031,-0.5674256,0.25599104,
546660614015,2,0.22572279,-0.5675468,0.25597534,
546670623781,2,0.22585383,-0.5675046,0.2566493,
546680633547,2,0.22591704,-0.5674281,0.25729337,
546690673830,2,0.22633827,-0.56717974,0.25851807,
546700683595,2,0.2267609,-0.56686985,0.2596961,
546710693361,2,0.22727153,-0.5665064,0.26088488,
546720733644,2,0.22857203,-0.56577015,0.26296753,
546730590822,2,0.22984292,-0.56503284,0.26488566,
546740600587,2,0.231186,-0.56424475,0.26688212,
546750610353,2,0.23252165,-0.5634204,0.26899785,
546760620119,2,0.23382185,-0.5625976,0.27106854,
546770629884,2,0.23507275,-0.5617674,0.27311137,
546780670167,2,0.23677886,-0.5606838,0.27578107,
546790679933,2,0.2385261,-0.5595997,0.27837914,
546800689699,2,0.24037647,-0.55856985,0.2808885,
546810913087,2,0.2422171,-0.55759084,0.28339165,
546820922853,2,0.24401912,-0.55662525,0.28589106,
546830932619,2,0.24582963,-0.5557157,0.2883099,
546840942384,2,0.24762625,-0.5549118,0.29070842,
546850952150,2,0.24941224,-0.5540957,0.2931583,
546860809328,2,0.2512736,-0.5533254,0.29564673,
546870849611,2,0.25311637,-0.55242795,0.2982962,
546880859376,2,0.25497603,-0.5513507,0.3011123,
546890869142,2,0.2568807,-0.5501436,0.30405465,
546900878908,2,0.25875387,-0.5489025,0.30706808,
546910919191,2,0.26081377,-0.54786706,0.30956775,
546920898439,2,0.26277986,-0.547016,0.31104994,
546930908205,2,0.2652931,-0.54575056,0.31289122,
546940917970,2,0.26740298,-0.5447711,0.31443742,
546950958253,2,0.26923373,-0.5439301,0.31602892,
546960968019,2,0.27102327,-0.5430579,0.3178489,
546971008302,2,0.27291307,-0.5420939,0.32009384,
546981018068,2,0.27399853,-0.5413726,0.32161835,
546991210939,2,0.27538285,-0.540365,0.3234346,
547001068117,2,0.27703556,-0.5391572,0.32543805,
547011077882,2,0.27887273,-0.5378459,0.32760808,
547021118165,2,0.2808174,-0.53654474,0.32991874,
547031097413,2,0.2828639,-0.53537375,0.33221224,
547041137697,2,0.2849002,-0.5343714,0.33444113,
547051330568,2,0.28692105,-0.5334436,0.33657807,
547061370851,2,0.28890052,-0.53264827,0.33864203,
547071411134,2,0.29070395,-0.53194505,0.3406796,
547081390382,2,0.29238904,-0.5313149,0.34267664,
547091400148,2,0.29397666,-0.530809,0.3446357,
547101440431,2,0.2954807,-0.53035295,0.34658933,
547111450197,2,0.2969351,-0.52975374,0.34856528,
547121490480,2,0.2983203,-0.52901214,0.3506363,
547131530763,2,0.29983842,-0.52807164,0.3527016,
547141326906,2,0.3014394,-0.5269072,0.35482198,
547151367189,2,0.30305028,-0.5256578,0.35701135,
547161376955,2,0.3046801,-0.52440256,0.35917413,
547171417238,2,0.3062352,-0.52320343,0.36132526,
547181427004,2,0.30715713,-0.5223889,0.36268282,
547191436769,2,0.30797443,-0.521666,0.36396873,
547201446535,2,0.3086963,-0.52098715,0.36520818,
547211639406,2,0.3093911,-0.520389,0.3664424,
547221649171,2,0.3100564,-0.519749,0.36771214,
547231689455,2,0.31076074,-0.519122,0.36902168,
547241729738,2,0.31152698,-0.5184334,0.37039497,
547251739504,2,0.3123544,-0.51767313,0.3718679,
547261749269,2,0.3133576,-0.5168095,0.37350538,
547271575929,2,0.31449562,-0.51596826,0.3751099,
547281768800,2,0.31557322,-0.51515394,0.3767172,
547291809084,2,0.3165953,-0.5143983,0.37821653,
547301818849,2,0.31750283,-0.5137029,0.37959367,
547311828615,2,0.31831416,-0.5131004,0.38083804,
547321838380,2,0.31897634,-0.5125937,0.38203767,
547331878664,2,0.31947276,-0.5121617,0.38323018,
547341888429,2,0.31992152,-0.5117603,0.38441336,
547351898195,2,0.32039475,-0.5113696,0.38562825,
547361907960,2,0.32099167,-0.51094806,0.38685104,
547371948244,2,0.32172453,-0.5104651,0.38805464,
547381988527,2,0.32253656,-0.5099664,0.38923612,
547391998293,2,0.3233941,-0.5094344,0.39040074,
547402008058,2,0.32422778,-0.50893605,0.3915477,
547412017824,2,0.32513037,-0.50843614,0.39280456,
547422058107,2,0.32597587,-0.50806576,0.3940131,
547432067873,2,0.3268293,-0.5076987,0.39515916,
547442077638,2,0.32781553,-0.50735307,0.39630142,
547452087404,2,0.3288921,-0.50698084,0.39738804,
547462127687,2,0.32995892,-0.50660205,0.39849508,
547472137453,2,0.33068633,-0.5064821,0.3990983,
547482177736,2,0.331367,-0.5063962,0.399716,
547492156984,2,0.33205342,-0.50635546,0.4003145,
547502197267,2,0.33279318,-0.5062678,0.40088022,
547512207033,2,0.33356255,-0.50604606,0.40144393,
547522216798,2,0.33435607,-0.50581944,0.4020253,
547532257082,2,0.33512676,-0.50557697,0.40268725,
547542083742,2,0.33587465,-0.5054053,0.4034156,
547552124025,2,0.3365296,-0.5052583,0.40420318,
547562194825,2,0.3371328,-0.5051446,0.40497515,
547572143556,2,0.33771947,-0.50510454,0.4056644,
547582336427,2,0.3382609,-0.5050341,0.40628496,
547592376710,2,0.33870533,-0.5049539,0.4069047,
547602203371,2,0.33895877,-0.50486887,0.40758514,
547612243654,2,0.33915976,-0.50481695,0.40823966,
547622253419,2,0.33923498,-0.50487906,0.40890756,
547632263185,2,0.33933705,-0.5049761,0.40950957,
547642272951,2,0.339436,-0.50510263,0.41009453,
547652282716,2,0.33959547,-0.5051866,0.41061854,
547662506105,2,0.33981448,-0.50522786,0.41109186,
547672515871,2,0.34004647,-0.5051445,0.41156137,
547682525636,2,0.34029478,-0.50502264,0.4120416,
547692565919,2,0.34057748,-0.50488263,0.41250837,
547702575685,2,0.34089518,-0.504796,0.41292906,
547712585451,2,0.34124106,-0.50469947,0.41327637,
547722625734,2,0.34158075,-0.5046965,0.41355467,
547732635499,2,0.34198168,-0.50463474,0.4137056,
547742645265,2,0.34240443,-0.50452954,0.4137903,
547752655031,2,0.34303635,-0.5042094,0.41415054,
547762664796,2,0.34372386,-0.5038215,0.4144882,
547772705079,2,0.3441897,-0.50359446,0.41458726,
547782714845,2,0.34465572,-0.5033516,0.41468444,
547792755128,2,0.34515885,-0.50311905,0.4147489,
547802734376,2,0.34565848,-0.5028082,0.41480544,
547812774660,2,0.34610528,-0.5024036,0.41492367,
547822784425,2,0.34652844,-0.50203043,0.41510102,
547832794191,2,0.34681815,-0.50178295,0.41515124,
547842834474,2,0.34704876,-0.5016766,0.4151936,
547852874757,2,0.34715137,-0.50168544,0.41523328,
547862854005,2,0.34716576,-0.50179195,0.41525888,
547872894288,2,0.34714964,-0.501963,0.41524294,
547882904054,2,0.34731174,-0.502054,0.41552055,
547892913820,2,0.3473807,-0.5022095,0.41583303,
547902923585,2,0.34740695,-0.5023826,0.4161476,
547912963868,2,0.34741795,-0.5025476,0.41641808,
547922790529,2,0.34737778,-0.50264007,0.41666222,
547932800294,2,0.34756327,-0.5025684,0.4171207,
547942840578,2,0.34769255,-0.5025126,0.41756204,
547952850343,2,0.34779602,-0.5024353,0.4180074,
547962860109,2,0.34774718,-0.50239086,0.41837913,
547973083498,2,0.34772247,-0.5023272,0.4187402,
547983093263,2,0.3477394,-0.5022297,0.41911107,
547993103029,2,0.34786892,-0.5020615,0.41948393,
548003143312,2,0.3481006,-0.5017966,0.41986728,
548013153078,2,0.34834635,-0.5014695,0.42030028,
548023193361,2,0.34862992,-0.5011566,0.42073435,
548033203127,2,0.348897,-0.500823,0.42116934,
548043212892,2,0.34905413,-0.50061977,0.4215993,
548053222658,2,0.3491747,-0.50053024,0.42194593,
548063232423,2,0.34914225,-0.5004968,0.42229003,
548073089601,2,0.3490945,-0.5005598,0.42254072,
548083099367,2,0.34895086,-0.5007045,0.42275506,
548093109132,2,0.34902692,-0.5007487,0.42329025,
548103118898,2,0.34898302,-0.50093013,0.42378065,
548113128664,2,0.3488612,-0.50119406,0.42413992,
548123168947,2,0.3486261,-0.50153923,0.42437583,
548133178713,2,0.34828654,-0.50192827,0.4245017,
548143218996,2,0.34788862,-0.50233006,0.42452288,
548153228761,2,0.347386,-0.5027762,0.4244755,
548163238527,2,0.3469402,-0.5031784,0.42440557,
548173248293,2,0.34655806,-0.503556,0.4243311,
548183258058,2,0.34619057,-0.5038041,0.4243279,
548193298341,2,0.34589523,-0.5039612,0.42441472,
548203308107,2,0.3456897,-0.5039723,0.42455122,
548213531496,2,0.34541342,-0.5039773,0.42445585,
548223541261,2,0.34520674,-0.50391424,0.4243482,
548233551027,2,0.3450245,-0.50388926,0.42421257,
548243591310,2,0.3448284,-0.50396216,0.4240433,
548253601076,2,0.34467137,-0.5040835,0.42403278,
548263458253,2,0.34440336,-0.50431335,0.4239231,
548273468019,2,0.34410048,-0.50466585,0.4236991,
548283477785,2,0.34379324,-0.5050061,0.423411,
548293487550,2,0.34353346,-0.505302,0.4230952,
548303497316,2,0.3433525,-0.5054495,0.42278874,
548313690187,2,0.34327087,-0.50543433,0.42253414,
548323730470,2,0.34329787,-0.5052749,0.42233694,
548333740236,2,0.34337923,-0.5051862,0.42208648,
548343780519,2,0.34346586,-0.5050876,0.42193767,
548353820802,2,0.3435328,-0.5051218,0.42181915,
548363830568,2,0.34356117,-0.5052207,0.42166737,
548373840333,2,0.34354106,-0.5054634,0.42157298,
548383850099,2,0.3435279,-0.50568295,0.4213975,
548393859865,2,0.3434924,-0.50602806,0.421206,
548403869630,2,0.34345025,-0.50635004,0.4210218,
548413909913,2,0.3434761,-0.5065848,0.42086864,
548423950197,2,0.3434891,-0.506738,0.4207357,
548433959962,2,0.34360448,-0.50675046,0.42062134,
548443969728,2,0.34382653,-0.5065972,0.42051628,
548453796388,2,0.3441028,-0.5063513,0.42050084,
548463836671,2,0.34460127,-0.50602484,0.4206298,
548473846437,2,0.3450263,-0.5057247,0.4208555,
548483886720,2,0.34538507,-0.5054461,0.42111522,
548494079591,2,0.34571433,-0.5052449,0.42134166,
548504089357,2,0.3460444,-0.50510454,0.42153382,
548514099122,2,0.34632194,-0.50497013,0.42176628,
548524108888,2,0.34662354,-0.50486785,0.4219819,
548534149171,2,0.34694374,-0.5047742,0.42221722,
548544158937,2,0.3472456,-0.5046808,0.42251807,
548554168702,2,0.34755048,-0.50467134,0.42285693,
548564025880,2,0.34788555,-0.50460625,0.42320424,
548574035646,2,0.34817928,-0.5045179,0.42359865,
548584045412,2,0.34842318,-0.50443214,0.4240309,
548594055177,2,0.3486507,-0.5043032,0.424479,
548604095460,2,0.34893537,-0.5041441,0.4250756,
548614105226,2,0.34930196,-0.50401956,0.42558894,
548624114992,2,0.34958166,-0.50388366,0.42610466,
548634338380,2,0.34981838,-0.5037976,0.4265627,
548644348146,2,0.3499851,-0.50369483,0.42696604,
548654388429,2,0.35015464,-0.50363815,0.42724574,
548664367677,2,0.35026783,-0.5036385,0.4274306,
548674407960,2,0.35029966,-0.503646,0.42754245,
548684417726,2,0.35033232,-0.5036324,0.4275835,
548694244386,2,0.35026276,-0.5035503,0.4277106,
548704284670,2,0.35016602,-0.5032351,0.42796445,
548714294435,2,0.3500787,-0.50277704,0.42839757,
548724304201,2,0.35008842,-0.50214094,0.4289829,
548734313966,2,0.35018107,-0.50145584,0.4297037,
548744354250,2,0.35031876,-0.50075155,0.43044102,
548754364015,2,0.3504871,-0.50015926,0.43115905,
548764373781,2,0.35058483,-0.49962544,0.43184036,
548774383547,2,0.35066575,-0.49910894,0.43242133,
548784423830,2,0.350753,-0.49875054,0.4328992,
548794647218,2,0.35091758,-0.498488,0.433258,
548804626466,2,0.3510322,-0.49827945,0.43362963,
548814666750,2,0.35119608,-0.49811777,0.43398502,
548824707033,2,0.35134527,-0.49804154,0.4343733,
548834533693,2,0.35167187,-0.49799627,0.43465492,
548844573976,2,0.35211688,-0.49796042,0.4348756,
548854583742,2,0.35261485,-0.4980185,0.43506777,
548864593507,2,0.3532838,-0.49802485,0.43515873,
548874603273,2,0.3540603,-0.49800444,0.43519145,
548884582521,2,0.35492888,-0.49803963,0.4351808,
548894653322,2,0.35551822,-0.49829006,0.43482852,
548904663087,2,0.3561571,-0.49853617,0.4344784,
548914672853,2,0.35676736,-0.49880853,0.434072,
548924713136,2,0.3572318,-0.4990961,0.43356654,
548934692384,2,0.35750866,-0.49934998,0.43297347,
548944702150,2,0.3574159,-0.4996203,0.43240067,
548954711916,2,0.3570916,-0.4997624,0.4319395,
548964752199,2,0.3566085,-0.49986458,0.4315616,
548974792482,2,0.35598984,-0.49985725,0.4311453,
548984802248,2,0.3553242,-0.49970746,0.4308473,
548994812013,2,0.35463202,-0.49944544,0.43065098,
549004821779,2,0.35388327,-0.4990403,0.43052804,
549014831544,2,0.353085,-0.4985706,0.4304284,
549024871828,2,0.35227245,-0.4980164,0.43031076,
549034881593,2,0.35124213,-0.4974073,0.43006313,
549044891359,2,0.3501938,-0.4967378,0.42989096,
549054901125,2,0.3491881,-0.49596536,0.42986304,
549064941408,2,0.3483146,-0.49503192,0.4300002,
549074981691,2,0.34750688,-0.4942139,0.4301012,
549084991456,2,0.34695372,-0.49338797,0.4303121,
549095001222,2,0.34667477,-0.49269703,0.43057656,
549105010988,2,0.346541,-0.49218822,0.43088868,
549115051271,2,0.3464241,-0.49193957,0.43119144,
549125061037,2,0.34630868,-0.49189818,0.43139803,
549135070802,2,0.34614766,-0.4920763,0.43151045,
549145111085,2,0.34592918,-0.49243304,0.43148077,
549155120851,2,0.34572777,-0.49278668,0.43138102,
549165130617,2,0.34554106,-0.49308443,0.43123603,
549175140382,2,0.34539554,-0.49320522,0.4310196,
549185180665,2,0.34514767,-0.4932059,0.43083328,
549195190431,2,0.34485352,-0.4930918,0.43065098,
549205200197,2,0.3445257,-0.4929668,0.43046924,
549215240480,2,0.3443828,-0.4928049,0.4304217,
549225250245,2,0.34436712,-0.49268934,0.43042684,
549235260011,2,0.34446076,-0.4926603,0.4304835,
549245300294,2,0.34438476,-0.49300835,0.43024087,
549255493165,2,0.34422874,-0.49351963,0.42982358,
549265502931,2,0.3440822,-0.49406013,0.42930365,
549275360109,2,0.34376824,-0.49458122,0.42845476,
549285339357,2,0.34341487,-0.49508062,0.42723343,
549295349122,2,0.34308,-0.4955594,0.42577487,
549305389406,2,0.3428174,-0.49593484,0.42439976,
549315399171,2,0.3427426,-0.49625745,0.4232117,
549325408937,2,0.34281078,-0.49647954,0.42226818,
549335449220,2,0.3430219,-0.49661267,0.4216229,
549345458986,2,0.34328365,-0.49675152,0.42099935,
549355468751,2,0.3434746,-0.4970363,0.42027605,
549365478517,2,0.343463,-0.49743652,0.41929364,
549375488283,2,0.3432378,-0.49775618,0.41824928,
549385528566,2,0.3429261,-0.49792477,0.41719437,
549395568849,2,0.34249967,-0.49795607,0.41626865,
549405578615,2,0.3421108,-0.49784598,0.41549632,
549415588380,2,0.3418013,-0.49785995,0.41481113,
549425567628,2,0.34141958,-0.49821767,0.4142326,
549435638429,2,0.34101164,-0.498987,0.41357148,
549445648195,2,0.3404916,-0.5001243,0.41267854,
549455657960,2,0.3397873,-0.5014777,0.41159236,
549465667726,2,0.3390722,-0.5028611,0.41035867,
549475677492,2,0.3385793,-0.5042429,0.40914065,
549485717775,2,0.33842096,-0.5053933,0.40828726,
549495727541,2,0.33851284,-0.5062845,0.40769687,
549505767824,2,0.3386601,-0.5069882,0.40737256,
549515777590,2,0.3384369,-0.5077502,0.4070822,
549525787355,2,0.3379501,-0.5084465,0.4069128,
549535827638,2,0.33721188,-0.50910014,0.40672937,
549545837404,2,0.33634636,-0.5096904,0.4064641,
549555877687,2,0.33545777,-0.51018894,0.40618342,
549565887453,2,0.33457398,-0.5105793,0.4059669,
549575927736,2,0.33373687,-0.510981,0.40587172,
549585906984,2,0.33286104,-0.51138306,0.40599608,
549595947267,2,0.331873,-0.5119113,0.40628955,
549605957033,2,0.3305177,-0.5127327,0.40621108,
549615966798,2,0.32902992,-0.513601,0.40604237,
549625976564,2,0.32742146,-0.5145689,0.4057193,
549636016847,2,0.32576895,-0.51564795,0.40521932,
549646026613,2,0.3241827,-0.51682174,0.40456358,
549656036378,2,0.32272375,-0.518037,0.4037793,
549666046144,2,0.32142752,-0.5192509,0.40302122,
549676055910,2,0.3203469,-0.5203771,0.4020962,
549686096193,2,0.31943923,-0.52147985,0.40106,
549696075441,2,0.31882638,-0.52256197,0.39985368,
549706115724,2,0.31843153,-0.52352333,0.3985612,
549716125490,2,0.31820798,-0.52439594,0.39718866,
549726165773,2,0.31805286,-0.5252398,0.39584228,
549736206056,2,0.31794447,-0.525942,0.39458996,
549746215822,2,0.3178704,-0.5266356,0.3934266,
549756225587,2,0.31786528,-0.5272832,0.39229405,
549766265871,2,0.31777924,-0.5279487,0.391255,
549776306154,2,0.31763297,-0.5287614,0.39020637,
549786285402,2,0.31734192,-0.5298345,0.38911298,
549796295167,2,0.31681493,-0.5310476,0.38795948,
549806335451,2,0.31610525,-0.5324243,0.3867527,
549816314699,2,0.3152346,-0.53378236,0.38550407,
549826385499,2,0.31439602,-0.5349804,0.384397,
549836395265,2,0.3136732,-0.5358973,0.38335198,
549846588136,2,0.31311315,-0.5365047,0.3824643,
549856414796,2,0.3126719,-0.53706574,0.38160324,
549866424562,2,0.3120354,-0.53775656,0.38030955,
549876434328,2,0.3116527,-0.53852147,0.37912953,
549886474611,2,0.31147593,-0.5394808,0.37789595,
549896484376,2,0.31137234,-0.5406078,0.37655947,
549906494142,2,0.311363,-0.54189676,0.37491184,
549916534425,2,0.31187308,-0.5429218,0.37363487,
549926544191,2,0.31224355,-0.5438604,0.3721878,
549936553956,2,0.31248894,-0.54466146,0.37067962,
549946563722,2,0.31268752,-0.5452296,0.3692167,
549956604005,2,0.3130079,-0.54551893,0.36796325,
549966613771,2,0.31289464,-0.5459411,0.36628032,
549976623537,2,0.31305173,-0.54612803,0.364847,
549986663820,2,0.31342214,-0.54606736,0.36369026,
549996704103,2,0.31393486,-0.54589176,0.3626845,
550006683351,2,0.31448087,-0.5455981,0.36169475,
550016723634,2,0.31477463,-0.54519653,0.36065075,
550026733400,2,0.31444812,-0.5445749,0.35943222,
550036743165,2,0.3138136,-0.54332185,0.35882318,
550046783449,2,0.31099403,-0.5423926,0.35663897,
550056793214,2,0.307961,-0.5412875,0.35467756,
550066833498,2,0.30585164,-0.53968316,0.35409904,
550076873781,2,0.30420774,-0.5381445,0.3540393,
550086853029,2,0.30259758,-0.53715074,0.3536745,
550096893312,2,0.30154744,-0.53656477,0.3536543,
550106903078,2,0.30092055,-0.5363445,0.35372227,
550116943361,2,0.3004079,-0.53656256,0.35371312,
550126922609,2,0.29972473,-0.5369649,0.35365498,
550136962892,2,0.29860672,-0.5375392,0.3533381,
550146972658,2,0.297617,-0.53784704,0.35367787,
550156982423,2,0.2963088,-0.53825545,0.35375372,
550166992189,2,0.2949817,-0.53863645,0.35377705,
550177001955,2,0.29372016,-0.5389086,0.35382184,
550187042238,2,0.29237515,-0.5391519,0.3535569,
550197082521,2,0.291155,-0.5392404,0.353318,
550207092287,2,0.29006445,-0.53914016,0.35317686,
550217102052,2,0.28914934,-0.538778,0.35319144,
550227111818,2,0.28762335,-0.53869593,0.35242656,
550237152101,2,0.28609717,-0.5386252,0.35169223,
550247161867,2,0.28502795,-0.53833395,0.35171112,
550257202150,2,0.28387767,-0.5382042,0.35171142,
550267211916,2,0.28286922,-0.53820163,0.35153055,
550277221681,2,0.28187624,-0.53836703,0.35129723,
550287231447,2,0.28096718,-0.5386243,0.3509922,
550297271730,2,0.28014272,-0.53878045,0.3506327,
550307312013,2,0.27932218,-0.538925,0.35026056,
550317291261,2,0.27854067,-0.5389424,0.34983933,
550327331544,2,0.27770218,-0.53892726,0.34939632,
550337341310,2,0.27688283,-0.5388761,0.3488079,
550347351076,2,0.27609292,-0.5388491,0.34809276,
550357543947,2,0.2753202,-0.53890157,0.34730318,
550367584230,2,0.27454433,-0.5390352,0.3464643,
550377624513,2,0.27378738,-0.53932965,0.3455269,
550387603761,2,0.27298427,-0.5396977,0.34439725,
550397430421,2,0.2723005,-0.5400858,0.34308714,
550407440187,2,0.27172706,-0.5404139,0.34166566,
550417480470,2,0.2712527,-0.5406395,0.3401955,
550427490236,2,0.27081573,-0.54081035,0.3387953,
550437530519,2,0.27046132,-0.54096764,0.3375043,
550447692873,2,0.27007797,-0.5412984,0.33622837,
550457550050,2,0.26974532,-0.5417952,0.33500996,
550467559816,2,0.26942822,-0.5424154,0.33373848,
550477569582,2,0.2691513,-0.5433211,0.33232695,
550487579347,2,0.2688348,-0.5445184,0.33080977,
550497619630,2,0.26844063,-0.54598564,0.32916096,
550507629396,2,0.26788497,-0.5475789,0.32740447,
550517639162,2,0.26721975,-0.549193,0.32549804,
550527648927,2,0.26643747,-0.55073404,0.3234766,
550537658693,2,0.2655577,-0.552149,0.32137194,
550547698976,2,0.26463842,-0.5534044,0.3192762,
550557708742,2,0.2637467,-0.5545385,0.31718078,
550567749025,2,0.26289073,-0.5556077,0.31515303,
550577789308,2,0.26218975,-0.55673116,0.31315613,
550587768556,2,0.2615676,-0.557915,0.3112327,
550597778322,2,0.2609782,-0.5592021,0.30940378,
550607818605,2,0.26034904,-0.56060463,0.30762136,
550617828371,2,0.259591,-0.5618952,0.3057823,
550627838136,2,0.25859767,-0.5629947,0.30386484,
550637878419,2,0.25738862,-0.5638753,0.30187595,
550647888185,2,0.25602242,-0.5645834,0.29990637,
550657928468,2,0.25437522,-0.56535333,0.29802954,
550667968751,2,0.2526998,-0.56612724,0.29640836,
550677947999,2,0.2510463,-0.5669606,0.29501787,
550687988283,2,0.24960956,-0.56770116,0.29372603,
550697998048,2,0.24854262,-0.56823915,0.29244015,
550708007814,2,0.24778719,-0.5684167,0.29106063,
550718017579,2,0.2470738,-0.56823516,0.28938437,
550728057863,2,0.24641462,-0.56776905,0.28763044,
550738067628,2,0.24560857,-0.5669289,0.28597414,
550748077394,2,0.24460712,-0.5657153,0.28448302,
550758117677,2,0.24350724,-0.5641218,0.28327185,
550768127443,2,0.24244784,-0.56215966,0.28243345,
550778167726,2,0.24155927,-0.5601784,0.28201413,
550788177492,2,0.24081284,-0.5582552,0.2819968,
550798217775,2,0.23940553,-0.55700034,0.28146535,
550808227541,2,0.2379457,-0.55625176,0.28103954,
550818237306,2,0.23695423,-0.55577606,0.28138486,
550828247072,2,0.23553434,-0.5558214,0.28125602,
550838256837,2,0.23389985,-0.5562535,0.2807011,
550848297121,2,0.23213178,-0.55688155,0.2798091,
550858306886,2,0.23021895,-0.55765086,0.27862152,
550868316652,2,0.22839509,-0.55837834,0.27746743,
550878326417,2,0.22684452,-0.55901587,0.27640986,
550888366701,2,0.22571367,-0.5596492,0.2754553,
550898559572,2,0.224826,-0.5602479,0.2746833,
550908599855,2,0.22417301,-0.5608537,0.2739181,
550918609621,2,0.22352529,-0.56148505,0.27297208,
550928619386,2,0.22288075,-0.5621004,0.27190572,
550938629152,2,0.22226459,-0.56280243,0.27067634,
550948638917,2,0.22153957,-0.56349283,0.26920062,
550958496095,2,0.22077309,-0.5641369,0.2676515,
550968505861,2,0.22001353,-0.5646132,0.26603895,
550978546144,2,0.21924347,-0.56492084,0.2644499,
550988555910,2,0.21854678,-0.56511533,0.26288974,
550998565675,2,0.21789642,-0.5651765,0.26143122,
551008575441,2,0.21724808,-0.5652076,0.25997674,
551018615724,2,0.21659936,-0.5651358,0.2586221,
551028625490,2,0.21604657,-0.56494856,0.25735125,
551038635255,2,0.2156156,-0.5646849,0.25622225,
551048675539,2,0.2153354,-0.56443214,0.25527808,
551058685304,2,0.21520334,-0.5642356,0.25446498,
551068695070,2,0.21496929,-0.5642427,0.25353128,
551078735353,2,0.21469292,-0.564499,0.25263634,
551088745119,2,0.21433961,-0.5649816,0.25164405,
551098968507,2,0.21389423,-0.5656648,0.25046986,
551108947755,2,0.21334049,-0.5664372,0.2491512,
551118988039,2,0.21272667,-0.5671487,0.24778315,
551128845216,2,0.2121113,-0.56768864,0.24624029,
551138854982,2,0.2117005,-0.56804955,0.24474275,
551148864748,2,0.21158013,-0.56824726,0.24335134,
551158874513,2,0.2110058,-0.5685315,0.2413013,
551168884279,2,0.21059641,-0.56859934,0.23944789,
551178924562,2,0.21031216,-0.56843317,0.23772295,
551188934328,2,0.21013996,-0.56797546,0.23607038,
551198944093,2,0.21004498,-0.5674448,0.23447774,
551208953859,2,0.2099657,-0.5670384,0.23297086,
551218994142,2,0.20971939,-0.56675863,0.23149376,
551229003908,2,0.2093775,-0.5665886,0.2301355,
551239044191,2,0.20893091,-0.5664145,0.22887664,
551249053956,2,0.20832422,-0.5661968,0.22773185,
551259063722,2,0.20753232,-0.56590754,0.22669694,
551269073488,2,0.20649451,-0.5656421,0.22573034,
551279113771,2,0.20519125,-0.565434,0.224764,
551289154054,2,0.20426589,-0.5650962,0.22463538,
551299163820,2,0.2032743,-0.5649436,0.22439364,
551309173585,2,0.20247173,-0.5650123,0.22407542,
551319152833,2,0.20133637,-0.5654556,0.22296247,
551329193117,2,0.20046636,-0.566113,0.221998,
551339202882,2,0.19984701,-0.56694186,0.22110981,
551349243165,2,0.19911662,-0.56781846,0.22003376,
551359252931,2,0.19842473,-0.56868935,0.21881868,
551369262697,2,0.19763716,-0.56941974,0.21745084,
551379302980,2,0.19664982,-0.5698356,0.21595564,
551389312745,2,0.19601429,-0.5697808,0.21529128,
551399322511,2,0.19524312,-0.56945676,0.21446735,
551409362794,2,0.1945192,-0.56895554,0.2136615,
551419372560,2,0.19380185,-0.56839037,0.2129386,
551429382325,2,0.193167,-0.567982,0.2123211,
551439422609,2,0.19259375,-0.56776303,0.2117954,
551449432374,2,0.19201332,-0.5675911,0.2113416,
551459442140,2,0.19133958,-0.56750906,0.21098177,
551469451906,2,0.1907102,-0.56753147,0.21060896,
551479492189,2,0.19008708,-0.5676229,0.21022134,
551489501955,2,0.18932065,-0.56783134,0.20969485,
551499542238,2,0.18844527,-0.56820285,0.2091938,
551509521486,2,0.18747562,-0.5687138,0.20863895,
551519531251,2,0.18643251,-0.56928474,0.20799577,
551529541017,2,0.18531317,-0.5699144,0.20722115,
551539581300,2,0.18410078,-0.5705591,0.20632493,
551549621584,2,0.18280372,-0.5712315,0.20521107,
551559631349,2,0.18139973,-0.5718499,0.20406316,
551569671632,2,0.1797128,-0.5724031,0.20257196,
551579681398,2,0.17808506,-0.5728176,0.20100819,
551589691164,2,0.17653956,-0.57313234,0.19945759,
551599731447,2,0.17524904,-0.5733227,0.19795452,
551609741213,2,0.17406842,-0.5734737,0.19652358,
551619934084,2,0.17299715,-0.5735968,0.19513081,
551629760744,2,0.17172347,-0.5737374,0.19338952,
551639953615,2,0.17053127,-0.57398766,0.19159105,
551649810793,2,0.16918916,-0.57434964,0.18979895,
551659820558,2,0.16755894,-0.57491994,0.18763076,
551669830324,2,0.16584817,-0.5755888,0.18530165,
551679840090,2,0.16408803,-0.5764028,0.18283431,
551689849855,2,0.16239305,-0.5772782,0.18031862,
551699859621,2,0.16079494,-0.57823473,0.17784636,
551709869386,2,0.15932266,-0.5791352,0.17543703,
551719940187,2,0.15798433,-0.5799856,0.17323117,
551729949953,2,0.15666178,-0.5807739,0.17118129,
551739990236,2,0.15539736,-0.58140206,0.16915104,
551750000002,2,0.15411007,-0.5818773,0.16714244,
551760009767,2,0.1527159,-0.58220935,0.1652131,
551770019533,2,0.15129358,-0.58241016,0.16341391,
551780059816,2,0.14995523,-0.5826028,0.16165394,
551790069582,2,0.14870054,-0.5828278,0.15990469,
551800079347,2,0.14738646,-0.582961,0.15821415,
551810089113,2,0.14606029,-0.58294743,0.15645735,
551820129396,2,0.14459026,-0.58243805,0.15476838,
551830139162,2,0.14289458,-0.5815112,0.15326862,
551840148927,2,0.14081484,-0.580168,0.15220262,
551850158693,2,0.13855529,-0.57875127,0.15165451,
551860198976,2,0.13617133,-0.5773561,0.1515653,
551870208742,2,0.1338051,-0.57619095,0.15180604,
551880249025,2,0.1315611,-0.57536757,0.15244323,
551890258790,2,0.12932104,-0.5750145,0.15326293,
551900268556,2,0.1273364,-0.57512033,0.15392296,
551910278322,2,0.12544677,-0.57554823,0.15433234,
551920318605,2,0.123589575,-0.5761038,0.15432441,
551930297853,2,0.12159903,-0.5764334,0.15386885,
551940338136,2,0.11918807,-0.57642305,0.15263996,
551950347902,2,0.11678916,-0.5758221,0.15113808,
551960388185,2,0.11473119,-0.57447994,0.1496761,
551970397951,2,0.11333208,-0.5725799,0.14858668,
551980438234,2,0.11272189,-0.57038414,0.14813437,
551990447999,2,0.1128815,-0.5681001,0.14838327,
552000457765,2,0.11286998,-0.5660597,0.14827845,
552010498048,2,0.11311963,-0.5644932,0.14855869,
552020507814,2,0.11324242,-0.56349134,0.14896442,
552030517579,2,0.11308718,-0.56325233,0.14909606,
552040740968,2,0.11307283,-0.5635893,0.14961123,
552050537111,2,0.11263774,-0.56460166,0.14967631,
552060577394,2,0.111807466,-0.5659158,0.1492168,
552070587160,2,0.110713735,-0.5672366,0.14852561,
552080596925,2,0.10964872,-0.5683847,0.14777298,
552090606691,2,0.10907522,-0.5692647,0.14736556,
552100646974,2,0.10887751,-0.56992024,0.14717753,
552110687257,2,0.10913411,-0.5704084,0.14718397,
552120666505,2,0.10995093,-0.5708112,0.1476005,
552130676271,2,0.11089878,-0.5712837,0.14806819,
552140716554,2,0.11194551,-0.5717562,0.14858904,
552150726320,2,0.11291064,-0.5722331,0.1488826,
552160766603,2,0.11375436,-0.57269675,0.1489241,
552170745851,2,0.11460841,-0.57320476,0.14888795,
552180786134,2,0.11538629,-0.573691,0.14870214,
552190795900,2,0.11609055,-0.57404995,0.14848731,
552200805665,2,0.116845876,-0.574314,0.14826925,
552210876466,2,0.11768308,-0.57448137,0.14808962,
552220855714,2,0.11853047,-0.57456166,0.14799586,
552230895998,2,0.11951287,-0.5745928,0.14801955,
552240905763,2,0.12050356,-0.5745902,0.14809833,
552250915529,2,0.12168358,-0.57460546,0.14818552,
552260925294,2,0.12320693,-0.5745839,0.14888102,
552270935060,2,0.12489158,-0.574743,0.14969611,
552280975343,2,0.12664326,-0.57511187,0.15073726,
552290985109,2,0.12823421,-0.57575303,0.1517505,
552301025392,2,0.12959337,-0.576704,0.15258537,
552311035158,2,0.13132013,-0.5777111,0.1535403,
552321044923,2,0.13293071,-0.57865727,0.15421042,
552331054689,2,0.13455608,-0.5793694,0.15466271,
552341094972,2,0.1368582,-0.5796726,0.15565477,
552351104738,2,0.1393369,-0.57949495,0.1566568,
552361145021,2,0.14204219,-0.57889146,0.15777202,
552371154787,2,0.14436886,-0.57795554,0.15811385,
552381164552,2,0.14702755,-0.57666403,0.15881261,
552391204836,2,0.14990088,-0.5752053,0.15993065,
552401214601,2,0.15291244,-0.57388455,0.16140455,
552411224367,2,0.1558997,-0.57281524,0.16324042,
552421295167,2,0.15881872,-0.572065,0.16556428,
552431274416,2,0.16143554,-0.57171595,0.16810133,
552441284181,2,0.16359538,-0.57172704,0.17067336,
552451293947,2,0.16647801,-0.5716195,0.17489134,
552461303713,2,0.16885166,-0.5714892,0.17890637,
552471343996,2,0.17056933,-0.57137233,0.18254285,
552481353761,2,0.17200303,-0.5712342,0.18597294,
552491363527,2,0.17350876,-0.5708987,0.18933702,
552501373293,2,0.1752791,-0.57036036,0.19275866,
552511444093,2,0.17752273,-0.5694559,0.19635776,
552521453859,2,0.17955533,-0.5684016,0.19929229,
552531463625,2,0.1819061,-0.5670591,0.20211223,
552541473390,2,0.18466079,-0.5652927,0.20505375,
552551483156,2,0.18747467,-0.563208,0.20806466,
552561523439,2,0.1920244,-0.5602268,0.21379034,
552571533205,2,0.19622146,-0.5571401,0.21946114,
552581542970,2,0.20005995,-0.55404466,0.22513005,
552591583253,2,0.20364888,-0.551157,0.23076677,
552601593019,2,0.20695251,-0.54857165,0.23615912,
552611602785,2,0.20992085,-0.54633933,0.24135756,
552621643068,2,0.21378043,-0.5440269,0.24789928,
552631652833,2,0.2173689,-0.542019,0.2542694,
552641662599,2,0.22070101,-0.54028547,0.26054734,
552651672365,2,0.2238751,-0.53883934,0.26674968,
552661682130,2,0.22626024,-0.53794795,0.27195293,
552671722413,2,0.22862858,-0.5373127,0.2770019,
552681732179,2,0.23168306,-0.5366704,0.28285283,
552691772462,2,0.2346513,-0.53623253,0.28847575,
552701782228,2,0.23822808,-0.5355697,0.29470646,
552711791994,2,0.24162915,-0.53506285,0.3006164,
552721801759,2,0.24484885,-0.53458804,0.30617583,
552731811525,2,0.24789001,-0.53414565,0.31135672,
552741821290,2,0.2506142,-0.53364795,0.31608817,
552751861574,2,0.25301224,-0.5330353,0.32055935,
552761901857,2,0.25526035,-0.53227127,0.32472804,
552771911622,2,0.2571605,-0.5314047,0.32841295,
552781921388,2,0.25907257,-0.5304057,0.3319221,
552791961671,2,0.2610255,-0.5293431,0.33529007,
552801971437,2,0.2642232,-0.5276632,0.34019467,
552811981202,2,0.26734984,-0.52599335,0.34500304,
552822021486,2,0.27036893,-0.5243909,0.349716,
552832031251,2,0.27320156,-0.5228924,0.3542349,
552842041017,2,0.2761014,-0.52157134,0.35847256,
552852050783,2,0.27903882,-0.5203745,0.36244258,
552862030031,2,0.28174293,-0.5193317,0.3657176,
552872070314,2,0.28457984,-0.51823926,0.3687783,
552882080079,2,0.28749192,-0.5169956,0.37180108,
552892089845,2,0.29044065,-0.5156547,0.37483662,
552902130128,2,0.29352793,-0.5141566,0.37796873,
552912139894,2,0.2967369,-0.51244676,0.38120556,
552922180177,2,0.30018216,-0.5103617,0.38501114,
552932189943,2,0.30353162,-0.508136,0.38890976,
552942230226,2,0.30671686,-0.5059203,0.39288482,
552952239992,2,0.31069475,-0.5032688,0.39801657,
552962280275,2,0.31446084,-0.50082046,0.40309545,
552972290041,2,0.31791833,-0.49867755,0.40805268,
552982299806,2,0.32111287,-0.49648243,0.4134759,
552992309572,2,0.3235326,-0.49444792,0.41877985,
553002349855,2,0.33332387,-0.487197,0.43508267,
553012359621,2,0.3423704,-0.47998136,0.45085686,
553022369386,2,0.35054773,-0.47287676,0.46574914,
553032379152,2,0.3513999,-0.47100988,0.47044837,
553042419435,2,0.3524364,-0.4689622,0.47525734,
553052429201,2,0.35395196,-0.46673882,0.48013794,
553062438966,2,0.35612047,-0.46436524,0.4850906,
553072479250,2,0.35883206,-0.46179205,0.4900661,
553082489015,2,0.36125344,-0.45962328,0.49413335,
553092529298,2,0.3636029,-0.45736796,0.49803388,
553102539064,2,0.36606997,-0.45472303,0.50240976,
553112548830,2,0.36790773,-0.45214203,0.50652146,
553122558595,2,0.36919332,-0.44955865,0.51038945,
553132598878,2,0.37000465,-0.4469663,0.514188,
553142608644,2,0.370574,-0.44422692,0.5181407,
553152618410,2,0.3712869,-0.44143888,0.5221868,
553162658693,2,0.37211868,-0.43879968,0.52635133,
553172668459,2,0.37311924,-0.43641886,0.53042704,
553182678224,2,0.37407207,-0.43450004,0.53422713,
553192687990,2,0.37501565,-0.43304515,0.5377097,
553202697755,2,0.3760234,-0.43198675,0.54076123,
553212738039,2,0.37705168,-0.43118805,0.54345083,
553222747804,2,0.37822503,-0.4305094,0.5457907,
553232757570,2,0.3796441,-0.42977434,0.54784,
553242797853,2,0.38144088,-0.4288308,0.5499931,
553252777101,2,0.383459,-0.4277467,0.55206054,
553262817384,2,0.3856607,-0.42657167,0.55405676,
553272827150,2,0.38804996,-0.42522234,0.55601144,
553282836916,2,0.3906782,-0.42368472,0.55787915,
553292877199,2,0.39344347,-0.42195964,0.5597012,
553302886964,2,0.39629972,-0.4200391,0.56147516,
553312896730,2,0.39912897,-0.41794497,0.5632749,
553322998048,2,0.40202928,-0.41567785,0.5650641,
553332977296,2,0.40489316,-0.4132383,0.56693393,
553342987062,2,0.40774068,-0.4107404,0.5688856,
553352996828,2,0.410482,-0.4082409,0.5708842,
553363037111,2,0.41317463,-0.40568447,0.5729902,
553373046876,2,0.41591936,-0.40308598,0.575123,
553383056642,2,0.41880774,-0.4003468,0.57742167,
553393066408,2,0.4213393,-0.39805764,0.57902426,
553403076173,2,0.42403045,-0.39581195,0.5806709,
553413116456,2,0.42683876,-0.39363882,0.58235097,
553423126222,2,0.4298107,-0.39160725,0.5839505,
553433135988,2,0.4328371,-0.3897516,0.5855194,
553443145753,2,0.43581587,-0.38825542,0.5869111,
553453186037,2,0.43883055,-0.38705507,0.5882299,
553463195802,2,0.4418519,-0.38609734,0.5894432,
553473205568,2,0.44488242,-0.38525122,0.59048325,
553483245851,2,0.44852018,-0.38381383,0.5920727,
553493255617,2,0.45236415,-0.38235754,0.59364974,
553503265382,2,0.45623568,-0.38085413,0.59520566,
553513275148,2,0.45970786,-0.3798864,0.5960753,
553523315431,2,0.4667381,-0.37463614,0.601856,
553533325197,2,0.4702088,-0.373543,0.6027914,
553543365480,2,0.4736343,-0.37234342,0.60384756,
553553375245,2,0.47703636,-0.37103373,0.60492206,
553563385011,2,0.48054963,-0.36962485,0.6059376,
553573394777,2,0.48791146,-0.36336017,0.6119441,
553583435060,2,0.4954471,-0.35719922,0.61759466,
553593444825,2,0.5031657,-0.3512794,0.6228473,
553603454591,2,0.5107764,-0.3455596,0.6277436,
553613494874,2,0.5182801,-0.33950567,0.6328418,
553623504640,2,0.5218453,-0.3385834,0.6333568,
553633514406,2,0.52477545,-0.33755857,0.63406587,
553643554689,2,0.52725506,-0.3362645,0.6350442,
553653564455,2,0.5296079,-0.33443892,0.63635194,
553663574220,2,0.53206336,-0.3318966,0.6380858,
553673583986,2,0.53483653,-0.3285917,0.6402271,
553683593751,2,0.5375552,-0.32524312,0.6420784,
553693634035,2,0.54046214,-0.32124355,0.64410925,
553703643800,2,0.5432693,-0.3169695,0.64624465,
553713684084,2,0.54582256,-0.31272322,0.64843535,
553723693849,2,0.5478996,-0.30868697,0.65070546,
553733734132,2,0.5496509,-0.3047927,0.6531535,
553743743898,2,0.5514181,-0.3007704,0.6560318,
553753753664,2,0.55284613,-0.29736784,0.65883625,
553763793947,2,0.55403566,-0.2945192,0.6615697,
553773803713,2,0.5552139,-0.29216307,0.66415286,
553783813478,2,0.5563648,-0.29022288,0.66668856,
553793823244,2,0.55771184,-0.28842294,0.6692355,
553803833009,2,0.5591743,-0.2868681,0.6716701,
553813873293,2,0.56076014,-0.28546846,0.6739495,
553823883058,2,0.56253,-0.28376067,0.6762072,
553833892824,2,0.56436807,-0.28199226,0.6783302,
553843902590,2,0.5662816,-0.28009933,0.6803473,
553853942873,2,0.5683527,-0.2779342,0.68241507,
553863952638,2,0.5704378,-0.27569932,0.68445206,
553873962404,2,0.57257223,-0.2734083,0.68638307,
553883972170,2,0.574677,-0.27112067,0.68821377,
553894012453,2,0.57671225,-0.26884988,0.6899315,
553904022218,2,0.5786632,-0.2666414,0.691556,
553914062501,2,0.58080554,-0.2639461,0.69339204,
553924072267,2,0.58294827,-0.2610903,0.6951526,
553934082033,2,0.5850181,-0.25805795,0.6969467,
553944091798,2,0.58708084,-0.25483692,0.69866353,
553954132082,2,0.58912146,-0.25136942,0.7004107,
553964141847,2,0.5911734,-0.24759483,0.7021582,
553974182130,2,0.5931871,-0.24371082,0.70386606,
553984161378,2,0.5952443,-0.23970002,0.7054909,
553994171144,2,0.5973826,-0.23565306,0.7069701,
554004180910,2,0.5995594,-0.23164165,0.7082846,
554014221193,2,0.60167944,-0.2276167,0.70953643,
554024230959,2,0.6037304,-0.22358733,0.71073127,
554034240724,2,0.6058416,-0.21918948,0.7120304,
554044281007,2,0.6077088,-0.2149529,0.71333927,
554054290773,2,0.6094667,-0.21090464,0.7144974,
554064300539,2,0.6110686,-0.20677903,0.71571726,
554074340822,2,0.61254007,-0.20258933,0.7170096,
554084350587,2,0.6140097,-0.19814861,0.71842,
554094360353,2,0.6154969,-0.19344401,0.7198648,
554104370119,2,0.61703146,-0.18861578,0.72129834,
554114440919,2,0.61863256,-0.18359676,0.7227544,
554124450685,2,0.620147,-0.17862462,0.72427034,
554134490968,2,0.6215861,-0.17379728,0.7258052,
554144714357,2,0.6229008,-0.16917384,0.72735256,
