1396206633045544257,3,0.4548645,-0.29315186,0.013671875,
1396206633045544257,0,0.44303894,-0.28518677,0.021484375,9.918213E-4,0.05709839,-0.019424438,
1396206633065716376,3,0.40145874,-0.30543518,0.08470154,
1396206633065716376,0,0.38963318,-0.2974701,0.09251404,-0.008621216,-0.020339966,0.0046081543,
1396206633085857978,3,0.37475586,-0.16711426,0.017410278,
1396206633085857978,0,0.3629303,-0.15914917,0.025222778,0.0020599365,-0.0262146,0.033447266,
1396206633105969062,3,0.32348633,-0.022918701,-0.029052734,
1396206633105969062,0,0.31166077,-0.014953613,-0.021240234,9.918213E-4,-0.020874023,0.005142212,
1396206633126110663,3,0.2861023,-4.8828125E-4,0.009933472,
1396206633126110663,0,0.27427673,0.0074768066,0.017745972,-0.008621216,0.01864624,-0.005004883,
1396206633146252265,3,0.32615662,-0.017044067,0.045715332,
1396206633146252265,0,0.31433105,-0.0090789795,0.053527832,-0.03265381,0.0031585693,0.005142212,
1396206633166601763,3,0.43830872,0.015533447,0.044647217,
1396206633166601763,0,0.42648315,0.023498535,0.052459717,-0.04547119,-0.0037841797,0.009414673,
1396206633186773883,3,0.57128906,0.06359863,0.056396484,
1396206633186773883,0,0.5594635,0.07156372,0.064208984,-0.038528442,-0.0037841797,0.0030059814,
1396206633206854449,3,0.6236267,0.096710205,0.060134888,
1396206633206854449,0,0.61180115,0.10467529,0.06794739,-0.010757446,0.0026245117,0.013153076,
1396206633227209674,3,0.5493927,0.11380005,0.020080566,
1396206633227209674,0,0.53756714,0.12176514,0.027893066,0.020751953,0.0058288574,0.02116394,
1396206633247168170,3,0.46661377,0.15171814,-0.03012085,
1396206633247168170,0,0.4547882,0.15968323,-0.02230835,-0.0064849854,-0.007522583,0.02116394,
1396206633267309771,3,0.4826355,0.22061157,-0.082458496,
1396206633267309771,0,0.47080994,0.22857666,-0.074645996,-0.024642944,-0.0069885254,0.020095825,
1396206633287481890,3,0.5910492,0.28523254,-0.1315918,
1396206633287481890,0,0.57922363,0.29319763,-0.1237793,-0.049743652,-0.0096588135,0.01902771,
1396206633307623492,3,0.72029114,0.3023224,-0.16149902,
1396206633307623492,0,0.7084656,0.31028748,-0.15368652,-0.031585693,0.018112183,0.012619019,
1396206633327765094,3,0.74806213,0.21847534,-0.19247437,
1396206633327765094,0,0.7362366,0.22644043,-0.18466187,-0.007019043,0.03253174,0.017959595,
1396206633347906695,3,0.6567383,0.16133118,-0.25228882,
1396206633347906695,0,0.6449127,0.16929626,-0.24447632,0.022354126,0.014907837,0.022232056,
1396206633368048297,3,0.5734253,0.1282196,-0.2763214,
1396206633368048297,0,0.56159973,0.13618469,-0.2685089,-0.0064849854,0.020248413,0.0046081543,
1396206633388189898,3,0.59906006,0.057724,-0.22238159,
1396206633388189898,0,0.5872345,0.06568909,-0.21456909,-0.026779175,0.02772522,-0.013015747,
1396206633408331500,3,0.644989,0.034225464,-0.13586426,
1396206633408331500,0,0.63316345,0.04219055,-0.12805176,-0.016098022,-0.003250122,-0.010879517,
1396206633428473101,3,0.6188202,0.100982666,-0.1000824,
1396206633428473101,0,0.6069946,0.108947754,-0.0922699,0.0025939941,-0.0037841797,0.0078125,
1396206633448614703,3,0.5531311,0.15171814,-0.12197876,
1396206633448614703,0,0.54130554,0.15968323,-0.11416626,0.005264282,-0.0043182373,0.015823364,
1396206633468756304,3,0.46875,0.18429565,-0.13052368,
1396206633468756304,0,0.45692444,0.19226074,-0.12271118,0.013809204,0.003692627,0.0019378662,
1396206633488897906,3,0.34805298,0.16880798,-0.123046875,
1396206633488897906,0,0.33622742,0.17677307,-0.115234375,0.020217896,0.018112183,0.010482788,
1396206633509039508,3,0.26046753,0.1634674,-0.12731934,
1396206633509039508,0,0.24864197,0.1714325,-0.119506836,-0.0064849854,-4.5776367E-5,0.006210327,
1396206633529181109,3,0.3288269,0.19924927,-0.10115051,
1396206633529181109,0,0.31700134,0.20721436,-0.09333801,-0.04814148,0.0026245117,-0.0028686523,
1396206633549322711,3,0.46821594,0.16293335,-0.058425903,
1396206633549322711,0,0.45639038,0.17089844,-0.050613403,-0.040130615,0.033599854,-0.0028686523,
1396206633569464312,3,0.51734924,0.020874023,-0.023712158,
1396206633569464312,0,0.5055237,0.028839111,-0.015899658,-0.002746582,0.04107666,-1.9836426E-4,
1396206633589666949,3,0.4019928,-0.03413391,0.022750854,
1396206633589666949,0,0.39016724,-0.026168823,0.030563354,0.02822876,0.0052948,-0.0071411133,
1396206633609747515,3,0.26741028,-0.002090454,0.060668945,
1396206633609747515,0,0.25558472,0.005874634,0.068481445,0.011138916,-4.5776367E-5,0.0030059814,
1396206633629889117,3,0.2166748,0.024612427,0.0574646,
1396206633629889117,0,0.20484924,0.032577515,0.0652771,-0.0075531006,0.0074310303,0.014755249,
1396206633650030719,3,0.22094727,-0.0042266846,0.038772583,
1396206633650030719,0,0.2091217,0.0037384033,0.046585083,-0.017166138,0.020248413,0.008880615,
1396206633670172320,3,0.22415161,-0.041610718,0.05319214,
1396206633670172320,0,0.21232605,-0.03364563,0.06100464,-0.010757446,0.014907837,0.0019378662,
1396206633690374957,3,0.22735596,-0.042678833,0.08416748,
1396206633690374957,0,0.2155304,-0.034713745,0.09197998,-0.012893677,0.0042266846,-0.0012664795,
1396206633710455523,3,0.21240234,0.011260986,0.12582397,
1396206633710455523,0,0.20057678,0.019226074,0.13363647,-0.0022125244,-0.017669678,-0.004470825,
1396206633730597125,3,0.23323059,0.07107544,0.11407471,
1396206633730597125,0,0.22140503,0.07904053,0.12188721,-0.035858154,0.01864624,0.029708862,
1396206633750738726,3,0.40519714,-0.075790405,-0.03919983,
1396206633750738726,0,0.39337158,-0.06782532,-0.03138733,-0.07110596,0.0896759,0.06549072,
1396206633770880328,3,0.6679535,-0.48487854,-0.3040924,
1396206633770880328,0,0.6561279,-0.47691345,-0.2962799,-0.07644653,0.08433533,0.049468994,
1396206633791082965,3,0.7544708,-0.7892914,-0.21383667,
1396206633791082965,0,0.74264526,-0.7813263,-0.20602417,0.00793457,0.091812134,-0.061080933,
1396206633811133013,3,0.6022644,-0.8720703,0.040908813,
1396206633811133013,0,0.59043884,-0.8641052,0.048721313,0.03303528,-0.05291748,-0.047729492,
1396206633831274615,3,0.44258118,-0.5927582,0.18403625,
1396206633831274615,0,0.43075562,-0.5847931,0.19184875,0.038909912,-0.026748657,-0.0071411133,
1396206633851385699,3,0.20492554,-0.42132568,0.022216797,
1396206633851385699,0,0.19309998,-0.4133606,0.030029297,0.060806274,-0.05078125,0.13224792,
1396206633871557818,3,-0.05836487,-0.32199097,-0.10809326,
1396206633871557818,0,-0.07019043,-0.31402588,-0.10028076,0.039978027,-0.0037841797,-0.07710266,
1396206633891729937,3,-0.1828003,-0.4603119,0.11407471,
1396206633891729937,0,-0.19462585,-0.4523468,0.12188721,-0.0075531006,0.019180298,-0.013015747,
1396206633911871539,3,-0.14755249,-0.24562073,0.2566681,
1396206633911871539,0,-0.15937805,-0.23765564,0.2644806,-0.039596558,-0.09083557,-0.027435303,
1396206633931982623,3,0.042037964,0.05291748,0.2577362,
1396206633931982623,0,0.030212402,0.06088257,0.2655487,-0.064697266,-0.036895752,0.031311035,
1396206633952154742,3,0.16647339,0.19337463,0.17282104,
1396206633952154742,0,0.15464783,0.20133972,0.18063354,-0.03211975,-0.011795044,0.030776978,
1396206633972278576,3,0.27755737,0.020874023,-0.0050201416,
1396206633972278576,0,0.2657318,0.028839111,0.0027923584,-0.040664673,0.09768677,0.06549072,
1396206633992511730,3,0.3427124,-0.35029602,-0.20368958,
1396206633992511730,0,0.33088684,-0.34233093,-0.19587708,-0.0118255615,0.08433533,0.044128418,
1396206634012561779,3,0.22521973,-0.38180542,-0.21650696,
1396206634012561779,0,0.21339417,-0.37384033,-0.20869446,0.03944397,-0.042236328,-0.028503418,
1396206634032733898,3,0.0030517578,-0.06777954,-0.008758545,
1396206634032733898,0,-0.008773804,-0.059814453,-9.460449E-4,0.03730774,-0.09136963,-0.05253601,
1396206634052875500,3,-0.088272095,0.25372314,0.11727905,
1396206634052875500,0,-0.100097656,0.26168823,0.12509155,-0.019836426,-0.05291748,-0.0023345947,
1396206634073017101,3,-0.012969971,0.43156433,0.16053772,
1396206634073017101,0,-0.024795532,0.43952942,0.16835022,-0.038528442,-0.016067505,-0.0018005371,
1396206634093158703,3,0.12161255,0.35786438,0.13597107,
1396206634093158703,0,0.10978699,0.36582947,0.14378357,-0.042800903,0.06617737,0.03024292,
1396206634113300304,3,0.13122559,0.20191956,0.078826904,
1396206634113300304,0,0.119400024,0.20988464,0.086639404,0.012741089,0.009567261,0.0030059814,
1396206634133441906,3,-0.0033569336,0.25372314,0.12315369,
1396206634133441906,0,-0.015182495,0.26168823,0.13096619,0.026626587,-0.009124756,0.003540039,
1396206634153583508,3,-0.1587677,0.29751587,0.10873413,
1396206634153583508,0,-0.17059326,0.30548096,0.11654663,0.025024414,0.0068969727,0.02330017,
1396206634173725109,3,-0.21591187,0.26707458,0.005126953,
1396206634173725109,0,-0.22773743,0.27503967,0.012939453,-0.02357483,0.018112183,0.032913208,
1396206634193927746,3,-0.10429382,0.21313477,-0.03439331,
1396206634193927746,0,-0.116119385,0.22109985,-0.02658081,-0.056152344,0.030395508,0.0040740967,
1396206634214008312,3,0.10559082,0.10899353,-0.00982666,
1396206634214008312,0,0.09376526,0.11695862,-0.0020141602,-0.06523132,0.03627014,0.0040740967,
1396206634234149914,3,0.24230957,0.050247192,-0.022109985,
1396206634234149914,0,0.23048401,0.05821228,-0.014297485,-0.02357483,0.009567261,0.017425537,
1396206634254291515,3,0.17021179,0.1068573,-0.08779907,
1396206634254291515,0,0.15838623,0.11482239,-0.07998657,0.035705566,-0.022476196,0.032913208,
1396206634274433117,3,-0.057296753,0.18910217,-0.16416931,
1396206634274433117,0,-0.069122314,0.19706726,-0.15635681,0.04638672,-4.5776367E-5,0.017425537,
1396206634294574719,3,-0.21644592,0.15332031,-0.12678528,
1396206634294574719,0,-0.22827148,0.1612854,-0.11897278,0.006866455,0.035736084,-0.022094727,
1396206634314685803,3,-0.19294739,0.008056641,-0.0012817383,
1396206634314685803,0,-0.20477295,0.016021729,0.0065307617,-0.04119873,0.044281006,-0.020492554,
1396206634335041027,3,0.058059692,-0.040542603,0.045181274,
1396206634335041027,0,0.04623413,-0.032577515,0.052993774,-0.12451172,-0.013931274,0.017425537,
1396206634396045666,3,-0.041275024,0.30018616,-0.093673706,
1396206634396045666,0,-0.053100586,0.30815125,-0.085861206,0.015411377,0.042678833,0.011016846,
1396206634415393810,3,-0.09094238,0.13409424,-0.06430054,
1396206634415393810,0,-0.102767944,0.14205933,-0.056488037,-0.016098022,0.04748535,-0.008743286,
1396206634435535412,3,-0.019378662,0.07321167,0.015274048,
1396206634435535412,0,-0.031204224,0.08117676,0.023086548,-0.037460327,-0.00592041,-0.012481689,
1396206634455677013,3,0.06820679,0.18482971,0.11727905,
1396206634455677013,0,0.056381226,0.1927948,0.12509155,-0.02571106,-0.026748657,-0.022628784,
1396206634475818615,3,0.08850098,0.26119995,0.20806885,
1396206634475818615,0,0.076675415,0.26916504,0.21588135,-0.008621216,0.010101318,-0.0023345947,
1396206634495990734,3,0.04524231,0.23075867,0.21234131,
1396206634495990734,0,0.033416748,0.23872375,0.22015381,4.5776367E-4,0.022384644,0.015823364,
1396206634516132336,3,-0.014572144,0.19017029,0.16160583,
1396206634516132336,0,-0.026397705,0.19813538,0.16941833,0.00793457,0.011703491,0.021697998,
1396206634536243420,3,-0.08934021,0.23983765,0.10179138,
1396206634536243420,0,-0.10116577,0.24780273,0.10960388,0.0025939941,-0.016601563,0.022766113,
1396206634556415539,3,-0.051956177,0.29270935,0.071884155,
1396206634556415539,0,-0.06378174,0.30067444,0.079696655,-0.046539307,0.012771606,0.008880615,
1396206634576557140,3,0.13442993,0.19711304,0.1065979,
1396206634576557140,0,0.12260437,0.20507813,0.1144104,-0.0566864,0.050689697,-0.008743286,
1396206634596759777,3,0.22415161,-0.0084991455,0.14291382,
1396206634596759777,0,0.21232605,-5.340576E-4,0.15072632,-0.010757446,0.05656433,0.010482788,
1396206634616840344,3,0.1424408,-0.1035614,0.087905884,
1396206634616840344,0,0.13061523,-0.09559631,0.095718384,0.02609253,0.0042266846,0.03024292,
1396206634636981945,3,-0.056228638,-0.010101318,0.009933472,
1396206634636981945,0,-0.0680542,-0.0021362305,0.017745972,0.039978027,-0.0262146,0.027038574,
1396206634657093029,3,-0.18066406,0.11166382,-0.04827881,
1396206634657093029,0,-0.19248962,0.119628906,-0.04046631,-0.0022125244,-0.014465332,0.015823364,
1396206634677234631,3,-0.099487305,0.12875366,-0.06643677,
1396206634677234631,0,-0.111312866,0.13671875,-0.058624268,-0.059890747,0.025054932,0.006210327,
1396206634698230724,3,0.08476257,0.0096588135,-0.03866577,
1396206634698230724,0,0.07293701,0.017623901,-0.030853271,-0.046539307,0.03627014,-0.0012664795,
1396206634717517834,3,0.14831543,-0.048553467,-0.012496948,
1396206634717517834,0,0.13648987,-0.04058838,-0.0046844482,-0.009689331,0.007965088,0.0067443848,
1396206634737598400,3,0.097579956,-0.019180298,-0.018371582,
1396206634737598400,0,0.085754395,-0.01121521,-0.010559082,0.00793457,-0.0011138916,0.011550903,
1396206634757770519,3,0.016937256,0.032089233,-0.041870117,
1396206634757770519,0,0.0051116943,0.04005432,-0.034057617,0.0063323975,-0.01499939,0.011550903,
1396206634777942638,3,0.0035858154,0.10952759,-0.0370636,
1396206634777942638,0,-0.008239746,0.117492676,-0.029251099,-0.023040771,0.0015563965,0.0046081543,
1396206634798114758,3,0.052719116,0.0716095,-0.028518677,
1396206634798114758,0,0.040893555,0.079574585,-0.020706177,-0.017700195,0.028793335,0.0067443848,
1396206634818225842,3,0.061264038,-0.023986816,-0.022644043,
1396206634818225842,0,0.049438477,-0.016021729,-0.014831543,-0.01449585,0.025054932,0.009414673,
1396206634838581066,3,0.061798096,-0.068847656,-0.04347229,
1396206634838581066,0,0.049972534,-0.06088257,-0.03565979,-0.00541687,0.012237549,0.018493652,
1396206634858509045,3,-0.018310547,-0.060302734,-0.11022949,
1396206634858509045,0,-0.030136108,-0.052337646,-0.10241699,0.020217896,0.003692627,0.030776978,
1396206634878650646,3,-0.17532349,-0.023986816,-0.22238159,
1396206634878650646,0,-0.18714905,-0.016021729,-0.21456909,0.03517151,-0.013397217,0.031845093,
1396206634899646740,3,-0.33927917,0.08869934,-0.27738953,
1396206634899646740,0,-0.35110474,0.09666443,-0.26957703,0.0132751465,-0.027816772,0.011016846,
1396206634918933849,3,-0.32485962,0.22862244,-0.22879028,
1396206634918933849,0,-0.33668518,0.23658752,-0.22097778,-0.040664673,-0.010726929,-0.014083862,
1396206634939014416,3,-0.12619019,0.1912384,-0.15348816,
1396206634939014416,0,-0.13801575,0.19920349,-0.14567566,-0.071640015,0.044815063,-0.012481689,
1396206634959247570,3,0.039367676,0.016601563,-0.087265015,
1396206634959247570,0,0.027542114,0.02456665,-0.079452515,-0.031051636,0.058166504,3.3569336E-4,
1396206634979389172,3,0.028152466,-0.14788818,-0.09046936,
1396206634979389172,0,0.016326904,-0.1399231,-0.08265686,0.012207031,0.030395508,0.015289307,
1396206634999530773,3,-0.11177063,-0.13720703,-0.11663818,
1396206634999530773,0,-0.12359619,-0.12924194,-0.10882568,0.029296875,-0.014465332,0.008346558,
1396206635019672375,3,-0.20095825,-0.056030273,-0.068573,
1396206635019672375,0,-0.21278381,-0.048065186,-0.060760498,-0.015029907,-0.0037841797,-0.013015747,
1396206635039722424,3,-0.08079529,-0.03413391,0.03930664,
1396206635039722424,0,-0.09262085,-0.026168823,0.04711914,-0.06362915,0.0084991455,-0.026901245,
1396206635059925060,3,0.106658936,-0.109436035,0.16641235,
1396206635059925060,0,0.094833374,-0.10147095,0.17422485,-0.04814148,0.04107666,-0.018356323,
1396206635080066662,3,0.16914368,-0.22639465,0.20806885,
1396206635080066662,0,0.15731812,-0.21842957,0.21588135,-0.0048828125,0.022384644,0.015823364,
1396206635100238781,3,0.066604614,-0.16871643,0.12849426,
1396206635100238781,0,0.054779053,-0.16075134,0.13630676,0.027160645,-0.026748657,0.033447266,
1396206635120349865,3,-0.045547485,-0.066711426,0.06921387,
1396206635120349865,0,-0.057373047,-0.058746338,0.07702637,0.0015258789,-5.79834E-4,0.013687134,
1396206635140491467,3,-0.0119018555,-0.111572266,0.06440735,
1396206635140491467,0,-0.023727417,-0.10360718,0.07221985,-0.038528442,0.033599854,0.0024719238,
1396206635160663586,3,0.09223938,-0.17726135,0.09378052,
1396206635160663586,0,0.08041382,-0.16929626,0.10159302,-0.03479004,0.013839722,8.69751E-4,
1396206635180805187,3,0.14564514,-0.16230774,0.08470154,
1396206635180805187,0,0.13381958,-0.15434265,0.09251404,-0.012359619,-0.007522583,0.013153076,
1396206635200946789,3,0.12161255,-0.109436035,0.056930542,
1396206635200946789,0,0.10978699,-0.10147095,0.06474304,-0.00541687,-0.0016479492,0.021697998,
1396206635221088390,3,0.12428284,-0.03627014,-0.042938232,
1396206635221088390,0,0.112457275,-0.028305054,-0.035125732,-0.013427734,-0.01927185,0.0393219,
1396206635241229992,3,0.09490967,0.024612427,-0.11557007,
1396206635241229992,0,0.08308411,0.032577515,-0.10775757,-0.004348755,0.011703491,0.01689148,
1396206635261371594,3,0.08583069,-0.06404114,-0.14387512,
1396206635261371594,0,0.07400513,-0.05607605,-0.13606262,-0.007019043,0.041610718,0.014221191,
1396206635281543713,3,0.018539429,-0.19007874,-0.15348816,
1396206635281543713,0,0.006713867,-0.18211365,-0.14567566,0.011138916,0.04374695,0.0067443848,
1396206635301654797,3,-0.06530762,-0.24188232,-0.13853455,
1396206635301654797,0,-0.07713318,-0.23391724,-0.13072205,0.008468628,-0.0037841797,-0.0028686523,
1396206635321796398,3,-0.12939453,-0.15803528,-0.09474182,
1396206635321796398,0,-0.1412201,-0.15007019,-0.08692932,-0.004348755,-0.01499939,-0.005004883,
1396206635341938000,3,-0.112838745,-0.1425476,-0.05949402,
1396206635341938000,0,-0.12466431,-0.13458252,-0.05168152,-0.028381348,0.02078247,0.0024719238,
1396206635362079601,3,0.008392334,-0.20289612,-0.03652954,
1396206635362079601,0,-0.0034332275,-0.19493103,-0.028717041,-0.057754517,0.022384644,0.0030059814,
1396206635382190685,3,0.20759583,-0.26805115,-0.042404175,
1396206635382190685,0,0.19577026,-0.26008606,-0.034591675,-0.05722046,0.020248413,0.012084961,
1396206635402362804,3,0.3288269,-0.25737,-0.026916504,
1396206635402362804,0,0.31700134,-0.2494049,-0.019104004,-0.026779175,-0.011795044,-1.9836426E-4,
1396206635422504406,3,0.2935791,-0.13240051,-0.0370636,
1396206635422504406,0,0.28175354,-0.124435425,-0.029251099,0.024490356,-0.031021118,0.019561768,
1396206635442646008,3,0.06340027,0.012863159,-0.09420776,
1396206635442646008,0,0.051574707,0.020828247,-0.08639526,0.0592041,-0.024612427,0.022232056,
1396206635462787609,3,-0.16197205,0.08389282,-0.16203308,
1396206635462787609,0,-0.1737976,0.09185791,-0.15422058,0.023956299,0.0058288574,0.021697998,
1396206635482929211,3,-0.20523071,0.012863159,-0.14120483,
1396206635482929211,0,-0.21705627,0.020828247,-0.13339233,-0.019302368,0.042678833,-0.015151978,
1396206635503070812,3,-0.15663147,-0.11958313,-0.035995483,
1396206635503070812,0,-0.16845703,-0.11161804,-0.028182983,-0.031585693,0.03413391,-0.015686035,
1396206635523212414,3,-0.06210327,-0.15216064,0.0435791,
1396206635523212414,0,-0.07392883,-0.14419556,0.0513916,-0.03425598,4.8828125E-4,-0.007675171,
1396206635543323498,3,-0.0076293945,-0.10142517,0.07455444,
1396206635543323498,0,-0.019454956,-0.09346008,0.08236694,-0.018234253,-0.008590698,0.006210327,
1396206635563465099,3,0.023880005,-0.06564331,0.085235596,
1396206635563465099,0,0.012054443,-0.057678223,0.093048096,-0.020904541,0.003692627,0.005142212,
1396206635583814393,3,0.046310425,-0.012771606,0.09965515,
1396206635583814393,0,0.034484863,-0.0048065186,0.10746765,-0.01876831,-0.007522583,0.003540039,
1396206635603955995,3,0.11734009,0.010192871,0.087371826,
1396206635603955995,0,0.10551453,0.018157959,0.095184326,-0.035324097,0.0058288574,0.01902771,
1396206635624097596,3,0.19744873,-4.8828125E-4,0.0045928955,
1396206635624097596,0,0.18562317,0.0074768066,0.0124053955,-0.022506714,0.02078247,0.037719727,
1396206635644452821,3,0.08262634,-0.017578125,-0.1278534,
1396206635644452821,0,0.07080078,-0.009613037,-0.12004089,0.08163452,-0.011260986,0.05480957,
1396206635664380799,3,-0.1374054,0.08496094,-0.23413086,
1396206635664380799,0,-0.14923096,0.092926025,-0.22631836,0.020751953,-0.021942139,0.025436401,
1396206635684491883,3,-0.19187927,0.15545654,-0.26457214,
1396206635684491883,0,-0.20370483,0.16342163,-0.25675964,-0.013427734,0.004760742,0.0056762695,
1396206635704694520,3,-0.18386841,0.12928772,-0.20529175,
1396206635704694520,0,-0.19569397,0.13725281,-0.19747925,-0.0118255615,0.024520874,-0.014083862,
1396206635724836121,3,-0.15823364,0.006454468,-0.123046875,
1396206635724836121,0,-0.1700592,0.014419556,-0.115234375,-0.02357483,0.044815063,-0.008743286,
1396206635744977723,3,-0.06851196,-0.056030273,-0.066970825,
1396206635744977723,0,-0.080337524,-0.048065186,-0.059158325,-0.041732788,4.8828125E-4,-0.0018005371,
1396206635765119325,3,0.04310608,0.020874023,-0.05682373,
1396206635765119325,0,0.031280518,0.028839111,-0.04901123,-0.03479004,-0.013397217,0.010482788,
1396206635785230409,3,0.12374878,0.0716095,-0.046142578,
1396206635785230409,0,0.11192322,0.079574585,-0.038330078,-0.03211975,0.0074310303,-0.00340271,
1396206635805402528,3,0.20439148,0.026748657,-0.0034179688,
1396206635805402528,0,0.19256592,0.034713745,0.0043945313,-0.031585693,0.03199768,-1.9836426E-4,
1396206635825544129,3,0.23162842,-0.044815063,0.013137817,
1396206635825544129,0,0.21980286,-0.036849976,0.020950317,-0.0064849854,0.014907837,0.0056762695,
1396206635845685731,3,0.1915741,-0.03627014,-0.00982666,
1396206635845685731,0,0.17974854,-0.028305054,-0.0020141602,0.0036621094,-0.0021820068,0.022232056,
1396206635865796815,3,0.09597778,0.053451538,-0.080322266,
1396206635865796815,0,0.08415222,0.061416626,-0.072509766,0.01914978,-0.021408081,0.02330017,
1396206635885907899,3,-0.021514893,0.15705872,-0.10435486,
1396206635885907899,0,-0.033340454,0.1650238,-0.09654236,0.0063323975,-0.016067505,0.0024719238,
1396206635906110536,3,0.035629272,0.19551086,-0.0039520264,
1396206635906110536,0,0.023803711,0.20347595,0.0038604736,-0.060424805,0.015975952,-0.031707764,
1396206635926252137,3,0.30960083,0.12234497,0.1381073,
1396206635926252137,0,0.29777527,0.13031006,0.1459198,-0.08979797,0.023986816,-0.019958496,
1396206635946393739,3,0.51094055,0.098846436,0.1973877,
1396206635946393739,0,0.499115,0.10681152,0.2052002,-0.027313232,0.0058288574,0.0072784424,
1396206635966535340,3,0.4335022,0.13996887,0.1343689,
1396206635966535340,0,0.42167664,0.14793396,0.1421814,0.03730774,-0.013931274,0.033981323,
1396206635986646424,3,0.2193451,0.23129272,0.04411316,
1396206635986646424,0,0.20751953,0.23925781,0.05192566,0.037841797,-0.008056641,0.023834229,
1396206636006818543,3,0.086364746,0.22328186,0.04838562,
1396206636006818543,0,0.074539185,0.23124695,0.05619812,0.008468628,0.03199768,-0.009277344,
1396206636026960145,3,0.026016235,0.09777832,0.1204834,
1396206636026960145,0,0.014190674,0.10574341,0.1282959,-6.1035156E-4,0.04534912,-0.0055389404,
1396206636047101746,3,-0.026321411,-0.040542603,0.11621094,
1396206636047101746,0,-0.038146973,-0.032577515,0.12402344,4.5776367E-4,0.02986145,0.02330017,
1396206636067212830,3,-0.027923584,-0.033065796,0.020080566,
1396206636067212830,0,-0.039749146,-0.025100708,0.027893066,-0.019302368,-0.010726929,0.038253784,
1396206636087354432,3,-0.042877197,0.042236328,-0.07925415,
1396206636087354432,0,-0.05470276,0.050201416,-0.07144165,0.0020599365,-0.0037841797,0.027572632,
1396206636107496034,3,-0.0743866,0.038497925,-0.11343384,
1396206636107496034,0,-0.08621216,0.046463013,-0.10562134,-0.013427734,0.018112183,0.0040740967,
1396206636127637635,3,-0.037002563,-0.006362915,-0.029052734,
1396206636127637635,0,-0.048828125,0.0016021729,-0.021240234,-0.031585693,0.017044067,-0.031173706,
1396206636147748719,3,0.09010315,-0.03894043,0.103393555,
1396206636147748719,0,0.07827759,-0.030975342,0.111206055,-0.050811768,0.01864624,-0.014083862,
1396206636167920838,3,0.21614075,-0.040542603,0.1204834,
1396206636167920838,0,0.20431519,-0.032577515,0.1282959,-0.030517578,-0.0043182373,0.020095825,
1396206636188062440,3,0.209198,0.051315308,0.01687622,
1396206636188062440,0,0.19737244,0.059280396,0.02468872,0.010604858,-0.01927185,0.03718567,
1396206636209058534,3,0.053253174,0.10205078,-0.07284546,
1396206636209058534,0,0.041427612,0.11001587,-0.06503296,0.0415802,0.010101318,0.02116394,
1396206636228345643,3,-0.17425537,0.025680542,-0.09207153,
1396206636228345643,0,-0.18608093,0.03364563,-0.08425903,0.04371643,0.042678833,0.005142212,
1396206636248456727,3,-0.2960205,-0.08326721,-0.03866577,
1396206636248456727,0,-0.30784607,-0.075302124,-0.030853271,-0.009689331,0.020248413,-0.017288208,
1396206636268628846,3,-0.21003723,-0.0859375,0.05265808,
1396206636268628846,0,-0.2218628,-0.07797241,0.06047058,-0.050811768,0.0015563965,-0.0039367676,
1396206636288770448,3,-0.1347351,-0.046951294,0.049453735,
1396206636288770448,0,-0.14656067,-0.038986206,0.057266235,-0.00541687,-0.0043182373,0.014221191,
1396206636309766541,3,-0.235672,-0.025054932,0.0115356445,
1396206636309766541,0,-0.24749756,-0.017089844,0.019348145,0.025024414,0.011169434,0.01902771,
1396206636329053651,3,-0.33287048,-0.019180298,-0.016235352,
1396206636329053651,0,-0.34469604,-0.01121521,-0.008422852,-0.0016784668,-0.0021820068,0.012619019,
1396206636349195252,3,-0.3034973,0.008590698,-0.00982666,
1396206636349195252,0,-0.31532288,0.016555786,-0.0020141602,-0.038528442,0.0031585693,-0.0023345947,
1396206636369306336,3,-0.17532349,5.79834E-4,0.06440735,
1396206636369306336,0,-0.18714905,0.008544922,0.07221985,-0.047073364,0.014373779,-0.019958496,
1396206636389490684,3,-0.017242432,-0.013305664,0.2048645,
1396206636389490684,0,-0.029067993,-0.005340576,0.212677,-0.049209595,0.007965088,-0.026901245,
1396206636409632286,3,0.093307495,-0.0068969727,0.302063,
1396206636409632286,0,0.08148193,0.0010681152,0.3098755,-0.028381348,0.004760742,-0.00340271,
1396206636429773888,3,0.09063721,-0.007965088,0.29992676,
1396206636429773888,0,0.078811646,0.0,0.30773926,0.0063323975,0.014373779,0.020095825,
1396206636449915489,3,-0.0060272217,-0.010101318,0.21554565,
1396206636449915489,0,-0.017852783,-0.0021362305,0.22335815,0.012207031,0.004760742,0.03718567,
1396206636470057091,3,-0.08239746,0.04650879,0.10446167,
1396206636470057091,0,-0.09422302,0.054473877,0.11227417,-0.0011444092,-0.020874023,0.028640747,
1396206636490198692,3,-0.063705444,0.14904785,0.05532837,
1396206636490198692,0,-0.075531006,0.15701294,0.06314087,-0.033721924,-0.008056641,0.012619019,
1396206636510370811,3,0.035629272,0.1346283,0.052124023,
1396206636510370811,0,0.023803711,0.14259338,0.059936523,-0.029449463,0.033065796,0.0072784424,
1396206636530481895,3,0.030822754,-0.0074310303,0.048919678,
1396206636530481895,0,0.018997192,5.340576E-4,0.056732178,0.004196167,0.041610718,0.010482788,
1396206636550623497,3,-0.0920105,-0.08113098,0.038238525,
1396206636550623497,0,-0.10383606,-0.07316589,0.046051025,0.034103394,0.006362915,0.0072784424,
1396206636570765099,3,-0.2570343,-0.05015564,0.024887085,
1396206636570765099,0,-0.26885986,-0.04219055,0.032699585,0.015411377,0.0010223389,0.014221191,
1396206636590906700,3,-0.27999878,-0.03627014,-0.016235352,
1396206636590906700,0,-0.29182434,-0.028305054,-0.008422852,-0.02357483,0.0042266846,0.020095825,
1396206636611841759,3,-0.2041626,-0.03199768,-0.03866577,
1396206636611841759,0,-0.21598816,-0.024032593,-0.030853271,-0.036392212,0.0052948,0.008346558,
1396206636631189903,3,-0.1309967,-0.035202026,-0.03492737,
1396206636631189903,0,-0.14282227,-0.027236938,-0.027114868,-0.026245117,0.014907837,0.0067443848,
1396206636651331505,3,-0.08666992,-0.109436035,-0.027450562,
1396206636651331505,0,-0.09849548,-0.10147095,-0.019638062,-0.020370483,0.035736084,0.0056762695,
1396206636671442589,3,-0.0642395,-0.21891785,-0.022109985,
1396206636671442589,0,-0.07606506,-0.21095276,-0.014297485,-0.016098022,0.035202026,0.011016846,
1396206636691553673,3,-0.020446777,-0.27980042,-0.04827881,
1396206636691553673,0,-0.03227234,-0.27183533,-0.04046631,-0.028915405,0.0074310303,0.015823364,
1396206636711786827,3,0.04951477,-0.26004028,-0.082458496,
1396206636711786827,0,0.03768921,-0.2520752,-0.074645996,-0.021972656,0.0026245117,0.015823364,
1396206636731867393,3,0.03189087,-0.23547363,-0.116104126,
1396206636731867393,0,0.020065308,-0.22750854,-0.108291626,0.0063323975,-5.79834E-4,0.016357422,
1396206636752161583,3,-0.042877197,-0.19328308,-0.16470337,
1396206636752161583,0,-0.05470276,-0.185318,-0.15689087,0.0020599365,0.006362915,0.01902771,
1396206636772211632,3,-0.09414673,-0.23867798,-0.19674683,
1396206636772211632,0,-0.10597229,-0.23071289,-0.18893433,0.0031280518,0.026123047,0.010482788,
1396206636792353233,3,-0.16731262,-0.24615479,-0.18286133,
1396206636792353233,0,-0.17913818,-0.2381897,-0.17504883,0.012207031,-0.00592041,-0.00340271,
1396206636812494835,3,-0.2559662,-0.1591034,-0.13426208,
1396206636812494835,0,-0.26779175,-0.1511383,-0.12644958,4.5776367E-4,-0.024612427,-0.005004883,
1396206636832636436,3,-0.22819519,-0.06297302,-0.07498169,
1396206636832636436,0,-0.24002075,-0.055007935,-0.06716919,-0.035858154,-0.0011138916,-0.009811401,
1396206636852778038,3,-0.090408325,-0.07846069,0.017410278,
1396206636852778038,0,-0.10223389,-0.070495605,0.025222778,-0.05508423,0.023986816,-0.021026611,
1396206636872889122,3,0.09277344,-0.12973022,0.09057617,
1396206636872889122,0,0.080947876,-0.12176514,0.09838867,-0.059890747,0.019714355,-1.9836426E-4,
1396206636893030724,3,0.23483276,-0.14041138,0.07936096,
1396206636893030724,0,0.2230072,-0.13244629,0.08717346,-0.024642944,-0.0016479492,0.019561768,
1396206636953455528,3,-0.18867493,0.26600647,-0.17591858,
1396206636953455528,0,-0.20050049,0.27397156,-0.16810608,-0.026245117,-0.012863159,0.014221191,
1396206636973566612,3,0.055389404,0.2467804,-0.16416931,
1396206636973566612,0,0.043563843,0.25474548,-0.15635681,-0.06309509,0.03199768,-0.0028686523,
1396206636993738731,3,0.2193451,0.09938049,-0.12998962,
1396206636993738731,0,0.20751953,0.10734558,-0.122177124,-0.03692627,0.04588318,3.3569336E-4,
1396206637014734825,3,0.20759583,0.009124756,-0.053085327,
1396206637014734825,0,0.19577026,0.017089844,-0.045272827,0.014343262,0.01864624,-0.025299072,
1396206637033991417,3,0.082092285,-0.0074310303,0.09805298,
1396206637033991417,0,0.07026672,5.340576E-4,0.10586548,0.02128601,0.006362915,-0.029037476,
1396206637054438194,3,0.029220581,-0.0052948,0.22355652,
1396206637054438194,0,0.01739502,0.002670288,0.23136902,-0.028381348,0.011703491,-0.01461792,
1396206637074305138,3,0.16967773,-0.023452759,0.26841736,
1396206637074305138,0,0.15785217,-0.015487671,0.27622986,-0.05455017,0.010635376,0.008880615,
1396206637094446739,3,0.28663635,-0.10195923,0.24118042,
1396206637094446739,0,0.2748108,-0.09399414,0.24899292,-0.021972656,0.04321289,0.017959595,
1396206637114618858,3,0.2444458,-0.20289612,0.1797638,
1396206637114618858,0,0.23262024,-0.19493103,0.1875763,0.014877319,0.014907837,0.03237915,
1396206637134760460,3,0.09971619,-0.11531067,0.071884155,
1396206637134760460,0,0.087890625,-0.10734558,0.079696655,0.031433105,-0.03956604,0.031311035,
1396206637155237755,3,-0.047683716,0.05558777,0.014205933,
1396206637155237755,0,-0.059509277,0.06355286,0.022018433,0.018615723,-0.025680542,0.019561768,
1396206637175043663,3,-0.14808655,0.11753845,-0.017303467,
1396206637175043663,0,-0.15991211,0.12550354,-0.009490967,-6.1035156E-4,0.0074310303,0.015823364,
1396206637195185265,3,-0.12565613,0.052383423,-0.078186035,
1396206637195185265,0,-0.13748169,0.06034851,-0.070373535,-0.029449463,0.042678833,0.027572632,
1396206637215326866,3,-0.06690979,-0.07098389,-0.1315918,
1396206637215326866,0,-0.07873535,-0.0630188,-0.1237793,-0.017700195,0.025054932,0.012619019,
1396206637235468468,3,-0.105895996,-0.0859375,-0.1315918,
1396206637235468468,0,-0.11772156,-0.07797241,-0.1237793,0.012741089,-0.00592041,0.0072784424,
1396206637255945763,3,-0.21591187,0.031021118,-0.12464905,
1396206637255945763,0,-0.22773743,0.038986206,-0.11683655,0.010604858,-0.029953003,0.0024719238,
1396206637275751671,3,-0.2431488,0.12554932,-0.1000824,
1396206637275751671,0,-0.25497437,0.1335144,-0.0922699,-0.017700195,4.8828125E-4,-7.324219E-4,
1396206637295893272,3,-0.18814087,0.070007324,-0.025314331,
1396206637295893272,0,-0.19996643,0.07797241,-0.017501831,-0.035324097,0.042144775,-0.017822266,
1396206637316034874,3,-0.072250366,-0.028259277,0.07241821,
1396206637316034874,0,-0.08407593,-0.02029419,0.08023071,-0.044403076,0.014373779,-0.010879517,
1396206637336176475,3,0.042037964,-0.042144775,0.107666016,
1396206637336176475,0,0.030212402,-0.034179688,0.115478516,-0.029449463,0.009033203,0.0072784424,
1396206637356287559,3,0.03616333,-0.014907837,0.0927124,
1396206637356287559,0,0.024337769,-0.006942749,0.1005249,9.918213E-4,-0.003250122,0.01902771,
1396206637376429161,3,-0.018310547,0.047042847,0.024887085,
1396206637376429161,0,-0.030136108,0.055007935,0.032699585,0.0020599365,-0.016067505,0.025970459,
1396206637396570763,3,-0.029525757,0.11647034,-0.028518677,
1396206637396570763,0,-0.04135132,0.124435425,-0.020706177,-0.023040771,0.0010223389,0.015289307,
1396206637416742882,3,0.055923462,0.12768555,-0.0076904297,
1396206637416742882,0,0.0440979,0.13565063,1.2207031E-4,-0.040130615,0.01864624,-0.009811401,
1396206637436853966,3,0.12374878,0.065200806,0.040908813,
1396206637436853966,0,0.11192322,0.07316589,0.048721313,-0.015029907,0.028793335,0.0024719238,
1396206637456995567,3,0.1109314,0.010192871,0.052124023,
1396206637456995567,0,0.099105835,0.018157959,0.059936523,-0.0075531006,0.0154418945,0.009414673,
1396206637477137169,3,0.10719299,-0.0026245117,0.027023315,
1396206637477137169,0,0.09536743,0.005340576,0.034835815,-0.012359619,0.003692627,0.018493652,
1396206637497278770,3,0.09384155,0.065200806,-0.026916504,
1396206637497278770,0,0.08201599,0.07316589,-0.019104004,-0.004348755,-0.01927185,0.02330017,
1396206637517450890,3,0.039901733,0.1949768,-0.06109619,
1396206637517450890,0,0.028076172,0.2029419,-0.05328369,0.0015258789,-0.014465332,0.012619019,
1396206637537592491,3,0.068740845,0.16560364,-0.07070923,
1396206637537592491,0,0.056915283,0.17356873,-0.06289673,-0.03479004,0.053359985,0.006210327,
1396206637558100304,3,0.14564514,-0.009567261,-0.045074463,
1396206637558100304,0,0.13381958,-0.0016021729,-0.037261963,-0.027313232,0.03627014,-0.00340271,
1396206637577906212,3,0.21186829,-0.06564331,0.02381897,
1396206637577906212,0,0.20004272,-0.057678223,0.03163147,-0.023040771,0.0058288574,-0.01461792,
1396206637597986778,3,0.19851685,0.060394287,0.101257324,
1396206637597986778,0,0.18669128,0.068359375,0.109069824,9.918213E-4,-0.05078125,-0.0055389404,
1396206637618158897,3,0.18249512,0.24891663,0.13116455,
1396206637618158897,0,0.17066956,0.2568817,0.13897705,-0.016098022,-0.016067505,0.009414673,
1396206637638269981,3,0.14404297,0.23770142,0.1381073,
1396206637638269981,0,0.1322174,0.2456665,0.1459198,0.013809204,0.040008545,0.0024719238,
1396206637658411583,3,-0.019378662,0.08816528,0.11087036,
1396206637658411583,0,-0.031204224,0.09613037,0.11868286,0.046920776,0.04321289,0.026504517,
1396206637678553184,3,-0.27038574,0.020339966,0.020614624,
1396206637678553184,0,-0.2822113,0.028305054,0.028427124,0.044784546,0.0074310303,0.027038574,
1396206637698694786,3,-0.3312683,0.03475952,-0.012496948,
1396206637698694786,0,-0.34309387,0.04272461,-0.0046844482,-0.037460327,0.014373779,0.011016846,
1396206637718866905,3,-0.15396118,0.013397217,0.004058838,
1396206637718866905,0,-0.16578674,0.021362305,0.011871338,-0.0705719,0.010101318,-0.004470825,
1396206637738977989,3,0.075683594,0.042770386,0.071884155,
1396206637738977989,0,0.06385803,0.050735474,0.079696655,-0.05882263,-0.007522583,-0.013549805,
1396206637759333214,3,0.17501831,0.067871094,0.13330078,
1396206637759333214,0,0.16319275,0.07583618,0.14111328,-0.019302368,0.009033203,-1.9836426E-4,
1396206637779261192,3,0.15579224,0.017669678,0.11727905,
1396206637779261192,0,0.14396667,0.025634766,0.12509155,0.0074005127,0.023986816,0.02330017,
1396206637799402794,3,0.047912598,-0.022384644,0.051589966,
1396206637799402794,0,0.036087036,-0.014419556,0.059402466,0.01701355,0.012771606,0.020629883,
1396206637819574913,3,-0.02204895,-0.03413391,0.030761719,
1396206637819574913,0,-0.03387451,-0.026168823,0.03857422,-0.007019043,0.012771606,0.008346558,
1396206637839716515,3,-0.020446777,-0.06777954,0.036102295,
1396206637839716515,0,-0.03227234,-0.059814453,0.043914795,-0.0118255615,0.017578125,0.0030059814,
1396206637859827599,3,-0.00869751,-0.11050415,0.051589966,
1396206637859827599,0,-0.020523071,-0.10253906,0.059402466,-0.017166138,0.017578125,0.0099487305,
1396206637879969200,3,-0.0466156,-0.14361572,-0.0076904297,
1396206637879969200,0,-0.058441162,-0.13565063,1.2207031E-4,0.011138916,0.013305664,0.029708862,
1396206637900080284,3,-0.12458801,-0.13453674,-0.07872009,
1396206637900080284,0,-0.13641357,-0.12657166,-0.07090759,-0.0016784668,0.0010223389,0.017425537,
1396206637920282921,3,-0.114974976,-0.12599182,-0.087265015,
1396206637920282921,0,-0.12680054,-0.11802673,-0.079452515,-0.01663208,-4.5776367E-5,0.0014038086,
1396206637940394005,3,-0.090408325,-0.064575195,-0.071777344,
1396206637940394005,0,-0.10223389,-0.056610107,-0.063964844,-0.028381348,-5.79834E-4,0.009414673,
1396206637960505089,3,0.01586914,-0.06510925,-0.078186035,
1396206637960505089,0,0.004043579,-0.057144165,-0.070373535,-0.035324097,0.0084991455,0.0019378662,
1396206637980946431,3,0.033493042,-0.06297302,-0.028518677,
1396206637980946431,0,0.02166748,-0.055007935,-0.020706177,-6.1035156E-4,0.010635376,-0.0082092285,
1396206638001088032,3,0.0025177002,-0.1489563,0.036636353,
1396206638001088032,0,-0.009307861,-0.14099121,0.044448853,-0.008087158,0.035736084,-0.0082092285,
1396206638022053609,3,-0.02418518,-0.22799683,0.090042114,
1396206638022053609,0,-0.036010742,-0.22003174,0.097854614,-0.0016784668,0.0154418945,3.3569336E-4,
1396206638041371236,3,-0.05088806,-0.22212219,0.099121094,
1396206638041371236,0,-0.06271362,-0.2141571,0.106933594,-0.010223389,0.0052948,0.008346558,
1396206638061512837,3,-0.06958008,-0.16764832,0.0713501,
1396206638061512837,0,-0.08140564,-0.15968323,0.0791626,-0.0022125244,-0.01499939,0.02330017,
1396206638081623921,3,-0.06637573,-0.08326721,-0.03225708,
1396206638081623921,0,-0.078201294,-0.075302124,-0.02444458,-0.022506714,-0.0011138916,0.042526245,
1396206638101765523,3,-0.01777649,-0.06777954,-0.13212585,
1396206638101765523,0,-0.02960205,-0.059814453,-0.124313354,-0.025177002,0.007965088,0.016357422,
1396206638121937642,3,0.029754639,-0.09875488,-0.09794617,
1396206638121937642,0,0.017929077,-0.090789795,-0.09013367,-0.016098022,0.01864624,-0.011413574,
1396206638142079243,3,0.018539429,-0.13453674,-0.019439697,
1396206638142079243,0,0.006713867,-0.12657166,-0.011627197,-0.0038146973,0.019180298,-0.0055389404,
1396206638162220845,3,-0.038604736,-0.15216064,-0.0050201416,
1396206638162220845,0,-0.050430298,-0.14419556,0.0027923584,0.0063323975,0.0068969727,0.012084961,
1396206638202504048,3,-0.12672424,-0.07685852,-0.029052734,
1396206638202504048,0,-0.1385498,-0.06889343,-0.021240234,-0.020904541,0.011703491,0.008346558,
1396206638222676167,3,-0.10429382,-0.10836792,0.008331299,
1396206638222676167,0,-0.116119385,-0.10040283,0.016143799,-0.013427734,0.017578125,-0.010879517,
1396206638242817769,3,-0.09361267,-0.14842224,0.054260254,
1396206638242817769,0,-0.10543823,-0.14045715,0.062072754,-0.013427734,0.015975952,0.0030059814,
1396206638262959370,3,-0.07652283,-0.1591034,0.06173706,
1396206638262959370,0,-0.08834839,-0.1511383,0.06954956,-0.017700195,0.0052948,0.008346558,
1396206638283070454,3,-0.048217773,-0.099823,0.05105591,
1396206638283070454,0,-0.060043335,-0.09185791,0.05886841,-0.017166138,-5.79834E-4,0.008346558,
1396206638303242573,3,-0.026855469,-0.09448242,0.030227661,
1396206638303242573,0,-0.03868103,-0.086517334,0.03804016,-0.018234253,0.017578125,0.019561768,
1396206638323384175,3,-0.017242432,-0.127594,-0.035995483,
1396206638323384175,0,-0.029067993,-0.119628906,-0.028182983,-0.0075531006,0.009033203,0.023834229,
1396206638343525777,3,-0.027389526,-0.11477661,-0.07711792,
1396206638343525777,0,-0.039215088,-0.10681152,-0.06930542,-0.011291504,0.004760742,0.011550903,
1396206638363636861,3,-0.030059814,-0.09288025,-0.06536865,
1396206638363636861,0,-0.041885376,-0.08491516,-0.057556152,-0.009689331,-4.5776367E-5,-0.0012664795,
1396206638383747945,3,-0.018310547,-0.07685852,-0.041870117,
1396206638383747945,0,-0.030136108,-0.06889343,-0.034057617,-0.017166138,0.011703491,0.005142212,
1396206638403889546,3,0.0051879883,-0.17512512,-0.025848389,
1396206638403889546,0,-0.0066375732,-0.16716003,-0.018035889,-0.020370483,0.041610718,-0.0012664795,
1396206638424885640,3,0.02067566,-0.2787323,0.027557373,
1396206638424885640,0,0.008850098,-0.2707672,0.035369873,-0.012359619,0.028793335,-0.0012664795,
1396206638444203267,3,-0.002822876,-0.28407288,0.027023315,
1396206638444203267,0,-0.0146484375,-0.2761078,0.034835815,0.00579834,-0.013931274,0.0099487305,
1396206638464344868,3,-0.12298584,-0.1767273,0.018478394,
1396206638464344868,0,-0.1348114,-0.1687622,0.026290894,0.023422241,-0.014465332,0.0056762695,
1396206638484486470,3,-0.21484375,-0.13453674,0.08256531,
1396206638484486470,0,-0.22666931,-0.12657166,0.09037781,-0.0075531006,0.0042266846,-0.022094727,
1396206638504628072,3,-0.12779236,-0.14628601,0.18457031,
1396206638504628072,0,-0.13961792,-0.13832092,0.19238281,-0.054016113,0.020248413,-0.009811401,
1396206638524800191,3,0.055923462,-0.21731567,0.24171448,
1396206638524800191,0,0.0440979,-0.20935059,0.24952698,-0.054016113,0.027191162,-7.324219E-4,
1396206638545033345,3,0.13389587,-0.27445984,0.23316956,
1396206638545033345,0,0.12207031,-0.26649475,0.24098206,-0.009155273,0.017044067,0.020629883,
1396206638565052876,3,0.05645752,-0.23921204,0.11567688,
1396206638565052876,0,0.044631958,-0.23124695,0.12348938,0.02128601,-0.01927185,0.05267334,
1396206638585194478,3,-0.03807068,-0.13400269,-0.05041504,
1396206638585194478,0,-0.04989624,-0.1260376,-0.04260254,-0.0059509277,-0.009124756,0.04145813,
1396206638605336079,3,0.02494812,-0.12705994,-0.11289978,
1396206638605336079,0,0.013122559,-0.11909485,-0.10508728,-0.044403076,0.014907837,0.011016846,
1396206638626301656,3,0.13336182,-0.1703186,-0.11503601,
1396206638626301656,0,0.121536255,-0.16235352,-0.10722351,-0.02571106,0.027191162,0.008880615,
1396206638645558247,3,0.1146698,-0.21411133,-0.13212585,
1396206638645558247,0,0.10284424,-0.20614624,-0.124313354,0.00579834,0.010101318,0.015289307,
1396206638665943989,3,0.030288696,-0.18634033,-0.19888306,
1396206638665943989,0,0.018463135,-0.17837524,-0.19107056,0.009002686,-0.00592041,0.030776978,
1396206638685902486,3,-0.00869751,-0.11584473,-0.2928772,
1396206638685902486,0,-0.020523071,-0.10787964,-0.2850647,-0.0118255615,-0.011260986,0.024368286,
1396206638706044087,3,-0.018310547,-0.028793335,-0.27471924,
1396206638706044087,0,-0.030136108,-0.020828247,-0.26690674,-0.0075531006,-0.007522583,-0.014083862,
1396206638726185689,3,-0.034332275,-0.0154418945,-0.19194031,
1396206638726185689,0,-0.046157837,-0.0074768066,-0.18412781,-0.0022125244,0.0068969727,-0.011413574,
1396206638746266255,3,-0.0605011,0.006454468,-0.12892151,
1396206638746266255,0,-0.07232666,0.014419556,-0.12110901,-0.010223389,0.0031585693,-0.006072998,
1396206638766713032,3,-0.09094238,0.019805908,-0.062698364,
1396206638766713032,0,-0.102767944,0.027770996,-0.054885864,9.918213E-4,0.0058288574,-0.012481689,
1396206638786653706,3,-0.081329346,0.031021118,0.040908813,
1396206638786653706,0,-0.09315491,0.038986206,0.048721313,-0.031051636,0.0010223389,-0.022094727,
1396206638806795308,3,0.017471313,0.029953003,0.12635803,
1396206638806795308,0,0.005645752,0.03791809,0.13417053,-0.03479004,0.017044067,-0.005004883,
1396206638827760884,3,0.019607544,-0.014907837,0.13330078,
1396206638827760884,0,0.0077819824,-0.006942749,0.14111328,0.00579834,0.015975952,0.014755249,
1396206638847078511,3,-0.018310547,-0.04321289,0.07348633,
1396206638847078511,0,-0.030136108,-0.035247803,0.08129883,-0.012893677,0.021850586,0.029708862,
1396206638867189595,3,-0.014572144,-0.075790405,-0.012496948,
1396206638867189595,0,-0.026397705,-0.06782532,-0.0046844482,-0.011291504,0.0084991455,0.027038574,
1396206638887361714,3,-0.03807068,-0.066711426,-0.07925415,
1396206638887361714,0,-0.04989624,-0.058746338,-0.07144165,-0.002746582,0.0015563965,0.02116394,
1396206638907533833,3,-0.042877197,-0.014373779,-0.14761353,
1396206638907533833,0,-0.05470276,-0.0064086914,-0.13980103,-0.017166138,-0.011260986,0.025436401,
1396206638927675435,3,0.001449585,0.039031982,-0.18927002,
1396206638927675435,0,-0.010375977,0.04699707,-0.18145752,-0.028381348,0.0026245117,0.008346558,
1396206638947817036,3,0.034561157,-0.0015563965,-0.15882874,
1396206638947817036,0,0.022735596,0.0064086914,-0.15101624,-0.008087158,0.027191162,-0.0071411133,
1396206638968202779,3,-0.009231567,-0.030395508,-0.089401245,
1396206638968202779,0,-0.021057129,-0.02243042,-0.081588745,-6.1035156E-4,0.0015563965,-0.009277344,
1396206638988100240,3,-0.023117065,0.011260986,-0.040802002,
1396206638988100240,0,-0.034942627,0.019226074,-0.032989502,-0.015563965,-0.0069885254,0.0019378662,
1396206639008241841,3,-1.5258789E-4,0.081222534,-0.033859253,
1396206639008241841,0,-0.011978149,0.08918762,-0.026046753,-0.020370483,-0.0096588135,0.0078125,
1396206639028383443,3,0.036697388,0.1031189,-0.0231781,
1396206639028383443,0,0.024871826,0.111083984,-0.015365601,-0.019836426,0.01651001,0.003540039,
1396206639048494527,3,0.060195923,0.043304443,-0.0028839111,
1396206639048494527,0,0.04837036,0.05126953,0.004928589,-0.01876831,0.026123047,-7.324219E-4,
1396206639068819234,3,0.08476257,0.020874023,0.020614624,
1396206639068819234,0,0.07293701,0.028839111,0.028427124,-0.015563965,0.003692627,0.0067443848,
1396206639088747212,3,0.08155823,0.0790863,-0.008224487,
1396206639088747212,0,0.069732666,0.08705139,-4.119873E-4,-0.0038146973,-0.0096588135,0.020629883,
1396206639108919331,3,0.018539429,0.13729858,-0.044540405,
1396206639108919331,0,0.006713867,0.14526367,-0.036727905,0.00793457,-0.0016479492,0.012084961,
1396206639129091451,3,-0.04020691,0.12608337,-0.06109619,
1396206639129091451,0,-0.05203247,0.13404846,-0.05328369,-0.0038146973,0.024520874,0.010482788,
1396206639149202535,3,-0.05142212,0.07588196,-0.05682373,
1396206639149202535,0,-0.06324768,0.083847046,-0.04901123,-0.0118255615,0.020248413,-1.9836426E-4,
1396206639169344136,3,-0.057296753,0.07054138,-0.03919983,
1396206639169344136,0,-0.069122314,0.07850647,-0.03138733,-0.008087158,-0.0021820068,0.008880615,
1396206639189485738,3,-0.10696411,0.1068573,-0.060028076,
1396206639189485738,0,-0.11878967,0.11482239,-0.052215576,0.012741089,-0.0043182373,0.01689148,
1396206639209627339,3,-0.20683289,0.16667175,-0.09901428,
1396206639209627339,0,-0.21865845,0.17463684,-0.09120178,0.006866455,-0.006454468,0.020629883,
1396206639229768941,3,-0.17478943,0.19871521,-0.14067078,
1396206639229768941,0,-0.18661499,0.2066803,-0.13285828,-0.049743652,0.0052948,0.0078125,
1396206639249910542,3,0.027618408,0.19017029,-0.06643677,
1396206639249910542,0,0.015792847,0.19813538,-0.058624268,-0.06309509,0.013839722,-0.024765015,
1396206639270052144,3,0.13122559,0.2115326,0.029693604,
1396206639270052144,0,0.119400024,0.21949768,0.037506104,-0.010757446,-0.0053863525,-0.00340271,
1396206639290193745,3,0.07408142,0.26600647,0.034500122,
1396206639290193745,0,0.06225586,0.27397156,0.042312622,0.009002686,-0.0053863525,0.015289307,
1396206639310335347,3,0.021209717,0.26707458,0.0029907227,
1396206639310335347,0,0.009384155,0.27503967,0.010803223,-0.0032806396,0.013839722,0.014755249,
1396206639330507466,3,0.012130737,0.25532532,-0.008224487,
1396206639330507466,0,3.0517578E-4,0.2632904,-4.119873E-4,-0.01663208,0.010635376,0.008880615,
1396206639350649068,3,0.02067566,0.25479126,0.025421143,
1396206639350649068,0,0.008850098,0.26275635,0.033233643,-0.009155273,0.011169434,-0.008743286,
1396206639370760152,3,0.012130737,0.2515869,0.10446167,
1396206639370760152,0,3.0517578E-4,0.259552,0.11227417,-0.013427734,0.010101318,-0.014083862,
1396206639390901753,3,0.04951477,0.22541809,0.1835022,
1396206639390901753,0,0.03768921,0.23338318,0.1913147,-0.030517578,0.012771606,-0.0066070557,
1396206639411043355,3,0.14457703,0.2013855,0.20913696,
1396206639411043355,0,0.13275146,0.20935059,0.21694946,-0.037994385,0.01864624,0.006210327,
1396206639451326558,3,0.14030457,0.19657898,0.14932251,
1396206639451326558,0,0.128479,0.20454407,0.15713501,0.019683838,0.0042266846,0.013687134,
1396206639471651265,3,0.056991577,0.19657898,0.17549133,
1396206639471651265,0,0.045166016,0.20454407,0.18330383,-0.0059509277,0.018112183,-0.009277344,
1396206639491609761,3,0.08796692,0.13035583,0.24972534,
1396206639491609761,0,0.07614136,0.13832092,0.25753784,-0.031585693,0.02772522,-0.008743286,
1396206639511751363,3,0.14671326,0.07321167,0.25559998,
1396206639511751363,0,0.1348877,0.08117676,0.26341248,-0.01663208,0.012237549,0.023834229,
1396206639532716939,3,0.08850098,0.08816528,0.14878845,
1396206639532716939,0,0.076675415,0.09613037,0.15660095,0.03944397,-0.0069885254,0.040924072,
1396206639552065083,3,0.012664795,0.105789185,0.10873413,
1396206639552065083,0,8.392334E-4,0.11375427,0.11654663,0.012741089,0.0052948,0.014755249,
1396206639572176167,3,-0.0289917,0.10044861,0.090042114,
1396206639572176167,0,-0.04081726,0.1084137,0.097854614,-0.017166138,0.0042266846,0.011016846,
1396206639592317769,3,0.03829956,0.08709717,0.04197693,
1396206639592317769,0,0.026473999,0.095062256,0.04978943,-0.036392212,0.023986816,0.041992188,
1396206639612459370,3,0.025482178,0.03475952,-0.053619385,
1396206639612459370,0,0.013656616,0.04272461,-0.045806885,0.011672974,0.0154418945,0.025436401,
1396206639633455464,3,-0.121917725,0.020874023,-0.09260559,
1396206639633455464,0,-0.13374329,0.028839111,-0.08479309,0.027694702,0.012237549,0.011016846,
1396206639652742574,3,-0.22018433,-0.019714355,-0.08673096,
1396206639652742574,0,-0.23200989,-0.011749268,-0.07891846,-0.0022125244,0.01651001,0.0040740967,
1396206639672884175,3,-0.17799377,-0.048553467,-0.08459473,
1396206639672884175,0,-0.18981934,-0.04058838,-0.07678223,-0.03479004,0.010101318,0.008346558,
1396206639693025777,3,-0.11016846,-0.077926636,-0.08085632,
1396206639693025777,0,-0.12199402,-0.06996155,-0.07304382,-0.017166138,0.017044067,0.0099487305,
1396206639713167378,3,-0.12992859,-0.11210632,-0.07978821,
1396206639713167378,0,-0.14175415,-0.104141235,-0.07197571,-0.0038146973,0.0074310303,0.0078125,
1396206639734163472,3,-0.10910034,-0.11210632,-0.10702515,
1396206639734163472,0,-0.1209259,-0.104141235,-0.09921265,-0.02784729,0.013839722,0.015823364,
1396206639753450581,3,-0.06317139,-0.089141846,-0.11022949,
1396206639753450581,0,-0.07499695,-0.08117676,-0.10241699,-0.016098022,-0.004852295,8.69751E-4,
1396206639773592183,3,-0.05088806,-0.050689697,-0.0723114,
1396206639773592183,0,-0.06271362,-0.04272461,-0.0644989,-0.013427734,0.010101318,-0.0028686523,
1396206639793703267,3,-0.072250366,-0.075790405,-0.0034179688,
1396206639793703267,0,-0.08407593,-0.06782532,0.0043945313,-6.1035156E-4,0.010635376,-0.014083862,
1396206639813875386,3,-0.103759766,-0.07846069,0.0435791,
1396206639813875386,0,-0.11558533,-0.070495605,0.0513916,-0.0075531006,0.013305664,0.010482788,
1396206639834871480,3,-0.14007568,-0.13827515,0.01260376,
1396206639834871480,0,-0.15190125,-0.13031006,0.02041626,9.918213E-4,0.033599854,0.012619019,
1396206639854158589,3,-0.18867493,-0.25202942,0.0013885498,
1396206639854158589,0,-0.20050049,-0.24406433,0.00920105,-0.0038146973,0.03413391,0.012084961,
1396206639874300191,3,-0.18173218,-0.2675171,-0.033325195,
1396206639874300191,0,-0.19355774,-0.259552,-0.025512695,-0.02571106,-0.009124756,0.02116394,
1396206639894441792,3,-0.11230469,-0.19755554,-0.109695435,
1396206639894441792,0,-0.12413025,-0.18959045,-0.101882935,-0.024642944,-0.007522583,0.02810669,
1396206639914613911,3,-0.103759766,-0.16604614,-0.15402222,
1396206639914613911,0,-0.11558533,-0.15808105,-0.14620972,-0.0075531006,0.0058288574,0.006210327,
1396206639934755513,3,-0.09094238,-0.17939758,-0.11343384,
1396206639934755513,0,-0.102767944,-0.1714325,-0.10562134,-0.02357483,0.017044067,-0.008743286,
1396206639954897115,3,-0.004425049,-0.16337585,-0.03012085,
1396206639954897115,0,-0.01625061,-0.15541077,-0.02230835,-0.042800903,-0.006454468,-0.017288208,
1396206639975038716,3,0.108795166,-0.09661865,0.05052185,
1396206639975038716,0,0.096969604,-0.088653564,0.05833435,-0.031051636,-0.009124756,-0.006072998,
1396206639995180318,3,0.108795166,-0.0683136,0.08203125,
1396206639995180318,0,0.096969604,-0.06034851,0.08984375,0.004196167,0.009567261,0.0072784424,
1396206640015321919,3,-0.009765625,-0.08807373,0.07562256,
1396206640015321919,0,-0.021591187,-0.08010864,0.08343506,0.026626587,0.0154418945,0.008346558,
1396206640035463521,3,-0.11550903,-0.08326721,0.07562256,
1396206640035463521,0,-0.1273346,-0.075302124,0.08343506,-0.0032806396,-4.5776367E-5,0.008346558,
1396206640055574605,3,-0.08026123,-0.012771606,0.06867981,
1396206640055574605,0,-0.09208679,-0.0048065186,0.07649231,-0.02784729,-0.018203735,0.0099487305,
1396206640075746724,3,-0.056228638,0.056121826,0.047317505,
1396206640075746724,0,-0.0680542,0.064086914,0.055130005,-0.007019043,0.004760742,0.020629883,
1396206640095857808,3,-0.077056885,0.043304443,-0.04133606,
1396206640095857808,0,-0.08888245,0.05126953,-0.03352356,-0.0118255615,0.014373779,0.039855957,
1396206640115999410,3,-1.5258789E-4,-0.02078247,-0.14868164,
1396206640115999410,0,-0.011978149,-0.012817383,-0.14086914,-0.05027771,0.037872314,0.02330017,
1396206640136141011,3,0.09918213,-0.15803528,-0.13800049,
1396206640136141011,0,0.08735657,-0.15007019,-0.13018799,-0.019302368,0.039474487,-0.007675171,
1396206640156282613,3,0.09063721,-0.17352295,-0.073913574,
1396206640156282613,0,0.078811646,-0.16555786,-0.066101074,-0.0022125244,-0.009124756,-0.00340271,
1396206640176424214,3,0.034561157,-0.022384644,-0.07284546,
1396206640176424214,0,0.022735596,-0.014419556,-0.06503296,0.006866455,-0.03956604,0.026504517,
1396206640196565816,3,-0.03112793,0.08496094,-0.2197113,
1396206640196565816,0,-0.04295349,0.092926025,-0.2118988,0.0063323975,0.003692627,0.05480957,
1396206640216676900,3,-0.110702515,0.040634155,-0.34681702,
1396206640216676900,0,-0.122528076,0.048599243,-0.33900452,0.0036621094,0.028793335,0.020629883,
1396206640236849019,3,-0.108566284,-0.04588318,-0.34040833,
1396206640236849019,0,-0.120391846,-0.03791809,-0.33259583,-0.028381348,0.02558899,-0.0082092285,
1396206640256990620,3,-6.866455E-4,-0.031463623,-0.2400055,
1396206640256990620,0,-0.012512207,-0.023498535,-0.232193,-0.049743652,-0.011260986,-0.01889038,
1396206640277132222,3,0.09490967,0.042770386,-0.15135193,
1396206640277132222,0,0.08308411,0.050735474,-0.14353943,-0.008621216,-0.007522583,-0.01675415,
1396206640297273824,3,-0.0038909912,0.076416016,-0.040802002,
1396206640297273824,0,-0.015716553,0.0843811,-0.032989502,0.019683838,0.0154418945,-0.014083862,
1396206640317445943,3,3.8146973E-4,-0.02078247,0.013671875,
1396206640317445943,0,-0.011444092,-0.012817383,0.021484375,-0.04333496,0.04321289,-1.9836426E-4,
1396206640337587544,3,0.14137268,-0.1035614,0.029693604,
1396206640337587544,0,0.12954712,-0.09559631,0.037506104,-0.047607422,0.011703491,0.0072784424,
1396206640357698628,3,0.22094727,-0.07312012,0.0115356445,
1396206640357698628,0,0.2091217,-0.06515503,0.019348145,-0.008621216,-0.008056641,0.017959595,
1396206640377992818,3,0.17608643,-0.012237549,-0.042404175,
1396206640377992818,0,0.16426086,-0.004272461,-0.034591675,-0.0032806396,0.0015563965,0.022766113,
1396206640398250477,3,0.15739441,-0.013305664,-0.08085632,
1396206640398250477,0,0.14556885,-0.005340576,-0.07304382,-0.007019043,0.007965088,0.0099487305,
1396206640418270008,3,0.13015747,-0.018112183,-0.044006348,
1396206640418270008,0,0.11833191,-0.010147095,-0.036193848,9.918213E-4,0.012771606,-0.0066070557,
1396206640438442127,3,0.044174194,-0.024520874,0.015808105,
1396206640438442127,0,0.032348633,-0.016555786,0.023620605,0.009002686,0.013839722,-0.007675171,
1396206640458553211,3,0.020141602,-0.042144775,0.043045044,
1396206640458553211,0,0.00831604,-0.034179688,0.050857544,-0.017166138,0.007965088,0.015289307,
1396206640478694813,3,0.07247925,-0.0042266846,-2.1362305E-4,
1396206640478694813,0,0.060653687,0.0037384033,0.007598877,-0.028915405,-0.0096588135,0.020095825,
1396206640498897449,3,0.060195923,0.10418701,-0.03492737,
1396206640498897449,0,0.04837036,0.1121521,-0.027114868,0.012207031,-0.0262146,0.012084961,
1396206640519008533,3,-0.054626465,0.16293335,-0.044006348,
1396206640519008533,0,-0.06645203,0.17089844,-0.036193848,0.014877319,0.010101318,0.010482788,
1396206640539150135,3,-0.0957489,0.08282471,-0.029586792,
1396206640539150135,0,-0.10757446,0.090789795,-0.021774292,-0.01876831,0.03894043,-7.324219E-4,
1396206640559261219,3,0.011062622,-0.01864624,0.0259552,
1396206640559261219,0,-7.6293945E-4,-0.010681152,0.0337677,-0.051879883,0.021850586,-0.009277344,
1396206640579402820,3,0.10131836,0.03048706,0.0713501,
1396206640579402820,0,0.0894928,0.03845215,0.0791626,-0.009689331,-0.02407837,0.0030059814,
1396206640599544422,3,0.0340271,0.15492249,0.049987793,
1396206640599544422,0,0.022201538,0.16288757,0.057800293,0.013809204,-0.013931274,0.022232056,
1396206640619686024,3,-0.0605011,0.19551086,0.010467529,
1396206640619686024,0,-0.07232666,0.20347595,0.01828003,0.00579834,0.0010223389,0.010482788,
1396206640640682117,3,-0.079193115,0.23823547,0.020080566,
1396206640640682117,0,-0.09101868,0.24620056,0.027893066,-0.019302368,-0.0043182373,8.69751E-4,
1396206640659938709,3,-0.028457642,0.29003906,0.049987793,
1396206640659938709,0,-0.040283203,0.29800415,0.057800293,-0.027313232,-0.0027160645,0.0030059814,
1396206640680080311,3,0.06072998,0.29537964,0.064941406,
1396206640760707752,3,0.16326904,0.42034912,0.09591675,
1396206640760707752,0,0.15144348,0.4283142,0.10372925,0.024490356,-0.011260986,0.020095825,
1396206640780849354,3,0.028686523,0.45880127,0.0713501,
1396206640780849354,0,0.016860962,0.46676636,0.0791626,0.015945435,0.010101318,0.010482788,
1396206640800990955,3,-0.05355835,0.40112305,0.07348633,
1396206640800990955,0,-0.06538391,0.40908813,0.08129883,0.0031280518,0.0368042,0.009414673,
1396206640821132557,3,-0.14434814,0.24838257,0.0045928955,
1396206640821132557,0,-0.1561737,0.25634766,0.0124053955,-0.0118255615,0.007965088,0.0078125,
1396206640841335194,3,-0.13206482,0.23983765,-0.05949402,
1396206640841335194,0,-0.14389038,0.24780273,-0.05168152,-0.03479004,-0.0027160645,0.024902344,
1396206640861415760,3,0.075683594,0.30445862,-0.053619385,
1396206640861415760,0,0.06385803,0.3124237,-0.045806885,-0.0844574,-0.0011138916,-0.010879517,
1396206640881862537,3,0.38330078,0.24090576,0.08363342,
1396206640881862537,0,0.37147522,0.24887085,0.09144592,-0.10154724,0.058166504,-0.048797607,
1396206640901698963,3,0.4345703,0.16880798,0.15145874,
1396206640901698963,0,0.42274475,0.17677307,0.15927124,0.026626587,0.02986145,-0.00340271,
1396206640921840565,3,0.24765015,0.11380005,0.112472534,
1396206640921840565,0,0.23582458,0.12176514,0.120285034,0.04371643,0.014373779,0.03237915,
1396206640942012684,3,0.02494812,0.1105957,0.004058838,
1396206640942012684,0,0.013122559,0.11856079,0.011871338,0.03677368,0.004760742,0.03504944,
1396206640962093250,3,-0.07598877,0.1308899,-0.06803894,
1396206640962093250,0,-0.08781433,0.13885498,-0.06022644,-0.0118255615,0.0068969727,0.018493652,
1396206640982234852,3,-0.009765625,0.14370728,-0.073913574,
1396206640982234852,0,-0.021591187,0.15167236,-0.066101074,-0.038528442,0.0068969727,-1.9836426E-4,
1396206641002345936,3,0.063934326,0.10472107,-0.022109985,
1396206641002345936,0,0.052108765,0.11268616,-0.014297485,-0.012893677,0.021316528,-0.011413574,
1396206641022518055,3,0.007858276,0.08015442,0.06227112,
1396206641022518055,0,-0.003967285,0.08811951,0.07008362,0.009002686,0.002090454,-0.010345459,
1396206641042659656,3,-0.024719238,0.11433411,0.11087036,
1396206641042659656,0,-0.0365448,0.122299194,0.11868286,-0.018234253,-0.0021820068,-1.9836426E-4,
1396206641062801258,3,0.027618408,0.1383667,0.13169861,
1396206641062801258,0,0.015792847,0.14633179,0.13951111,-0.02784729,0.004760742,0.0078125,
1396206641082942860,3,0.06820679,0.1383667,0.11941528,
1396206641082942860,0,0.056381226,0.14633179,0.12722778,-0.015029907,0.007965088,0.010482788,
1396206641103084461,3,0.04257202,0.14263916,0.09324646,
1396206641103084461,0,0.03074646,0.15060425,0.10105896,0.0074005127,0.0068969727,0.017425537,
1396206641143398182,3,-0.04447937,0.016601563,0.118881226,
1396206641143398182,0,-0.05630493,0.02456665,0.12669373,-0.009155273,0.028259277,-0.0082092285,
1396206641163539783,3,-0.057296753,-0.009033203,0.16427612,
1396206641163539783,0,-0.069122314,-0.0010681152,0.17208862,-0.008087158,4.8828125E-4,0.005142212,
1396206641183681385,3,-0.07972717,0.041168213,0.1242218,
1396206641183681385,0,-0.091552734,0.0491333,0.1320343,-0.002746582,-0.004852295,0.02810669,
1396206641203896791,3,-0.10749817,0.06253052,0.040908813,
1396206641203896791,0,-0.11932373,0.070495605,0.048721313,-0.010223389,0.011169434,0.027038574,
1396206641224038393,3,-0.08560181,0.018737793,-0.012496948,
1396206641224038393,0,-0.09742737,0.02670288,-0.0046844482,-0.022506714,0.022918701,0.012084961,
1396206641244179995,3,-0.04020691,-0.03466797,0.0056610107,
1396206641244179995,0,-0.05203247,-0.02670288,0.013473511,-0.021972656,0.01864624,-0.0018005371,
1396206641264321596,3,-0.018310547,-0.037872314,0.027023315,
1396206641264321596,0,-0.030136108,-0.029907227,0.034835815,-0.013961792,0.0026245117,0.0099487305,
1396206641284402163,3,-0.007095337,-0.0154418945,0.0056610107,
1396206641284402163,0,-0.018920898,-0.0074768066,0.013473511,-0.01663208,0.0058288574,0.012084961,
1396206641304574282,3,-0.03753662,-0.02772522,-0.0039520264,
1396206641304574282,0,-0.049362183,-0.019760132,0.0038604736,0.0074005127,0.011703491,0.0078125,
1396206641324715883,3,-0.097351074,-0.09288025,-0.019439697,
1396206641324715883,0,-0.109176636,-0.08491516,-0.011627197,-0.00541687,0.03199768,0.015823364,
1396206641344888002,3,-0.12832642,-0.1767273,-0.060562134,
1396206641344888002,0,-0.14015198,-0.1687622,-0.052749634,-0.0011444092,0.027191162,0.021697998,
1396206641364999086,3,-0.17105103,-0.1842041,-0.14173889,
1396206641364999086,0,-0.18287659,-0.17623901,-0.13392639,9.918213E-4,-0.004852295,0.02810669,
1396206641385140688,3,-0.23086548,-0.116378784,-0.18339539,
1396206641385140688,0,-0.24269104,-0.1084137,-0.17558289,0.0031280518,-0.003250122,0.0078125,
1396206641405282290,3,-0.23780823,-0.11798096,-0.13960266,
1396206641405282290,0,-0.24963379,-0.11001587,-0.13179016,-0.028381348,0.007965088,-0.012481689,
1396206641425393374,3,-0.114974976,-0.120651245,-0.042938232,
1396206641425393374,0,-0.12680054,-0.11268616,-0.035125732,-0.06149292,0.010635376,-0.020492554,
1396206641445596010,3,0.1461792,-0.16925049,0.07989502,
1396206641445596010,0,0.13435364,-0.1612854,0.08770752,-0.078048706,0.021850586,-0.02583313,
1396206641465707094,3,0.26046753,-0.21517944,0.19364929,
1396206641465707094,0,0.24864197,-0.20721436,0.20146179,-7.6293945E-5,0.007965088,-0.0071411133,
1396206641485848696,3,0.08956909,-0.18901062,0.16000366,
1396206641485848696,0,0.07774353,-0.18104553,0.16781616,0.04798889,0.0010223389,0.036117554,
1396206641506020815,3,-0.046081543,-0.16818237,0.042510986,
1396206641506020815,0,-0.057907104,-0.16021729,0.050323486,-0.0064849854,0.003692627,0.029708862,
1396206641526162416,3,0.012664795,-0.14788818,-0.016235352,
1396206641526162416,0,8.392334E-4,-0.1399231,-0.008422852,-0.040664673,0.0026245117,0.01902771,
1396206641546304018,3,0.07888794,-0.11050415,-0.031188965,
1396206641546304018,0,0.06706238,-0.10253906,-0.023376465,-0.0064849854,-0.008056641,8.69751E-4,
1396206641566415102,3,-0.014572144,-0.042678833,0.029159546,
1396206641566415102,0,-0.026397705,-0.034713745,0.036972046,0.015411377,-0.006454468,-0.010345459,
1396206641586556704,3,-0.06690979,-0.020248413,0.060134888,
1396206641586556704,0,-0.07873535,-0.012283325,0.06794739,-0.01449585,0.015975952,0.011016846,
1396206641606698305,3,-0.03753662,-0.11103821,0.009933472,
1396206641606698305,0,-0.049362183,-0.10307312,0.017745972,-0.024642944,0.04588318,0.02810669,
1396206641626839907,3,0.0035858154,-0.26644897,-0.053085327,
1396206641626839907,0,-0.008239746,-0.2584839,-0.045272827,-0.017700195,0.03466797,0.018493652,
1396206641646981508,3,-6.866455E-4,-0.29956055,-0.089401245,
1396206641646981508,0,-0.012512207,-0.29159546,-0.081588745,-0.0038146973,-0.00592041,0.013153076,
1396206641667123110,3,-0.06317139,-0.25149536,-0.12625122,
1396206641667123110,0,-0.07499695,-0.24353027,-0.11843872,0.010604858,-5.79834E-4,0.015823364,
1396206641687264711,3,-0.18013,-0.22319031,-0.13426208,
1396206641687264711,0,-0.19195557,-0.21522522,-0.12644958,0.027160645,-0.0043182373,0.0046081543,
1396206641707406313,3,-0.32859802,-0.19648743,-0.118774414,
1396206641707406313,0,-0.34042358,-0.18852234,-0.110961914,0.016479492,0.0042266846,0.005142212,
1396206641727547915,3,-0.38734436,-0.18580627,-0.120910645,
1396206641727547915,0,-0.39916992,-0.17784119,-0.113098145,-0.011291504,-0.006454468,0.012619019,
1396206641747689516,3,-0.3339386,-0.13079834,-0.13052368,
1396206641747689516,0,-0.34576416,-0.12283325,-0.12271118,-0.040130615,0.0026245117,0.0040740967,
1396206641767800600,3,-0.20523071,-0.15483093,-0.085128784,
1396206641767800600,0,-0.21705627,-0.14686584,-0.077316284,-0.042800903,0.022384644,-0.006072998,
1396206641787911684,3,-0.12565613,-0.18367004,-0.042938232,
1396206641787911684,0,-0.13748169,-0.17570496,-0.035125732,-0.017700195,0.010635376,-1.9836426E-4,
1396206641808114321,3,-0.10910034,-0.19168091,-0.005554199,
1396206641808114321,0,-0.1209259,-0.18371582,0.0022583008,-0.019302368,0.0068969727,-0.004470825,
1396206641828255922,3,-0.0605011,-0.17245483,0.04144287,
1396206641828255922,0,-0.07232666,-0.16448975,0.04925537,-0.029449463,0.003692627,0.0019378662,
1396206641849221499,3,0.012130737,-0.12705994,0.030761719,
1396206641849221499,0,3.0517578E-4,-0.11909485,0.03857422,-0.025177002,-0.020339966,0.014755249,
1396206641868539125,3,0.050582886,-0.04107666,-0.008224487,
1396206641868539125,0,0.038757324,-0.033111572,-4.119873E-4,-0.028381348,-0.009124756,0.019561768,
1396206641888680727,3,0.21400452,-0.09875488,-0.08192444,
1396206641888680727,0,0.20217896,-0.090789795,-0.07411194,-0.07858276,0.051757813,0.031311035,
1396206641908822329,3,0.4511261,-0.25897217,-0.13105774,
1396206641908822329,0,0.43930054,-0.25100708,-0.12324524,-0.05508423,0.035736084,-7.324219E-4,
1396206641928963930,3,0.4799652,-0.31184387,-0.008224487,
1396206641928963930,0,0.46813965,-0.30387878,-4.119873E-4,0.041046143,0.0031585693,-0.040252686,
1396206641949960024,3,-0.021514893,-0.14949036,0.20272827,
1396206641949960024,0,-0.033340454,-0.14152527,0.21054077,0.16334534,-0.056655884,-0.047195435,
1396206641969247133,3,-0.66719055,0.039031982,0.3458557,
1396206641969247133,0,-0.6790161,0.04699707,0.3536682,0.121154785,-0.02407837,-0.0066070557,
1396206641989388735,3,-0.9662628,0.13676453,0.32182312,
1396206641989388735,0,-0.9780884,0.14472961,0.32963562,-0.0038146973,-0.012863159,0.033447266,
1396206642009530336,3,-0.7531738,0.1976471,0.21180725,
1396206642009530336,0,-0.7649994,0.20561218,0.21961975,-0.1197052,0.0074310303,0.031311035,
1396206642029671938,3,-0.21003723,0.13035583,0.15092468,
1396206642029671938,0,-0.2218628,0.13832092,0.15873718,-0.15655518,0.023452759,0.018493652,
1396206642050637514,3,0.12374878,0.13729858,0.11300659,
1396206642050637514,0,0.11192322,0.14526367,0.12081909,-0.026779175,-0.011260986,0.012619019,
1396206642070016176,3,0.0073242188,0.28363037,0.12261963,
1396206642070016176,0,-0.004501343,0.29159546,0.13043213,0.04371643,-0.02835083,0.0030059814,
1396206642090096743,3,-0.15930176,0.33703613,0.12689209,
1396206642090096743,0,-0.17112732,0.34500122,0.13470459,0.012741089,0.0154418945,0.011550903,
1396206642110238344,3,-0.1662445,0.2227478,0.13223267,
1396206642110238344,0,-0.17807007,0.23071289,0.14004517,-0.025177002,0.053894043,0.0019378662,
1396206642130379946,3,-0.19561768,0.11112976,0.14291382,
1396206642130379946,0,-0.20744324,0.11909485,0.15072632,0.014877319,0.014907837,0.006210327,
1396206642150552065,3,-0.2773285,0.100982666,0.1028595,
1396206642150552065,0,-0.28915405,0.108947754,0.110672,-0.0059509277,-0.0069885254,0.03024292,
1396206642170663149,3,-0.21057129,0.34825134,0.040374756,
1396206642170663149,0,-0.22239685,0.35621643,0.048187256,-0.044937134,-0.08229065,0.020095825,
1396206642190774233,3,0.0051879883,0.64945984,-0.022644043,
1396206642190774233,0,-0.0066375732,0.6574249,-0.014831543,-0.10261536,-0.057724,0.026504517,
1396206642210976870,3,0.28450012,0.39364624,-0.07711792,
1396206642210976870,0,0.27267456,0.40161133,-0.06930542,0.098724365,0.35617065,-0.089920044,
1396206642231210024,3,-0.0119018555,-0.10623169,0.29992676,
1396206642231210024,0,-0.023727417,-0.0982666,0.30773926,0.01914978,0.01864624,-0.04612732,
1396206642252023012,3,-0.013504028,-0.12652588,0.31221008,
1396206642252023012,0,-0.02532959,-0.11856079,0.32002258,-0.037994385,-0.013397217,0.037719727,
1396206642271371157,3,0.1007843,-0.042678833,0.14344788,
1396206642271371157,0,0.08895874,-0.034713745,0.15126038,-0.009155273,-0.0043182373,0.06869507,
1396206642291482241,3,-0.14808655,-0.025054932,-0.029052734,
1396206642291482241,0,-0.15991211,-0.017089844,-0.021240234,0.096588135,0.013305664,0.026504517,
