1396207105622417511,2,4.258728,-49.85962,-13.378906,
1396207105622417511,-96,45.088196,-70.62836,28.875732,40.859985,-19.198608,41.999817,
1396207105642498077,2,4.1992188,-49.739075,-13.259888,
1396207105642498077,-96,44.58618,-67.770386,28.382874,40.859985,-19.198608,41.999817,
1396207105663738312,2,3.9596558,-49.679565,-13.259888,
1396207105663738312,-96,44.085693,-68.94684,27.890015,40.859985,-19.198608,41.999817,
1396207105682781280,2,4.019165,-49.438477,-13.499451,
1396207105682781280,-96,45.088196,-67.60254,27.233887,40.859985,-19.198608,41.999817,
1396207105703716339,2,3.8391113,-49.49951,-13.499451,
1396207105703716339,-96,44.75403,-68.94684,28.546143,40.859985,-19.198608,41.999817,
1396207105723125519,2,3.6590576,-49.49951,-13.679504,
1396207105723125519,-96,44.75403,-68.611145,28.546143,40.859985,-19.198608,41.999817,
1396207105743206085,2,3.718567,-49.49951,-13.859558,
1396207105743206085,-96,44.75403,-68.94684,28.218079,40.859985,-19.198608,41.999817,
1396207105763408722,2,3.8986206,-49.49951,-13.619995,
1396207105763408722,-96,45.75653,-68.611145,30.187988,40.859985,-19.198608,41.999817,
1396207105783550323,2,3.8986206,-49.319458,-13.739014,
1396207105783550323,-96,45.088196,-68.94684,27.890015,40.859985,-19.198608,41.999817,
1396207105804271759,2,4.019165,-49.55902,-13.739014,
1396207105804271759,-96,45.75653,-69.61975,28.546143,40.859985,-19.198608,41.999817,
1396207105823803009,2,4.1397095,-49.378967,-13.499451,
1396207105823803009,-96,44.92035,-67.770386,29.69513,40.859985,-19.198608,41.999817,
1396207105843975128,2,4.0786743,-49.679565,-13.259888,
1396207105843975128,-96,44.25354,-69.7876,29.367065,40.859985,-19.198608,41.999817,
1396207105864025177,2,4.1397095,-49.61853,-13.319397,
1396207105864025177,-96,45.254517,-68.4433,28.05481,40.859985,-19.198608,41.999817,
1396207105884258331,2,3.9596558,-49.739075,-13.198853,
1396207105884258331,-96,43.751526,-69.61975,29.203796,40.859985,-19.198608,41.999817,
1396207105904918732,2,3.9596558,-49.798584,-13.198853,
1396207105904918732,-96,44.41986,-69.28406,28.546143,40.859985,-19.198608,41.999817,
1396207105924633087,2,3.8391113,-49.798584,-13.259888,
1396207105924633087,-96,45.088196,-68.94684,29.53186,40.859985,-19.198608,41.999817,
1396207105944622101,2,3.779602,-49.739075,-13.139343,
1396207105944622101,-96,44.58618,-68.4433,28.710938,40.859985,-19.198608,41.999817,
1396207105964855255,2,3.718567,-49.55902,-13.018799,
1396207105964855255,-96,45.254517,-68.10608,29.69513,40.859985,-19.198608,41.999817,
1396207105984905304,2,3.779602,-49.85962,-13.139343,
1396207105984905304,-96,45.254517,-69.7876,28.710938,40.859985,-19.198608,41.999817,
1396207106005962433,2,3.9596558,-49.55902,-13.259888,
1396207106005962433,-96,46.089172,-67.60254,28.546143,40.859985,-19.198608,41.999817,
1396207106025249542,2,3.8986206,-49.798584,-13.079834,
1396207106025249542,-96,44.58618,-70.46051,29.367065,40.859985,-19.198608,41.999817,
1396207106045330109,2,4.1397095,-49.679565,-13.079834,
1396207106045330109,-96,45.588684,-68.77899,29.367065,40.859985,-19.198608,41.999817,
1396207106065471710,2,3.8986206,-49.61853,-13.198853,
1396207106065471710,-96,42.75055,-68.611145,27.890015,40.859985,-19.198608,41.999817,
1396207106085674347,2,3.6590576,-49.679565,-13.259888,
1396207106085674347,-96,43.084717,-69.28406,28.546143,40.859985,-19.198608,41.999817,
1396207106106334747,2,3.718567,-49.798584,-13.198853,
1396207106106334747,-96,45.254517,-69.451904,29.69513,40.859985,-19.198608,41.999817,
1396207106126018585,2,3.4194946,-49.85962,-13.079834,
1396207106126018585,-96,42.41638,-68.94684,30.187988,40.859985,-19.198608,41.999817,
1396207106146221222,2,3.2989502,-49.739075,-12.89978,
1396207106146221222,-96,44.58618,-68.4433,30.351257,40.859985,-19.198608,41.999817,
1396207106166240753,2,3.0593872,-49.978638,-12.719727,
1396207106166240753,-96,43.919373,-69.7876,30.023193,40.859985,-19.198608,41.999817,
1396207106186321320,2,3.0593872,-49.91913,-12.658691,
1396207106186321320,-96,44.58618,-69.7876,29.69513,40.859985,-19.198608,41.999817,
1396207106207042755,2,2.758789,-49.978638,-12.658691,
1396207106207042755,-96,43.084717,-69.28406,29.203796,40.859985,-19.198608,41.999817,
1396207106226574005,2,2.999878,-49.85962,-12.478638,
1396207106226574005,-96,44.92035,-67.770386,29.367065,40.859985,-19.198608,41.999817,
1396207106246746124,2,3.239441,-49.85962,-12.359619,
1396207106246746124,-96,45.088196,-68.94684,29.53186,40.859985,-19.198608,41.999817,
1396207106267650665,2,3.1188965,-49.85962,-12.298584,
1396207106267650665,-96,44.085693,-69.95697,30.187988,40.859985,-19.198608,41.999817,
1396207106287029327,2,3.239441,-49.798584,-12.478638,
1396207106287029327,-96,43.751526,-68.273926,28.875732,40.859985,-19.198608,41.999817,
1396207106308147491,2,3.239441,-50.039673,-12.658691,
1396207106308147491,-96,44.25354,-70.12482,28.710938,40.859985,-19.198608,41.999817,
1396207106328075470,2,3.3599854,-49.91913,-12.719727,
1396207106328075470,-96,44.75403,-68.94684,29.859924,40.859985,-19.198608,41.999817,
1396207106347515167,2,3.1799316,-49.679565,-12.599182,
1396207106347515167,-96,43.251038,-68.10608,30.351257,40.859985,-19.198608,41.999817,
1396207106367717804,2,3.2989502,-49.739075,-12.719727,
1396207106367717804,-96,44.085693,-69.61975,28.218079,40.859985,-19.198608,41.999817,
1396207106387798370,2,3.0593872,-49.978638,-12.719727,
1396207106387798370,-96,43.251038,-69.451904,29.367065,40.859985,-19.198608,41.999817,
1396207106410015167,2,2.8793335,-49.978638,-12.779236,
1396207106410015167,-96,43.41736,-68.94684,29.203796,40.859985,-19.198608,41.999817,
1396207106428777700,2,2.758789,-50.039673,-12.89978,
1396207106428777700,-96,43.084717,-70.29266,28.875732,40.859985,-19.198608,41.999817,
1396207106448461538,2,2.758789,-50.219727,-12.838745,
1396207106448461538,-96,43.585205,-70.12482,29.367065,40.859985,-19.198608,41.999817,
1396207106468694692,2,2.6397705,-50.099182,-12.779236,
1396207106468694692,-96,43.251038,-69.114685,29.69513,40.859985,-19.198608,41.999817,
1396207106488744741,2,2.4597168,-50.039673,-12.779236,
1396207106488744741,-96,43.751526,-68.611145,29.53186,40.859985,-19.198608,41.999817,
1396207106509435659,2,2.5787354,-50.219727,-13.079834,
1396207106509435659,-96,43.919373,-69.451904,28.05481,40.859985,-19.198608,41.999817,
1396207106529485708,2,2.3986816,-50.099182,-13.139343,
1396207106529485708,-96,42.75055,-68.611145,27.890015,40.859985,-19.198608,41.999817,
1396207106549291616,2,2.279663,-49.85962,-13.139343,
1396207106549291616,-96,42.248535,-67.43317,29.69513,40.859985,-19.198608,41.999817,
1396207106569524770,2,2.3986816,-49.978638,-13.079834,
1396207106569524770,-96,44.25354,-69.7876,29.367065,40.859985,-19.198608,41.999817,
1396207106589391714,2,2.3986816,-49.798584,-13.079834,
1396207106589391714,-96,43.084717,-68.94684,28.875732,40.859985,-19.198608,41.999817,
1396207106610509878,2,2.4597168,-49.61853,-13.079834,
1396207106610509878,-96,44.25354,-68.77899,29.69513,40.859985,-19.198608,41.999817,
1396207106630132681,2,2.5787354,-49.61853,-13.079834,
1396207106630132681,-96,44.25354,-69.114685,29.69513,40.859985,-19.198608,41.999817,
1396207106649816518,2,2.5787354,-49.739075,-12.95929,
1396207106649816518,-96,43.41736,-69.61975,30.516052,40.859985,-19.198608,41.999817,
1396207106669927602,2,2.519226,-49.739075,-12.779236,
1396207106669927602,-96,43.41736,-69.61975,29.203796,40.859985,-19.198608,41.999817,
1396207106690099722,2,2.6397705,-49.85962,-12.599182,
1396207106690099722,-96,43.919373,-69.451904,29.367065,40.859985,-19.198608,41.999817,
1396207106710760122,2,2.6397705,-50.099182,-12.658691,
1396207106710760122,-96,42.248535,-69.114685,29.367065,40.859985,-19.198608,41.999817,
1396207106730932241,2,2.3986816,-49.978638,-12.658691,
1396207106730932241,-96,42.582703,-69.114685,29.039001,40.859985,-19.198608,41.999817,
1396207106750494009,2,2.519226,-49.978638,-12.599182,
1396207106750494009,-96,43.919373,-68.77899,29.69513,40.859985,-19.198608,41.999817,
1396207106770727163,2,2.6397705,-49.978638,-12.658691,
1396207106770727163,-96,45.588684,-69.114685,29.367065,40.859985,-19.198608,41.999817,
1396207106790807729,2,2.6397705,-49.978638,-12.658691,
1396207106790807729,-96,44.085693,-68.94684,29.203796,40.859985,-19.198608,41.999817,
1396207106811468130,2,2.6992798,-49.91913,-12.838745,
1396207106811468130,-96,44.085693,-69.28406,29.53186,40.859985,-19.198608,41.999817,
1396207106872137075,2,3.0593872,-49.91913,-12.658691,
1396207106872137075,-96,44.75403,-68.94684,29.203796,40.859985,-19.198608,41.999817,
1396207106891515737,2,3.1799316,-49.798584,-12.478638,
1396207106891515737,-96,43.251038,-67.770386,30.351257,40.859985,-19.198608,41.999817,
1396207106912633901,2,3.1799316,-49.798584,-12.419128,
1396207106912633901,-96,43.919373,-69.114685,30.023193,40.859985,-19.198608,41.999817,
1396207106932287222,2,3.0593872,-49.739075,-12.419128,
1396207106932287222,-96,44.58618,-68.4433,29.039001,40.859985,-19.198608,41.999817,
1396207106952062612,2,2.9388428,-49.739075,-12.239075,
1396207106952062612,-96,42.91687,-69.114685,31.007385,40.859985,-19.198608,41.999817,
1396207106972082143,2,2.8198242,-49.739075,-12.059021,
1396207106972082143,-96,42.91687,-69.114685,31.007385,40.859985,-19.198608,41.999817,
1396207106992284780,2,2.6397705,-49.55902,-11.938477,
1396207106992284780,-96,42.75055,-68.94684,30.844116,40.859985,-19.198608,41.999817,
1396207107014928823,2,2.4597168,-49.679565,-11.698914,
1396207107014928823,-96,42.248535,-69.7876,31.663513,40.859985,-19.198608,41.999817,
1396207107033117300,2,2.0385742,-49.739075,-11.338806,
1396207107033117300,-96,41.24756,-69.7876,32.31964,40.859985,-19.198608,41.999817,
1396207107052709585,2,2.0385742,-50.099182,-11.039734,
1396207107052709585,-96,43.41736,-70.29266,32.8125,40.859985,-19.198608,41.999817,
1396207107072790151,2,1.6189575,-49.85962,-10.679626,
1396207107072790151,-96,40.579224,-67.43317,32.977295,40.859985,-19.198608,41.999817,
1396207107092992788,2,1.1398315,-50.039673,-10.139465,
1396207107092992788,-96,40.745544,-69.61975,33.140564,40.859985,-19.198608,41.999817,
1396207107113714224,2,1.0192871,-49.798584,-9.959412,
1396207107113714224,-96,41.914368,-67.43317,32.647705,40.859985,-19.198608,41.999817,
1396207107133886343,2,0.8392334,-49.798584,-9.899902,
1396207107133886343,-96,41.914368,-68.77899,31.663513,40.859985,-19.198608,41.999817,
1396207107153417593,2,0.53863525,-49.798584,-9.719849,
1396207107153417593,-96,40.078735,-69.28406,31.828308,40.859985,-19.198608,41.999817,
1396207107174139028,2,0.47912598,-49.85962,-9.539795,
1396207107174139028,-96,41.748047,-70.29266,33.468628,40.859985,-19.198608,41.999817,
1396207107193700796,2,0.53863525,-49.798584,-9.359741,
1396207107193700796,-96,41.914368,-69.114685,33.633423,40.859985,-19.198608,41.999817,
1396207107214849477,2,0.119018555,-49.438477,-9.4192505,
1396207107214849477,-96,39.744568,-67.60254,32.156372,40.859985,-19.198608,41.999817,
1396207107234759586,2,0.17852783,-49.49951,-9.4192505,
1396207107234759586,-96,41.079712,-67.93823,33.140564,40.859985,-19.198608,41.999817,
1396207107254138248,2,0.119018555,-49.438477,-9.239197,
1396207107254138248,-96,40.411377,-69.28406,34.45282,40.859985,-19.198608,41.999817,
1396207107274279849,2,0.119018555,-49.61853,-8.999634,
1396207107274279849,-96,41.914368,-69.114685,34.28955,40.859985,-19.198608,41.999817,
1396207107294451969,2,0.17852783,-49.55902,-8.639526,
1396207107294451969,-96,42.248535,-68.10608,34.617615,40.859985,-19.198608,41.999817,
1396207107315234439,2,0.35858154,-49.55902,-8.459473,
1396207107315234439,-96,41.748047,-68.94684,33.468628,40.859985,-19.198608,41.999817,
1396207107335498111,2,0.4196167,-49.378967,-8.399963,
1396207107335498111,-96,42.082214,-68.94684,33.79669,40.859985,-19.198608,41.999817,
1396207107354968326,2,0.29907227,-49.378967,-8.459473,
1396207107354968326,-96,41.079712,-68.94684,33.468628,40.859985,-19.198608,41.999817,
1396207107375079410,2,0.4196167,-49.61853,-8.279419,
1396207107375079410,-96,40.579224,-69.451904,33.30536,40.859985,-19.198608,41.999817,
1396207107395159976,2,0.7797241,-49.55902,-8.279419,
1396207107395159976,-96,43.919373,-67.770386,33.30536,40.859985,-19.198608,41.999817,
1396207107415881412,2,0.8987427,-49.55902,-8.578491,
1396207107415881412,-96,41.41388,-68.94684,31.500244,40.859985,-19.198608,41.999817,
1396207107436206119,2,0.8392334,-49.319458,-8.81958,
1396207107436206119,-96,41.41388,-67.26532,32.484436,40.859985,-19.198608,41.999817,
1396207107455493228,2,0.8392334,-49.25995,-9.1796875,
1396207107455493228,-96,42.41638,-67.93823,31.828308,40.859985,-19.198608,41.999817,
1396207107476855533,2,0.8987427,-49.198914,-9.298706,
1396207107476855533,-96,42.248535,-68.4433,32.31964,40.859985,-19.198608,41.999817,
1396207107495867984,2,1.0787964,-49.319458,-9.4192505,
1396207107495867984,-96,43.251038,-69.451904,32.977295,40.859985,-19.198608,41.999817,
1396207107517016666,2,1.3793945,-49.139404,-9.539795,
1396207107517016666,-96,43.41736,-67.93823,32.8125,40.859985,-19.198608,41.999817,
1396207107536853092,2,1.739502,-49.01886,-9.47876,
1396207107536853092,-96,43.585205,-68.10608,33.633423,40.859985,-19.198608,41.999817,
1396207107556109683,2,1.739502,-48.89984,-9.4192505,
1396207107556109683,-96,43.751526,-66.92963,34.124756,40.859985,-19.198608,41.999817,
1396207107576617496,2,1.8585205,-48.779297,-9.1796875,
1396207107576617496,-96,42.41638,-67.93823,33.140564,40.859985,-19.198608,41.999817,
1396207107596575992,2,2.1591187,-48.838806,-8.81958,
1396207107596575992,-96,44.25354,-67.770386,35.601807,40.859985,-19.198608,41.999817,
1396207107617236392,2,2.3986816,-48.719788,-8.338928,
1396207107617236392,-96,44.085693,-67.26532,35.765076,40.859985,-19.198608,41.999817,
1396207107637469547,2,2.519226,-48.95935,-7.739258,
1396207107637469547,-96,43.084717,-69.95697,37.078857,40.859985,-19.198608,41.999817,
1396207107656665103,2,2.4597168,-48.599243,-7.1395874,
1396207107656665103,-96,43.084717,-66.92963,37.734985,40.859985,-19.198608,41.999817,
1396207107677020328,2,2.5787354,-48.719788,-6.539917,
1396207107677020328,-96,44.085693,-68.94684,37.40692,40.859985,-19.198608,41.999817,
1396207107697222965,2,2.4597168,-48.838806,-6.1187744,
1396207107697222965,-96,42.91687,-68.77899,37.242126,40.859985,-19.198608,41.999817,
1396207107718005435,2,2.6397705,-49.25995,-5.6396484,
1396207107718005435,-96,44.75403,-70.62836,37.734985,40.859985,-19.198608,41.999817,
1396207107738238590,2,2.8198242,-49.25995,-4.8599243,
1396207107738238590,-96,44.085693,-67.60254,39.375305,40.859985,-19.198608,41.999817,
1396207107757556217,2,2.6992798,-49.378967,-4.1992188,
1396207107757556217,-96,43.585205,-68.77899,40.85083,40.859985,-19.198608,41.999817,
1396207107778369205,2,2.6992798,-49.438477,-3.9596558,
1396207107778369205,-96,43.585205,-67.770386,37.898254,40.859985,-19.198608,41.999817,
1396207107797992008,2,2.8793335,-49.319458,-3.6590576,
1396207107797992008,-96,44.58618,-69.114685,39.21051,40.859985,-19.198608,41.999817,
1396207107819140689,2,2.8793335,-49.49951,-3.479004,
1396207107819140689,-96,43.084717,-68.611145,39.04724,40.859985,-19.198608,41.999817,
1396207107839038150,2,2.758789,-49.438477,-3.3599854,
1396207107839038150,-96,43.251038,-68.10608,38.554382,40.859985,-19.198608,41.999817,
1396207107858142154,2,2.758789,-49.49951,-3.2989502,
1396207107858142154,-96,42.91687,-69.451904,37.898254,40.859985,-19.198608,41.999817,
1396207107878527896,2,2.519226,-49.25995,-3.1188965,
1396207107878527896,-96,42.75055,-68.273926,38.719177,40.859985,-19.198608,41.999817,
1396207107898700015,2,2.4597168,-49.378967,-3.239441,
1396207107898700015,-96,43.751526,-68.611145,38.719177,40.859985,-19.198608,41.999817,
1396207107920977848,2,2.3391724,-49.139404,-3.479004,
1396207107920977848,-96,42.248535,-66.76178,38.882446,40.859985,-19.198608,41.999817,
1396207107939685123,2,2.1591187,-49.198914,-3.5995483,
1396207107939685123,-96,42.582703,-68.10608,36.914063,40.859985,-19.198608,41.999817,
1396207107958911197,2,1.7990112,-49.01886,-3.779602,
1396207107958911197,-96,41.748047,-67.93823,37.40692,40.859985,-19.198608,41.999817,
1396207107979449527,2,1.6189575,-49.01886,-3.8986206,
1396207107979449527,-96,41.581726,-68.4433,38.22632,40.859985,-19.198608,41.999817,
1396207107999408023,2,1.3198853,-49.01886,-3.8986206,
1396207107999408023,-96,40.91339,-68.10608,38.882446,40.859985,-19.198608,41.999817,
1396207108019976871,2,1.0192871,-48.779297,-3.8986206,
1396207108019976871,-96,40.411377,-67.60254,37.734985,40.859985,-19.198608,41.999817,
1396207108039691226,2,0.71868896,-48.719788,-4.019165,
1396207108039691226,-96,40.245056,-67.770386,37.898254,40.859985,-19.198608,41.999817,
1396207108059497135,2,0.29907227,-48.599243,-4.1397095,
1396207108059497135,-96,40.411377,-67.93823,37.734985,40.859985,-19.198608,41.999817,
1396207108121112125,2,-0.23956299,-48.89984,-3.779602,
1396207108121112125,-96,40.245056,-68.77899,39.86664,40.859985,-19.198608,41.999817,
1396207108141009586,2,-0.4196167,-48.95935,-3.5385132,
1396207108141009586,-96,40.411377,-68.94684,40.031433,40.859985,-19.198608,41.999817,
1396207108160205142,2,-0.29907227,-49.01886,-3.2989502,
1396207108160205142,-96,41.581726,-68.77899,40.85083,40.859985,-19.198608,41.999817,
1396207108180682437,2,-0.4196167,-49.139404,-2.8793335,
1396207108180682437,-96,39.57672,-68.4433,40.85083,40.859985,-19.198608,41.999817,
1396207108200946109,2,-0.23956299,-49.139404,-2.6992798,
1396207108200946109,-96,41.748047,-67.93823,39.70337,40.859985,-19.198608,41.999817,
1396207108223101871,2,-0.17852783,-49.25995,-2.3391724,
1396207108223101871,-96,41.24756,-68.4433,40.522766,40.859985,-19.198608,41.999817,
1396207108241839664,2,0.0,-49.55902,-2.0385742,
1396207108241839664,-96,41.914368,-69.7876,41.18042,40.859985,-19.198608,41.999817,
1396207108261157291,2,-0.059509277,-49.438477,-1.8585205,
1396207108261157291,-96,40.579224,-68.4433,39.21051,40.859985,-19.198608,41.999817,
1396207108281390445,2,0.059509277,-49.378967,-1.739502,
1396207108281390445,-96,41.41388,-68.273926,40.68756,40.859985,-19.198608,41.999817,
1396207108301532047,2,0.059509277,-49.49951,-1.6189575,
1396207108301532047,-96,40.411377,-69.61975,41.015625,40.859985,-19.198608,41.999817,
1396207108322253482,2,-0.17852783,-49.438477,-1.5594482,
1396207108322253482,-96,39.57672,-68.10608,41.18042,40.859985,-19.198608,41.999817,
1396207108342486637,2,-0.23956299,-49.49951,-1.5594482,
1396207108342486637,-96,39.076233,-69.28406,40.68756,40.859985,-19.198608,41.999817,
1396207108361956851,2,-0.5996704,-49.739075,-1.4389038,
1396207108361956851,-96,38.909912,-69.451904,40.522766,40.859985,-19.198608,41.999817,
1396207108382190006,2,-0.8392334,-49.798584,-1.3793945,
1396207108382190006,-96,39.4104,-69.28406,41.34369,40.859985,-19.198608,41.999817,
1396207108402209537,2,-1.1993408,-49.739075,-1.2588501,
1396207108402209537,-96,38.575745,-69.114685,42.16461,40.859985,-19.198608,41.999817,
1396207108423266666,2,-1.3198853,-49.798584,-0.95977783,
1396207108423266666,-96,39.91089,-69.114685,41.508484,40.859985,-19.198608,41.999817,
1396207108443194644,2,-1.7990112,-50.039673,-0.95977783,
1396207108443194644,-96,37.573242,-70.12482,40.522766,40.859985,-19.198608,41.999817,
1396207108462603824,2,-2.1591187,-50.15869,-1.2588501,
1396207108462603824,-96,37.40692,-70.62836,38.719177,40.859985,-19.198608,41.999817,
1396207108482653873,2,-2.3391724,-50.219727,-1.8585205,
1396207108482653873,-96,38.07373,-68.94684,36.421204,40.859985,-19.198608,41.999817,
1396207108502887027,2,-2.279663,-50.338745,-2.1591187,
1396207108502887027,-96,39.57672,-69.7876,38.22632,40.859985,-19.198608,41.999817,
1396207108525164859,2,-2.3391724,-50.39978,-2.519226,
1396207108525164859,-96,38.575745,-70.46051,37.57019,40.859985,-19.198608,41.999817,
1396207108543963687,2,-2.519226,-50.39978,-3.1799316,
1396207108543963687,-96,37.739563,-68.94684,36.421204,40.859985,-19.198608,41.999817,
1396207108563372867,2,-2.5787354,-50.338745,-3.779602,
1396207108563372867,-96,38.407898,-68.611145,37.078857,40.859985,-19.198608,41.999817,
1396207108583514469,2,-2.758789,-50.5188,-4.4387817,
1396207108583514469,-96,38.407898,-70.62836,36.421204,40.859985,-19.198608,41.999817,
1396207108603778140,2,-2.8198242,-50.579834,-4.9194336,
1396207108603778140,-96,37.072754,-70.62836,36.749268,40.859985,-19.198608,41.999817,
1396207108624285953,2,-2.8793335,-50.579834,-5.1589966,
1396207108624285953,-96,36.904907,-70.79773,36.914063,40.859985,-19.198608,41.999817,
1396207108644549625,2,-2.9388428,-50.759888,-5.039978,
1396207108644549625,-96,37.239075,-70.12482,37.242126,40.859985,-19.198608,41.999817,
1396207108664019840,2,-3.239441,-50.93994,-5.0994873,
1396207108664019840,-96,37.072754,-71.30127,37.734985,40.859985,-19.198608,41.999817,
1396207108684100406,2,-3.3599854,-50.99945,-5.1589966,
1396207108684100406,-96,37.739563,-70.965576,37.078857,40.859985,-19.198608,41.999817,
1396207108704303043,2,-3.4194946,-51.298523,-5.039978,
1396207108704303043,-96,37.40692,-71.30127,37.40692,40.859985,-19.198608,41.999817,
1396207108725360172,2,-3.479004,-51.719666,-4.978943,
1396207108725360172,-96,38.07373,-71.97418,37.40692,40.859985,-19.198608,41.999817,
1396207108744647281,2,-3.5995483,-52.018738,-4.798889,
1396207108744647281,-96,37.40692,-72.98279,38.06305,40.859985,-19.198608,41.999817,
1396207108764727848,2,-3.5995483,-52.19879,-4.6188354,
1396207108764727848,-96,37.239075,-72.14203,37.898254,40.859985,-19.198608,41.999817,
1396207108784747379,2,-3.5385132,-52.43988,-4.559326,
1396207108784747379,-96,37.072754,-72.309875,37.734985,40.859985,-19.198608,41.999817,
1396207108805011051,2,-3.718567,-52.738953,-4.499817,
1396207108805011051,-96,36.07025,-72.98279,37.734985,40.859985,-19.198608,41.999817,
1396207108827313307,2,-3.718567,-52.978516,-4.4387817,
1396207108827313307,-96,37.072754,-72.98279,38.06305,40.859985,-19.198608,41.999817,
1396207108846020582,2,-3.8391113,-53.219604,-4.258728,
1396207108846020582,-96,36.738586,-72.98279,38.719177,40.859985,-19.198608,41.999817,
1396207108865460280,2,-4.019165,-53.69873,-4.1992188,
1396207108865460280,-96,36.07025,-75.001526,38.06305,40.859985,-19.198608,41.999817,
1396207108885357741,2,-4.1397095,-53.99933,-4.1992188,
1396207108885357741,-96,36.738586,-74.66431,37.078857,40.859985,-19.198608,41.999817,
1396207108905774000,2,-4.258728,-54.23889,-4.258728,
1396207108905774000,-96,36.738586,-74.66431,37.40692,40.859985,-19.198608,41.999817,
1396207108926556471,2,-4.3792725,-54.418945,-4.319763,
1396207108926556471,-96,36.236572,-73.487854,37.57019,40.859985,-19.198608,41.999817,
1396207108946728590,2,-4.6188354,-54.47998,-4.499817,
1396207108946728590,-96,35.401917,-72.98279,36.09314,40.859985,-19.198608,41.999817,
1396207108966259840,2,-4.8599243,-54.779053,-4.3792725,
1396207108966259840,-96,33.898926,-75.505066,38.882446,40.859985,-19.198608,41.999817,
1396207108986096266,2,-5.0994873,-54.959106,-4.559326,
1396207108986096266,-96,35.235596,-74.49646,36.586,40.859985,-19.198608,41.999817,
1396207109006665114,2,-5.3390503,-55.13916,-4.73938,
1396207109006665114,-96,34.90143,-74.16077,37.57019,40.859985,-19.198608,41.999817,
1396207109027691725,2,-5.5786133,-55.07965,-4.978943,
1396207109027691725,-96,34.40094,-74.66431,35.765076,40.859985,-19.198608,41.999817,
1396207109047589186,2,-5.999756,-55.13916,-5.218506,
1396207109047589186,-96,33.232117,-75.16937,35.273743,40.859985,-19.198608,41.999817,
1396207109066906813,2,-6.4193726,-55.018616,-5.4595947,
1396207109066906813,-96,33.232117,-73.487854,35.273743,40.859985,-19.198608,41.999817,
1396207109086895827,2,-6.6589355,-55.07965,-5.819702,
1396207109086895827,-96,34.233093,-74.16077,34.94568,40.859985,-19.198608,41.999817,
1396207109107220534,2,-6.8984985,-55.19867,-5.9387207,
1396207109107220534,-96,33.732605,-73.99292,35.108948,40.859985,-19.198608,41.999817,
1396207109127972487,2,-6.8389893,-55.259705,-6.298828,
1396207109127972487,-96,34.40094,-75.67444,36.09314,40.859985,-19.198608,41.999817,
1396207109147534254,2,-6.8984985,-55.43976,-6.1798096,
1396207109147534254,-96,34.233093,-76.17798,37.242126,40.859985,-19.198608,41.999817,
1396207109167675856,2,-7.1990967,-55.619812,-6.4193726,
1396207109167675856,-96,32.730103,-75.33722,35.43701,40.859985,-19.198608,41.999817,
1396207109187786940,2,-7.4386597,-55.67932,-6.4193726,
1396207109187786940,-96,32.395935,-75.33722,35.765076,40.859985,-19.198608,41.999817,
1396207109207959059,2,-7.4386597,-55.73883,-6.3598633,
1396207109207959059,-96,33.398438,-75.67444,36.09314,40.859985,-19.198608,41.999817,
1396207109228802565,2,-7.3791504,-55.97992,-6.239319,
1396207109228802565,-96,33.732605,-75.33722,36.421204,40.859985,-19.198608,41.999817,
1396207109249005202,2,-7.499695,-56.3385,-5.819702,
1396207109249005202,-96,33.232117,-76.85089,38.22632,40.859985,-19.198608,41.999817,
1396207109268322829,2,-7.559204,-56.69861,-5.519104,
1396207109268322829,-96,33.398438,-77.01874,37.40692,40.859985,-19.198608,41.999817,
1396207109288983229,2,-7.4386597,-56.819153,-5.4595947,
1396207109288983229,-96,35.06775,-76.683044,36.749268,40.859985,-19.198608,41.999817,
1396207109308606032,2,-7.499695,-56.819153,-5.519104,
1396207109308606032,-96,33.898926,-75.842285,36.586,40.859985,-19.198608,41.999817,
1396207109329724196,2,-7.4386597,-57.17926,-5.4595947,
1396207109329724196,-96,33.732605,-78.36456,36.09314,40.859985,-19.198608,41.999817,
1396207109349652174,2,-7.319641,-57.539368,-5.3985596,
1396207109349652174,-96,32.89795,-78.19672,36.586,40.859985,-19.198608,41.999817,
1396207109369030836,2,-7.3791504,-57.77893,-5.218506,
1396207109369030836,-96,33.06427,-77.69165,37.40692,40.859985,-19.198608,41.999817,
1396207109388867262,2,-7.6797485,-58.198547,-5.0994873,
1396207109388867262,-96,31.060791,-78.70026,37.078857,40.859985,-19.198608,41.999817,
1396207109409405592,2,-7.9193115,-58.259583,-5.279541,
1396207109409405592,-96,31.394958,-77.69165,37.078857,40.859985,-19.198608,41.999817,
1396207109431561354,2,-8.099365,-58.439636,-5.1589966,
1396207109431561354,-96,31.895447,-78.19672,38.22632,40.859985,-19.198608,41.999817,
1396207109449597243,2,-8.518982,-58.558655,-5.0994873,
1396207109449597243,-96,31.729126,-77.69165,37.078857,40.859985,-19.198608,41.999817,
1396207109469738844,2,-8.578491,-58.73871,-5.279541,
1396207109469738844,-96,33.398438,-77.35596,35.108948,40.859985,-19.198608,41.999817,
1396207109489788893,2,-8.639526,-58.558655,-5.3985596,
1396207109489788893,-96,33.232117,-77.186584,34.94568,40.859985,-19.198608,41.999817,
1396207109510083082,2,-8.699036,-58.73871,-5.819702,
1396207109510083082,-96,32.56378,-79.20532,33.30536,40.859985,-19.198608,41.999817,
1396207109530804518,2,-8.699036,-58.6792,-6.239319,
1396207109530804518,-96,32.730103,-77.35596,33.79669,40.859985,-19.198608,41.999817,
1396207109551068190,2,-8.578491,-58.6792,-6.539917,
1396207109551068190,-96,32.061768,-78.70026,34.780884,40.859985,-19.198608,41.999817,
1396207109570446852,2,-8.518982,-58.61969,-6.8984985,
1396207109570446852,-96,32.229614,-77.186584,34.28955,40.859985,-19.198608,41.999817,
1396207109590893629,2,-8.399963,-58.799744,-7.499695,
1396207109590893629,-96,32.56378,-79.878235,33.30536,40.859985,-19.198608,41.999817,
1396207109610730055,2,-8.399963,-59.039307,-7.6797485,
1396207109610730055,-96,31.895447,-79.20532,35.92987,40.859985,-19.198608,41.999817,
1396207109631939772,2,-8.399963,-59.15985,-7.8598022,
1396207109631939772,-96,33.06427,-78.36456,33.468628,40.859985,-19.198608,41.999817,
1396207109651715163,2,-8.099365,-59.399414,-7.798767,
1396207109651715163,-96,35.569763,-79.20532,35.273743,40.859985,-19.198608,41.999817,
1396207109671154860,2,-8.099365,-59.51996,-7.739258,
1396207109671154860,-96,32.730103,-80.04608,34.124756,40.859985,-19.198608,41.999817,
1396207109691326979,2,-7.6797485,-59.81903,-7.4386597,
1396207109691326979,-96,36.40442,-80.04608,36.421204,40.859985,-19.198608,41.999817,
1396207109711438063,2,-7.319641,-59.939575,-7.319641,
1396207109711438063,-96,34.735107,-79.37317,35.43701,40.859985,-19.198608,41.999817,
1396207109733654860,2,-6.9595337,-60.4187,-7.1395874,
1396207109733654860,-96,35.06775,-80.718994,35.765076,40.859985,-19.198608,41.999817,
1396207109752423170,2,-6.6589355,-60.4187,-6.8389893,
1396207109752423170,-96,34.90143,-80.21393,35.92987,40.859985,-19.198608,41.999817,
1396207109771862868,2,-6.239319,-60.4187,-6.6589355,
1396207109771862868,-96,35.569763,-79.20532,36.914063,40.859985,-19.198608,41.999817,
1396207109792004469,2,-5.999756,-60.839844,-6.239319,
1396207109792004469,-96,34.90143,-81.55975,36.914063,40.859985,-19.198608,41.999817,
1396207109812207106,2,-6.059265,-61.019897,-6.059265,
1396207109812207106,-96,35.06775,-80.718994,36.749268,40.859985,-19.198608,41.999817,
1396207109832867506,2,-5.6991577,-61.19995,-5.5786133,
1396207109832867506,-96,35.569763,-81.55975,37.898254,40.859985,-19.198608,41.999817,
1396207109853283766,2,-5.758667,-61.19995,-5.758667,
1396207109853283766,-96,35.736084,-80.04608,35.108948,40.859985,-19.198608,41.999817,
1396207109872570875,2,-5.819702,-61.37848,-5.6396484,
1396207109872570875,-96,34.40094,-81.05469,36.421204,40.859985,-19.198608,41.999817,
1396207109893628004,2,-5.6991577,-61.439514,-5.5786133,
1396207109893628004,-96,36.236572,-81.222534,36.257935,40.859985,-19.198608,41.999817,
1396207109912854079,2,-5.758667,-61.558533,-5.5786133,
1396207109912854079,-96,34.066772,-81.05469,35.765076,40.859985,-19.198608,41.999817,
1396207109934063795,2,-6.1187744,-61.85913,-5.6396484,
1396207109934063795,-96,32.56378,-81.55975,36.586,40.859985,-19.198608,41.999817,
1396207109953930739,2,-6.239319,-61.738586,-5.819702,
1396207109953930739,-96,34.233093,-80.55115,35.601807,40.859985,-19.198608,41.999817,
1396207109973156813,2,-6.4193726,-61.85913,-5.9387207,
1396207109973156813,-96,33.56476,-81.55975,35.601807,40.859985,-19.198608,41.999817,
1396207109993481520,2,-6.539917,-61.79962,-6.4193726,
1396207109993481520,-96,34.735107,-81.39191,34.45282,40.859985,-19.198608,41.999817,
1396207110013378981,2,-6.7199707,-62.21924,-6.6589355,
1396207110013378981,-96,34.066772,-83.073425,33.140564,40.859985,-19.198608,41.999817,
1396207110035443190,2,-6.7199707,-62.15973,-7.1990967,
1396207110035443190,-96,34.56726,-80.55115,31.991577,40.859985,-19.198608,41.999817,
1396207110054577711,2,-6.5994263,-62.15973,-7.798767,
1396207110054577711,-96,37.239075,-81.55975,31.33545,40.859985,-19.198608,41.999817,
1396207110073986891,2,-6.3598633,-62.21924,-8.399963,
1396207110073986891,-96,35.90393,-81.222534,31.007385,40.859985,-19.198608,41.999817,
1396207110094128493,2,-5.9387207,-62.339783,-9.1796875,
1396207110094128493,-96,35.736084,-82.736206,30.516052,40.859985,-19.198608,41.999817,
1396207110114117506,2,-5.9387207,-62.638855,-9.658813,
1396207110114117506,-96,34.40094,-82.736206,31.828308,40.859985,-19.198608,41.999817,
1396207110135052565,2,-5.8792114,-62.519836,-10.079956,
1396207110135052565,-96,33.898926,-80.55115,31.991577,40.859985,-19.198608,41.999817,
1396207110155224684,2,-5.6991577,-62.519836,-10.438538,
1396207110155224684,-96,36.236572,-81.55975,31.663513,40.859985,-19.198608,41.999817,
1396207110174755934,2,-5.519104,-62.339783,-10.559082,
1396207110174755934,-96,35.736084,-81.39191,31.828308,40.859985,-19.198608,41.999817,
1396207110195355299,2,-5.5786133,-62.519836,-10.438538,
1396207110195355299,-96,34.066772,-82.06482,33.140564,40.859985,-19.198608,41.999817,
1396207110214856032,2,-5.999756,-62.69989,-10.379028,
1396207110214856032,-96,33.898926,-83.24127,31.991577,40.859985,-19.198608,41.999817,
1396207110236248854,2,-5.9387207,-62.939453,-10.198975,
1396207110236248854,-96,36.57074,-83.24127,31.991577,40.859985,-19.198608,41.999817,
1396207110256054762,2,-5.758667,-62.939453,-10.079956,
1396207110256054762,-96,37.239075,-82.56836,31.663513,40.859985,-19.198608,41.999817,
1396207110275372389,2,-5.5786133,-62.879944,-9.838867,
1396207110275372389,-96,35.401917,-82.40051,33.79669,40.859985,-19.198608,41.999817,
1396207110295513991,2,-5.6396484,-63.238525,-9.539795,
1396207110295513991,-96,33.56476,-83.576965,34.617615,40.859985,-19.198608,41.999817,
1396207110315503004,2,-5.758667,-63.479614,-9.239197,
1396207110315503004,-96,35.06775,-83.073425,33.79669,40.859985,-19.198608,41.999817,
1396207110337536696,2,-6.059265,-63.659668,-8.999634,
1396207110337536696,-96,33.898926,-82.90558,33.961487,40.859985,-19.198608,41.999817,
1396207110356762770,2,-5.819702,-63.83972,-8.699036,
1396207110356762770,-96,35.569763,-83.576965,35.601807,40.859985,-19.198608,41.999817,
1396207110376171950,2,-5.6991577,-63.89923,-8.338928,
1396207110376171950,-96,35.235596,-83.914185,34.617615,40.859985,-19.198608,41.999817,
1396207110396283034,2,-5.9387207,-64.138794,-8.039856,
1396207110396283034,-96,34.40094,-84.754944,34.45282,40.859985,-19.198608,41.999817,
1396207110416272047,2,-6.1798096,-64.25934,-7.6187134,
1396207110416272047,-96,35.235596,-83.576965,35.273743,40.859985,-19.198608,41.999817,
1396207110437146071,2,-6.239319,-64.619446,-7.319641,
1396207110437146071,-96,35.06775,-85.09064,36.09314,40.859985,-19.198608,41.999817,
1396207110457379225,2,-5.9387207,-64.619446,-7.1990967,
1396207110457379225,-96,36.07025,-83.74634,35.43701,40.859985,-19.198608,41.999817,
1396207110476818922,2,-5.819702,-65.03906,-7.1395874,
1396207110476818922,-96,35.736084,-86.43646,34.124756,40.859985,-19.198608,41.999817,
1396207110497845534,2,-5.4595947,-65.39917,-6.9595337,
1396207110497845534,-96,36.904907,-85.5957,35.601807,40.859985,-19.198608,41.999817,
1396207110517071608,2,-5.279541,-65.57922,-7.1990967,
1396207110517071608,-96,37.072754,-85.09064,33.468628,40.859985,-19.198608,41.999817,
1396207110538311842,2,-5.039978,-65.87982,-7.4386597,
1396207110538311842,-96,36.904907,-86.268616,32.977295,40.859985,-19.198608,41.999817,
1396207110558178786,2,-4.6798706,-65.99884,-7.499695,
1396207110558178786,-96,37.072754,-86.09924,34.124756,40.859985,-19.198608,41.999817,
1396207110577526930,2,-4.559326,-66.119385,-7.739258,
1396207110577526930,-96,36.236572,-84.24988,33.30536,40.859985,-19.198608,41.999817,
1396207110597699049,2,-4.3792725,-66.178894,-8.1588745,
1396207110597699049,-96,36.57074,-85.5957,32.647705,40.859985,-19.198608,41.999817,
1396207110617688063,2,-4.3792725,-66.29944,-8.21991,
1396207110617688063,-96,36.07025,-84.754944,34.780884,40.859985,-19.198608,41.999817,
1396207110638501051,2,-4.0786743,-66.29944,-8.399963,
1396207110638501051,-96,38.241577,-86.268616,32.977295,40.859985,-19.198608,41.999817,
1396207110658917311,2,-3.8391113,-66.119385,-8.639526,
1396207110658917311,-96,38.909912,-84.24988,33.633423,40.859985,-19.198608,41.999817,
1396207110678234938,2,-3.779602,-66.29944,-8.699036,
1396207110678234938,-96,37.40692,-86.772156,33.140564,40.859985,-19.198608,41.999817,
1396207110698284987,2,-3.8391113,-65.99884,-8.518982,
1396207110698284987,-96,36.738586,-83.74634,34.124756,40.859985,-19.198608,41.999817,
1396207110718518141,2,-3.779602,-65.87982,-8.518982,
1396207110718518141,-96,37.573242,-84.92279,34.28955,40.859985,-19.198608,41.999817,
1396207110739209059,2,-3.6590576,-66.059875,-8.518982,
1396207110739209059,-96,37.072754,-86.09924,33.468628,40.859985,-19.198608,41.999817,
1396207110759533766,2,-3.5385132,-66.119385,-8.279419,
1396207110759533766,-96,37.739563,-85.76355,34.45282,40.859985,-19.198608,41.999817,
