1396207105627269806,3,-0.13633728,-0.061904907,-0.057891846,
1396207105627269806,0,-0.14816284,-0.05393982,-0.050079346,-0.0038146973,0.0031585693,0.011550903,
1396207105647167267,3,-0.12886047,-0.011703491,-0.07017517,
1396207105647167267,0,-0.14068604,-0.0037384033,-0.06236267,-0.025177002,-4.5776367E-5,0.0078125,
1396207105667308868,3,0.01586914,-0.077926636,-0.03492737,
1396207105667308868,0,0.004043579,-0.06996155,-0.027114868,-0.06523132,0.04801941,-0.0082092285,
1396207105687511505,3,0.19691467,-0.17245483,0.047317505,
1396207105687511505,0,0.18508911,-0.16448975,0.055130005,-0.0390625,4.8828125E-4,-0.013549805,
1396207105707561554,3,0.17021179,-0.109436035,0.08256531,
1396207105707561554,0,0.15838623,-0.10147095,0.09037781,0.025024414,-0.011260986,0.011016846,
1396207105727977814,3,0.0030517578,-0.0074310303,0.05532837,
1396207105727977814,0,-0.008773804,5.340576E-4,0.06314087,0.027694702,-0.022476196,0.01689148,
1396207105747875275,3,-0.1133728,0.06840515,0.022750854,
1396207105747875275,0,-0.12519836,0.07637024,0.030563354,0.005264282,-0.0011138916,0.012084961,
1396207105768047394,3,-0.092544556,0.040634155,0.01260376,
1396207105768047394,0,-0.10437012,0.048599243,0.02041626,-0.037994385,0.02986145,0.0072784424,
1396207105788097443,3,0.023880005,-0.077926636,0.027023315,
1396207105788097443,0,0.012054443,-0.06996155,0.034835815,-0.0390625,0.033065796,0.0046081543,
1396207105808269562,3,0.09811401,-0.12545776,0.027557373,
1396207105808269562,0,0.08628845,-0.117492676,0.035369873,-0.019302368,0.007965088,0.009414673,
1396207105828624786,3,0.08155823,-0.08113098,0.030761719,
1396207105828624786,0,0.069732666,-0.07316589,0.03857422,4.5776367E-4,-0.011795044,0.0040740967,
1396207105848613800,3,0.039901733,-0.0031585693,0.05479431,
1396207105848613800,0,0.028076172,0.0048065186,0.06260681,-0.0038146973,-0.006454468,0.0024719238,
1396207105868755402,3,0.037231445,-0.0058288574,0.054260254,
1396207105868755402,0,0.025405884,0.0021362305,0.062072754,-0.021438599,0.019714355,0.014755249,
1396207105888958038,3,0.07194519,-0.050689697,0.016342163,
1396207105888958038,0,0.06011963,-0.04272461,0.024154663,-0.017700195,0.019714355,0.017425537,
1396207105908977570,3,0.073013306,-0.0683136,-0.0034179688,
1396207105908977570,0,0.061187744,-0.06034851,0.0043945313,-0.007019043,0.0031585693,0.005142212,
1396207105929485382,3,0.045776367,-0.031463623,0.024887085,
1396207105929485382,0,0.033950806,-0.023498535,0.032699585,-0.00541687,-5.79834E-4,-0.0018005371,
1396207105949291290,3,0.026550293,-0.02558899,0.03717041,
1396207105949291290,0,0.014724731,-0.017623901,0.04498291,-0.0064849854,0.010635376,0.013687134,
1396207105969432892,3,0.0073242188,-0.049087524,-0.0018157959,
1396207105969432892,0,-0.004501343,-0.041122437,0.005996704,-0.009689331,0.014907837,0.017425537,
1396207105989635528,3,0.001449585,-0.053894043,-0.014633179,
1396207105989635528,0,-0.010375977,-0.045928955,-0.0068206787,-0.011291504,0.004760742,0.0046081543,
1396207106009685577,3,0.008392334,-0.03466797,0.015808105,
1396207106009685577,0,-0.0034332275,-0.02670288,0.023620605,-0.015029907,-5.79834E-4,-0.0023345947,
1396207106030101837,3,0.013198853,0.0016479492,0.054260254,
1396207106030101837,0,0.001373291,0.009613037,0.062072754,-0.011291504,4.8828125E-4,-0.0012664795,
1396207106049999298,3,-0.0076293945,0.029418945,0.06600952,
1396207106049999298,0,-0.019454956,0.037384033,0.07382202,-7.6293945E-5,4.8828125E-4,0.011550903,
1396207106070140900,3,-0.06690979,0.067871094,0.03503418,
1396207106070140900,0,-0.07873535,0.07583618,0.04284668,4.5776367E-4,-5.79834E-4,0.017959595,
1396207106090313019,3,-0.040740967,0.047042847,0.0045928955,
1396207106090313019,0,-0.05256653,0.055007935,0.0124053955,-0.039596558,0.019180298,0.0099487305,
1396207106110424103,3,0.084228516,0.027282715,0.008331299,
1396207106110424103,0,0.072402954,0.035247803,0.016143799,-0.03425598,0.014373779,0.006210327,
1396207106130901398,3,0.10559082,0.024612427,0.010467529,
1396207106130901398,0,0.09376526,0.032577515,0.01828003,-0.0011444092,0.002090454,0.008346558,
1396207106150737823,3,0.044708252,0.036361694,0.0115356445,
1396207106150737823,0,0.03288269,0.044326782,0.019348145,0.005264282,0.0074310303,0.0040740967,
1396207106170848907,3,-0.0060272217,0.023010254,0.0398407,
1396207106170848907,0,-0.017852783,0.030975342,0.0476532,-0.007019043,0.014373779,3.3569336E-4,
1396207106191051544,3,-0.014038086,0.011260986,0.0574646,
1396207106191051544,0,-0.025863647,0.019226074,0.0652771,-0.008621216,0.004760742,0.006210327,
1396207106211101593,3,-0.02418518,0.0021820068,0.037704468,
1396207106211101593,0,-0.036010742,0.010147095,0.045516968,-0.01449585,0.014907837,0.017425537,
1396207106231456818,3,0.03135681,-0.004760742,0.009399414,
1396207106231456818,0,0.01953125,0.0032043457,0.017211914,-0.031585693,0.009033203,0.009414673,
1396207106251415314,3,0.100250244,-0.015975952,0.040374756,
1396207106251415314,0,0.08842468,-0.008010864,0.048187256,-0.02357483,0.009567261,-0.0055389404,
1396207106271556915,3,0.10398865,-0.0074310303,0.067611694,
1396207106271556915,0,0.092163086,5.340576E-4,0.075424194,-6.1035156E-4,0.002090454,0.0067443848,
1396207106291729034,3,0.032424927,0.032089233,0.05532837,
1396207106291729034,0,0.020599365,0.04005432,0.06314087,0.00793457,-0.0021820068,0.014755249,
1396207106311870636,3,-0.024719238,0.065200806,0.022750854,
1396207106311870636,0,-0.0365448,0.07316589,0.030563354,-0.0011444092,-4.5776367E-5,0.016357422,
1396207106332012237,3,-0.056762695,0.085494995,0.009933472,
1396207106332012237,0,-0.06858826,0.09346008,0.017745972,-0.0118255615,0.014907837,0.0067443848,
1396207106352153839,3,9.1552734E-4,0.01927185,0.035568237,
1396207106352153839,0,-0.010910034,0.027236938,0.043380737,-0.03425598,0.03199768,-0.0039367676,
1396207106372295441,3,0.06340027,-0.06350708,0.06921387,
1396207106372295441,0,0.051574707,-0.055541992,0.07702637,-0.019836426,0.01651001,0.0030059814,
1396207106392437042,3,0.06820679,-0.071517944,0.067611694,
1396207106392437042,0,0.056381226,-0.06355286,0.075424194,-0.0032806396,0.0031585693,0.014221191,
1396207106412786489,3,-0.017242432,-0.027191162,0.03717041,
1396207106412786489,0,-0.029067993,-0.019226074,0.04498291,0.02128601,-0.0069885254,0.015823364,
1396207106432958608,3,-0.16143799,0.061462402,0.031295776,
1396207106432958608,0,-0.17326355,0.06942749,0.039108276,0.022354126,-0.02407837,0.0024719238,
1396207106453100210,3,-0.22125244,0.14317322,0.049453735,
1396207106453100210,0,-0.233078,0.1511383,0.057266235,-0.03211975,0.010635376,0.0024719238,
1396207106473241811,3,-0.10696411,0.09938049,0.080963135,
1396207106473241811,0,-0.11878967,0.10734558,0.088775635,-0.044937134,0.020248413,-1.9836426E-4,
1396207106493383413,3,-0.010299683,0.067871094,0.10072327,
1396207106493383413,0,-0.022125244,0.07583618,0.10853577,-0.024108887,0.007965088,0.0056762695,
1396207106513525015,3,-0.0049591064,0.09564209,0.08576965,
1396207106513525015,0,-0.016784668,0.10360718,0.09358215,-0.0048828125,-0.0037841797,0.017425537,
1396207106533636099,3,-0.032730103,0.098846436,0.038238525,
1396207106533636099,0,-0.044555664,0.10681152,0.046051025,-0.009155273,0.013305664,0.017959595,
1396207106553808218,3,-0.015640259,0.10472107,0.01473999,
1396207106553808218,0,-0.02746582,0.11268616,0.02255249,-0.01876831,0.0031585693,0.015823364,
1396207106573919302,3,0.024414063,0.11593628,-0.028518677,
1396207106573919302,0,0.012588501,0.12390137,-0.020706177,-0.026779175,0.0015563965,0.019561768,
1396207106594121938,3,0.07621765,0.15278625,-0.06109619,
1396207106594121938,0,0.06439209,0.16075134,-0.05328369,-0.01876831,-0.0011138916,0.011550903,
1396207106614202505,3,0.056991577,0.15705872,-0.057891846,
1396207106614202505,0,0.045166016,0.1650238,-0.050079346,0.0047302246,0.014907837,0.0019378662,
1396207106634344106,3,0.0046539307,0.1207428,-0.038131714,
1396207106634344106,0,-0.007171631,0.12870789,-0.030319214,-0.0048828125,0.013839722,0.0046081543,
1396207106654485708,3,-0.009765625,0.119140625,-0.00982666,
1396207106654485708,0,-0.021591187,0.12710571,-0.0020141602,-0.010757446,-0.0027160645,-1.9836426E-4,
1396207106674627309,3,-0.017242432,0.15812683,0.0035247803,
1396207106674627309,0,-0.029067993,0.16609192,0.01133728,-0.009689331,0.0052948,0.0067443848,
1396207106694799429,3,-0.016174316,0.13943481,0.0029907227,
1396207106694799429,0,-0.027999878,0.1473999,0.010803223,-0.009689331,0.01864624,0.009414673,
1396207106714910513,3,-0.028457642,0.12875366,0.0029907227,
1396207106714910513,0,-0.040283203,0.13671875,0.010803223,-0.011291504,0.0058288574,0.006210327,
1396207106735052114,3,0.009460449,0.12715149,0.029693604,
1396207106735052114,0,-0.0023651123,0.13511658,0.037506104,-0.028915405,0.020248413,-0.0012664795,
1396207106755193716,3,0.04257202,0.10472107,0.05532837,
1396207106755193716,0,0.03074646,0.11268616,0.06314087,-0.0064849854,0.0052948,0.0040740967,
1396207106775335317,3,-0.0076293945,0.10952759,0.048919678,
1396207106775335317,0,-0.019454956,0.117492676,0.056732178,9.918213E-4,0.014373779,0.012619019,
1396207106795537954,3,0.0051879883,0.03529358,0.030227661,
1396207106795537954,0,-0.0066375732,0.043258667,0.03804016,-0.026779175,0.033065796,0.011016846,
1396207106876043325,3,0.11253357,0.044906616,0.052124023,
1396207106876043325,0,0.10070801,0.052871704,0.059936523,-0.033721924,0.015975952,8.69751E-4,
1396207106896245962,3,0.13763428,-0.044281006,0.06173706,
1396207106896245962,0,0.12580872,-0.036315918,0.06954956,-0.00541687,0.04321289,0.0072784424,
1396207106916326528,3,0.13175964,-0.12973022,0.09591675,
1396207106916326528,0,0.11993408,-0.12176514,0.10372925,-0.01663208,0.010101318,-0.007675171,
1396207106936407095,3,0.18249512,-0.13827515,0.1594696,
1396207106936407095,0,0.17066956,-0.13031006,0.1672821,-0.03211975,0.0068969727,-0.010345459,
1396207106956579214,3,0.27648926,-0.11958313,0.2363739,
1396207106956579214,0,0.2646637,-0.11161804,0.2441864,-0.03211975,0.0031585693,-0.0071411133,
1396207106976781850,3,0.26901245,-0.050689697,0.23690796,
1396207106976781850,0,0.2571869,-0.04272461,0.24472046,0.010604858,-0.016601563,0.022232056,
1396207106996984487,3,0.17341614,0.00592041,0.16000366,
1396207106996984487,0,0.16159058,0.013885498,0.16781616,0.00579834,0.009033203,0.027572632,
1396207107017065054,3,0.14297485,-0.010635376,0.107666016,
1396207107017065054,0,0.13114929,-0.002670288,0.115478516,-0.010757446,0.012771606,0.015823364,
1396207107037145620,3,0.12962341,-0.056030273,0.11193848,
1396207107037145620,0,0.11779785,-0.048065186,0.11975098,-0.002746582,0.028259277,8.69751E-4,
1396207107057348257,3,0.043640137,-0.10462952,0.13383484,
1396207107057348257,0,0.031814575,-0.09666443,0.14164734,0.022354126,0.0031585693,0.0067443848,
1396207107077489858,3,-0.16304016,-0.003692627,0.11193848,
1396207107077489858,0,-0.17486572,0.004272461,0.11975098,0.053863525,-0.02835083,0.01902771,
1396207107097692495,3,-0.3350067,0.027282715,0.07028198,
1396207107097692495,0,-0.34683228,0.035247803,0.07809448,-6.1035156E-4,0.03466797,0.014755249,
1396207107117773061,3,-0.254364,-0.19915771,0.07081604,
1396207107117773061,0,-0.26618958,-0.19119263,0.07862854,-0.06416321,0.08807373,3.3569336E-4,
1396207107137853628,3,0.04737854,-0.49395752,0.094314575,
1396207107137853628,0,0.03555298,-0.48599243,0.102127075,-0.09460449,0.066711426,0.0078125,
1396207107158056265,3,0.19317627,-0.6392212,0.06227112,
1396207107158056265,0,0.18135071,-0.6312561,0.07008362,0.0031280518,0.02078247,0.019561768,
1396207107178197866,3,0.017471313,-0.5964966,0.035568237,
1396207107178197866,0,0.005645752,-0.5885315,0.043380737,0.04852295,-0.020874023,0.008880615,
1396207107198339468,3,-0.16304016,-0.48701477,0.02168274,
1396207107198339468,0,-0.17486572,-0.47904968,0.02949524,0.009002686,-0.016067505,0.014221191,
1396207107218524234,3,-0.13793945,-0.39248657,-0.010360718,
1396207107218524234,0,-0.14976501,-0.38452148,-0.0025482178,-0.047073364,-0.02835083,0.020629883,
1396207107238604801,3,0.11680603,-0.1804657,-0.08192444,
1396207107238604801,0,0.10498047,-0.17250061,-0.07411194,-0.09674072,-0.053451538,0.024902344,
1396207107258807437,3,0.3539276,0.10044861,-0.113967896,
1396207107258807437,0,0.34210205,0.1084137,-0.106155396,-0.029449463,-0.067337036,0.008880615,
1396207107278949039,3,0.21987915,0.27882385,-0.1278534,
1396207107278949039,0,0.20805359,0.28678894,-0.12004089,0.065078735,-4.5776367E-5,0.018493652,
1396207107299090640,3,-0.1625061,0.13676453,-0.17752075,
1396207107299090640,0,-0.17433167,0.14472961,-0.16970825,0.08857727,0.08433533,0.02116394,
1396207107319201724,3,-0.39482117,-0.1980896,-0.22772217,
1396207107319201724,0,-0.40664673,-0.19012451,-0.21990967,-0.0016784668,0.09020996,0.010482788,
1396207107339282291,3,-0.3515625,-0.4197235,-0.17752075,
1396207107339282291,0,-0.36338806,-0.41175842,-0.16970825,-0.02571106,0.035202026,-0.015151978,
1396207107359515445,3,-0.38200378,-0.40957642,-0.07337952,
1396207107359515445,0,-0.39382935,-0.40161133,-0.06556702,0.015411377,-0.0262146,-0.013549805,
1396207107379657047,3,-0.532074,-0.18634033,-0.08352661,
1396207107379657047,0,-0.54389954,-0.17837524,-0.07571411,0.030899048,-0.06680298,0.032913208,
1396207107399798648,3,-0.68481445,0.13356018,-0.2020874,
1396207107399798648,0,-0.69664,0.14152527,-0.1942749,0.01701355,-0.07481384,0.0393219,
1396207107419940250,3,-0.6549072,0.3423767,-0.3115692,
1396207107419940250,0,-0.6667328,0.3503418,-0.3037567,-0.06416321,4.8828125E-4,0.031311035,
1396207107440203922,3,-0.29388428,0.25265503,-0.32919312,
1396207107440203922,0,-0.30570984,0.26062012,-0.32138062,-0.13252258,0.05709839,-0.008743286,
1396207107460223453,3,0.22254944,-0.040542603,-0.19995117,
1396207107460223453,0,0.21072388,-0.032577515,-0.19213867,-0.14053345,0.09715271,-0.036514282,
1396207107480365055,3,0.589447,-0.3417511,-0.06109619,
1396207107480365055,0,0.57762146,-0.333786,-0.05328369,-0.05455017,0.059768677,-0.011947632,
1396207107500567691,3,0.5216217,-0.36791992,-0.053619385,
1396207107500567691,0,0.50979614,-0.35995483,-0.045806885,0.060272217,-0.02835083,0.022232056,
1396207107520648258,3,0.13069153,-0.13560486,-0.12678528,
1396207107520648258,0,0.11886597,-0.12763977,-0.11897278,0.094451904,-0.058792114,0.02810669,
1396207107540789859,3,-0.1374054,0.042236328,-0.18499756,
1396207107540789859,0,-0.14923096,0.050201416,-0.17718506,0.0036621094,-0.008056641,0.015823364,
1396207107560931461,3,0.048980713,5.79834E-4,-0.16523743,
1396207107560931461,0,0.03715515,0.008544922,-0.15742493,-0.114364624,0.033599854,-0.0018005371,
1396207107581073062,3,0.50346375,-0.10997009,-0.14387512,
1396207107581073062,0,0.49163818,-0.102005005,-0.13606262,-0.1159668,0.035202026,0.0046081543,
1396207107601214664,3,0.7336426,-0.1703186,-0.10221863,
1396207107601214664,0,0.721817,-0.16235352,-0.09440613,-0.02357483,0.004760742,-0.010345459,
1396207107621325748,3,0.6465912,-0.11798096,-0.042938232,
1396207107621325748,0,0.6347656,-0.11001587,-0.035125732,0.035705566,-0.012329102,0.0019378662,
1396207107641467349,3,0.42015076,0.0096588135,-0.07070923,
1396207107641467349,0,0.4083252,0.017623901,-0.06289673,0.047454834,-0.029953003,0.026504517,
1396207107661578433,3,0.26901245,0.13035583,-0.13960266,
1396207107661578433,0,0.2571869,0.13832092,-0.13179016,-0.0032806396,-0.0053863525,0.018493652,
1396207107681750553,3,0.38650513,0.03262329,-0.13319397,
1396207107681750553,0,0.37467957,0.04058838,-0.12538147,-0.0705719,0.05923462,-0.0028686523,
1396207107701953189,3,0.5419159,-0.11584473,-0.08139038,
1396207107701953189,0,0.53009033,-0.10787964,-0.07357788,-0.01876831,0.023986816,-0.004470825,
1396207107722033756,3,0.4575348,-0.04534912,-0.09687805,
1396207107722033756,0,0.44570923,-0.037384033,-0.08906555,0.029296875,-0.041168213,0.02810669,
1396207107742205875,3,0.27061462,0.2932434,-0.1743164,
1396207107742205875,0,0.25878906,0.3012085,-0.1665039,0.03677368,-0.09350586,0.01902771,
1396207107762347476,3,0.0062561035,0.35839844,-0.10916138,
1396207107762347476,0,-0.005569458,0.36636353,-0.10134888,0.029830933,0.09234619,-0.024765015,
1396207107782489078,3,-0.072250366,-0.05656433,0.05105591,
1396207107782489078,0,-0.08407593,-0.048599243,0.05886841,-0.009155273,0.11317444,-0.03437805,
1396207107802630680,3,-0.079193115,-0.32626343,0.19204712,
1396207107802630680,0,-0.09101868,-0.31829834,0.19985962,-0.017166138,0.03466797,-0.020492554,
1396207107822772281,3,0.027618408,-0.25630188,0.23049927,
1396207107822772281,0,0.015792847,-0.24833679,0.23831177,-0.05241394,-0.048110962,0.01902771,
1396207107842822330,3,0.0692749,0.03315735,0.15679932,
1396207107842822330,0,0.05744934,0.041122437,0.16461182,0.015945435,-0.06413269,0.032913208,
1396207107863055484,3,-0.16304016,0.19017029,0.047851563,
1396207107863055484,0,-0.17486572,0.19813538,0.055664063,0.06774902,0.0031585693,0.032913208,
1396207107883197086,3,-0.44769287,0.029418945,0.014205933,
1396207107883197086,0,-0.45951843,0.037384033,0.022018433,0.03944397,0.08807373,-0.0018005371,
1396207107903399723,3,-0.47225952,-0.2963562,0.08576965,
1396207107903399723,0,-0.48408508,-0.2883911,0.09358215,-0.04814148,0.07952881,-0.011413574,
1396207107923480289,3,-0.25543213,-0.49235535,0.1519928,
1396207107923480289,0,-0.2672577,-0.48439026,0.1598053,-0.073776245,0.03199768,-0.009277344,
1396207107943621890,3,-0.024719238,-0.53134155,0.2011261,
1396207107943621890,0,-0.0365448,-0.52337646,0.2089386,-0.06629944,0.009033203,-0.0039367676,
1396207107963702457,3,0.2027893,-0.47312927,0.24331665,
1396207107963702457,0,0.19096375,-0.46516418,0.25112915,-0.06629944,-0.024612427,0.005142212,
1396207107983905094,3,0.33203125,-0.24455261,0.18403625,
1396207107983905094,0,0.3202057,-0.23658752,0.19184875,-0.013961792,-0.08015442,0.039855957,
1396207108004046695,3,0.21400452,0.1244812,0.06440735,
1396207108004046695,0,0.20217896,0.13244629,0.07221985,0.042114258,-0.067871094,0.03237915,
1396207108024157779,3,0.02281189,0.2291565,-0.004486084,
1396207108024157779,0,0.010986328,0.23712158,0.003326416,0.019683838,0.023986816,0.017959595,
1396207108044543521,3,-0.004425049,0.08869934,-0.018371582,
1396207108044543521,0,-0.01625061,0.09666443,-0.010559082,-0.026779175,0.057632446,0.0040740967,
1396207108064471500,3,0.09811401,-0.06724548,0.013137817,
1396207108104785221,0,0.14984131,0.13191223,-0.05381775,0.0015258789,-0.011795044,0.027038574,
1396207108124865787,3,0.1712799,0.10418701,-0.1454773,
1396207108124865787,0,0.15945435,0.1121521,-0.1376648,-0.033721924,0.03466797,0.030776978,
1396207108145007389,3,0.30052185,-0.013305664,-0.23306274,
1396207108145007389,0,0.2886963,-0.005340576,-0.22525024,-0.050811768,0.01651001,0.028640747,
1396207108165118473,3,0.39344788,0.056121826,-0.300354,
1396207108165118473,0,0.3816223,0.064086914,-0.2925415,-0.011291504,-0.03262329,0.015823364,
1396207108185321109,3,0.3010559,0.2264862,-0.2891388,
1396207108185321109,0,0.28923035,0.2344513,-0.2813263,0.028762817,-0.028884888,-0.005004883,
1396207108205462711,3,0.17021179,0.3007202,-0.21276855,
1396207108205462711,0,0.15838623,0.3086853,-0.20495605,4.5776367E-4,0.0068969727,-0.020492554,
1396207108225604312,3,0.2658081,0.24304199,-0.05895996,
1396207108225604312,0,0.25398254,0.25100708,-0.05114746,-0.06416321,0.03466797,-0.036514282,
1396207108245654361,3,0.42495728,0.16934204,0.0750885,
1396207108245654361,0,0.4131317,0.17730713,0.082901,-0.02998352,0.013305664,-0.01675415,
1396207108265795963,3,0.38864136,0.11647034,0.13864136,
1396207108265795963,0,0.3768158,0.124435425,0.14645386,0.02128601,0.041610718,0.0019378662,
1396207108286029117,3,0.21026611,-0.16497803,0.15519714,
1396207108286029117,0,0.19844055,-0.15701294,0.16300964,0.038375854,0.111572266,-0.0028686523,
1396207108306231754,3,0.061798096,-0.52760315,0.2326355,
1396207108306231754,0,0.049972534,-0.51963806,0.240448,0.012741089,0.07472229,-0.013015747,
1396207108326312320,3,-0.06690979,-0.7070465,0.29031372,
1396207108326312320,0,-0.07873535,-0.6990814,0.29812622,0.029296875,0.030929565,-1.9836426E-4,
1396207108346453922,3,-0.15022278,-0.637619,0.29618835,
1396207108346453922,0,-0.16204834,-0.62965393,0.30400085,-0.027313232,-0.060928345,0.016357422,
1396207108366534488,3,0.16647339,-0.19488525,0.15306091,
1396207108366534488,0,0.15464783,-0.18692017,0.16087341,-0.13999939,-0.114868164,0.07510376,
1396207108386737125,3,0.5141449,0.1698761,-0.07498169,
1396207108386737125,0,0.50231934,0.17784119,-0.06716919,-0.031585693,-0.042770386,0.04786682,
1396207108406909244,3,0.29144287,0.07748413,-0.25175476,
1396207108406909244,0,0.2796173,0.08544922,-0.24394226,0.107803345,0.091278076,0.05053711,
1396207108426989810,3,-0.30937195,-0.14308167,-0.30195618,
1396207108426989810,0,-0.3211975,-0.13511658,-0.29414368,0.15533447,0.024520874,-0.015686035,
1396207108447131412,3,-0.83595276,-0.113708496,-0.17645264,
1396207108447131412,0,-0.8477783,-0.10574341,-0.16864014,0.07095337,-0.020874023,-0.026901245,
1396207108467150943,3,-0.9598541,0.020874023,-0.037597656,
1396207108467150943,0,-0.9716797,0.028839111,-0.029785156,-0.026245117,-0.013397217,-0.02583313,
1396207108487384098,3,-0.77934265,-0.013305664,0.0750885,
1396207108487384098,0,-0.7911682,-0.005340576,0.082901,-0.08178711,0.044281006,-0.012481689,
1396207108507647769,3,-0.49308777,-0.13613892,0.10392761,
1396207108507647769,0,-0.50491333,-0.12817383,0.11174011,-0.07217407,0.0154418945,0.011016846,
1396207108527728336,3,-0.32859802,-0.09768677,0.08416748,
1396207108527728336,0,-0.34042358,-0.08972168,0.09197998,-0.042266846,-0.023010254,0.011550903,
1396207108547839420,3,-0.22232056,0.12928772,0.045181274,
1396207108547839420,0,-0.23414612,0.13725281,0.052993774,-0.035324097,-0.06413269,0.023834229,
1396207108567950504,3,-0.070114136,0.3247528,-0.03492737,
1396207108567950504,0,-0.0819397,0.3327179,-0.027114868,-0.064697266,-0.006454468,0.03024292,
1396207108588153140,3,0.11680603,0.22221375,-0.09901428,
1396207108588153140,0,0.10498047,0.23017883,-0.09120178,-0.046539307,0.06510925,0.015289307,
1396207108608264224,3,0.20812988,-0.035736084,-0.11824036,
1396207108608264224,0,0.19630432,-0.027770996,-0.11042786,-0.02998352,0.07525635,0.012084961,
1396207108628405826,3,0.2861023,-0.20770264,-0.11824036,
1396207108628405826,0,0.27427673,-0.19973755,-0.11042786,-0.02998352,0.017578125,0.003540039,
1396207108648547428,3,0.29678345,-0.11103821,-0.1251831,
1396207108648547428,0,0.2849579,-0.10307312,-0.117370605,0.005264282,-0.044906616,0.015823364,
1396207108668658512,3,0.15739441,0.08442688,-0.18019104,
1396207108668658512,0,0.14556885,0.09239197,-0.17237854,0.033569336,-0.022476196,0.020629883,
1396207108688800113,3,0.0340271,0.13302612,-0.19514465,
1396207108688800113,0,0.022201538,0.14099121,-0.18733215,9.918213E-4,0.017578125,0.003540039,
1396207108709033267,3,0.0970459,0.03475952,-0.13800049,
1396207108709033267,0,0.08522034,0.04272461,-0.13018799,-0.05455017,0.0368042,-0.010879517,
1396207108729113834,3,0.28450012,-0.055496216,-0.09313965,
1396207108729113834,0,0.27267456,-0.047531128,-0.08532715,-0.05508423,0.02558899,0.0019378662,
1396207108749499576,3,0.36087036,-0.023986816,-0.062164307,
1396207108749499576,0,0.3490448,-0.016021729,-0.054351807,-0.00541687,-0.021942139,-1.9836426E-4,
1396207108769366519,3,0.2861023,0.12928772,-0.031188965,
1396207108769366519,0,0.27427673,0.13725281,-0.023376465,0.012741089,-0.023544312,8.69751E-4,
1396207108789538639,3,0.20812988,0.19818115,-0.0034179688,
1396207108789538639,0,0.19630432,0.20614624,0.0043945313,9.918213E-4,0.003692627,0.0019378662,
1396207108809796217,3,0.17181396,0.12394714,0.01260376,
1396207108809796217,0,0.1599884,0.13191223,0.02041626,-0.00541687,0.04374695,0.0019378662,
1396207108829876784,3,0.13069153,0.04650879,0.06867981,
1396207108829876784,0,0.11886597,0.054473877,0.07649231,-0.002746582,0.0068969727,-0.01675415,
1396207108850018385,3,0.115737915,0.10418701,0.16374207,
1396207108850018385,0,0.10391235,0.1121521,0.17155457,-6.1035156E-4,-0.014465332,-0.0082092285,
1396207108870098952,3,-0.114974976,0.18109131,0.18884277,
1396207108870098952,0,-0.12680054,0.1890564,0.19665527,0.08483887,-0.014465332,0.005142212,
1396207108890301588,3,-0.4006958,0.2051239,0.18670654,
1396207108890301588,0,-0.41252136,0.21308899,0.19451904,0.012741089,0.015975952,0.013687134,
1396207108910534743,3,-0.25489807,0.18109131,0.20219421,
1396207108910534743,0,-0.26672363,0.1890564,0.21000671,-0.1020813,0.007965088,-0.010345459,
1396207108930615309,3,0.13282776,0.13676453,0.28497314,
1396207108930615309,0,0.1210022,0.14472961,0.29278564,-0.09674072,0.026657104,-0.007675171,
1396207108950756911,3,0.28930664,0.027816772,0.30740356,
1396207108950756911,0,0.27748108,0.03578186,0.31521606,-0.004348755,0.049087524,0.015823364,
1396207108970898512,3,0.0868988,-0.15109253,0.19044495,
1396207108970898512,0,0.07507324,-0.14312744,0.19825745,0.078430176,0.049621582,0.04840088,
1396207108991040114,3,-0.32592773,-0.18687439,0.045181274,
1396207108991040114,0,-0.3377533,-0.1789093,0.052993774,0.09284973,-0.012863159,0.033447266,
1396207109011181715,3,-0.6127167,-0.061904907,-0.00982666,
1396207109011181715,0,-0.62454224,-0.05393982,-0.0020141602,0.016479492,-0.020339966,0.010482788,
1396207109031323317,3,-0.52993774,0.008590698,0.01687622,
1396207109031323317,0,-0.5417633,0.016555786,0.02468872,-0.073776245,-0.0021820068,-0.004470825,
1396207109051464918,3,-0.24208069,0.047042847,0.06654358,
1396207109051464918,0,-0.25390625,0.055007935,0.07435608,-0.089263916,0.0042266846,-0.0028686523,
1396207109071576002,3,0.039901733,0.042236328,0.06921387,
1396207109071576002,0,0.028076172,0.050201416,0.07702637,-0.06896973,0.013305664,0.014755249,
1396207109091809157,3,0.18035889,0.051849365,-0.0023498535,
1396207109091809157,0,0.16853333,0.059814453,0.0054626465,0.004196167,0.0015563965,0.01689148,
1396207109111950758,3,0.039901733,0.047042847,-0.019973755,
1396207109111950758,0,0.028076172,0.055007935,-0.012161255,0.033569336,0.014907837,0.0078125,
1396207109132031325,3,-0.08666992,0.040100098,0.01260376,
1396207109132031325,0,-0.09849548,0.048065186,0.02041626,-7.6293945E-5,0.003692627,-0.004470825,
1396207109152447584,3,-0.026855469,0.04650879,0.05052185,
1396207109152447584,0,-0.03868103,0.054473877,0.05833435,-0.049209595,0.0068969727,3.3569336E-4,
1396207109172314528,3,0.1739502,-0.024520874,0.049453735,
1396207109172314528,0,0.16212463,-0.016555786,0.057266235,-0.07270813,0.051223755,0.014221191,
1396207109192395094,3,0.38383484,-0.16764832,0.021148682,
1396207109192395094,0,0.37200928,-0.15968323,0.028961182,-0.04333496,0.02558899,0.015823364,
1396207109212658766,3,0.3918457,-0.118515015,-0.042938232,
1396207109212658766,0,0.38002014,-0.11054993,-0.035125732,0.010604858,-0.028884888,0.031845093,
1396207109232739332,3,0.27435303,0.031021118,-0.14227295,
1396207109232739332,0,0.26252747,0.038986206,-0.13446045,0.02128601,-0.022476196,0.029708862,
1396207109252880934,3,0.14511108,0.06466675,-0.19621277,
1396207109252880934,0,0.13328552,0.072631836,-0.18840027,0.01701355,0.022918701,0.0078125,
1396207109272961500,3,0.093307495,-0.107299805,-0.15776062,
1396207109272961500,0,0.08148193,-0.09933472,-0.14994812,-0.011291504,0.064575195,-0.006072998,
1396207109293103102,3,0.043640137,-0.25042725,-0.113967896,
1396207109293103102,0,0.031814575,-0.24246216,-0.106155396,0.014877319,0.01864624,-0.0018005371,
1396207109313336256,3,-0.07972717,-0.21304321,-0.07498169,
1396207109313336256,0,-0.091552734,-0.20507813,-0.06716919,0.018615723,-0.009124756,-0.00340271,
1396207109333416823,3,-0.16571045,-0.17085266,0.028625488,
1396207109333416823,0,-0.17753601,-0.16288757,0.03643799,-0.0075531006,-0.0043182373,-0.031173706,
1396207109373700026,3,0.0019836426,-0.47579956,0.35760498,
1396207109373700026,0,-0.009841919,-0.46783447,0.36541748,-0.028915405,0.07312012,-0.021560669,
1396207109393811110,3,0.059661865,-0.58795166,0.33624268,
1396207109393811110,0,0.047836304,-0.5799866,0.34405518,-0.017166138,0.013305664,0.052139282,
1396207109414044264,3,-0.01083374,-0.46458435,0.0713501,
1396207109414044264,0,-0.022659302,-0.45661926,0.0791626,0.025558472,-0.0716095,0.0884552,
1396207109434094313,3,-0.15769958,-0.046951294,-0.21276855,
1396207109434094313,0,-0.16952515,-0.038986206,-0.20495605,0.020751953,-0.09938049,0.064956665,
1396207109454480055,3,-0.35957336,0.23770142,-0.37565613,
1396207109454480055,0,-0.37139893,0.2456665,-0.36784363,0.062408447,-0.025146484,0.03024292,
1396207109474377516,3,-0.62553406,0.26013184,-0.3569641,
1396207109474377516,0,-0.6373596,0.26809692,-0.3491516,0.02822876,0.023986816,-0.021560669,
1396207109494458082,3,-0.61912537,0.15652466,-0.16416931,
1396207109494458082,0,-0.6309509,0.16448975,-0.15635681,-0.048675537,0.033599854,-0.054138184,
1396207109514782790,3,-0.39161682,0.056121826,0.060134888,
1396207109514782790,0,-0.40344238,0.064086914,0.06794739,-0.082855225,0.030395508,-0.03918457,
1396207109534863356,3,-0.13420105,0.020874023,0.20272827,
1396207109534863356,0,-0.14602661,0.028839111,0.21054077,-0.06149292,-5.79834E-4,-0.016220093,
1396207109555004957,3,0.006790161,0.057724,0.24758911,
1396207109555004957,0,-0.0050354004,0.06568909,0.2554016,-0.042266846,0.0031585693,0.0072784424,
1396207109575116041,3,0.153656,0.081222534,0.2048645,
1396207109575116041,0,0.14183044,0.08918762,0.212677,-0.05027771,0.009567261,0.029708862,
1396207109595227125,3,0.2973175,0.036895752,0.07775879,
1396207109595227125,0,0.28549194,0.04486084,0.08557129,-0.04333496,0.021850586,0.05000305,
1396207109615460280,3,0.36888123,0.042770386,-0.109695435,
1396207109615460280,0,0.35705566,0.050735474,-0.101882935,-0.01663208,-0.011795044,0.0569458,
1396207109635540846,3,0.3427124,0.16506958,-0.25335693,
1396207109635540846,0,0.33088684,0.17303467,-0.24554443,0.0031280518,-0.0262146,0.028640747,
1396207109655682448,3,0.29144287,0.261734,-0.2789917,
1396207109655682448,0,0.2796173,0.2696991,-0.2711792,-0.0032806396,-0.0021820068,0.0019378662,
1396207109675824049,3,0.26741028,0.2291565,-0.22558594,
1396207109675824049,0,0.25558472,0.23712158,-0.21777344,-0.007019043,0.033599854,-0.013015747,
1396207109695935133,3,0.2545929,0.12928772,-0.1353302,
1396207109695935133,0,0.24276733,0.13725281,-0.1275177,-0.010223389,0.033065796,-0.011413574,
1396207109716168288,3,0.25032043,0.0790863,-0.08673096,
1396207109716168288,0,0.23849487,0.08705139,-0.07891846,-0.008087158,0.002090454,0.0030059814,
1396207109736248854,3,0.21347046,0.18429565,-0.066970825,
1396207109736248854,0,0.2016449,0.19226074,-0.059158325,0.0020599365,-0.039031982,-7.324219E-4,
1396207109756390456,3,0.16273499,0.3060608,-0.0028839111,
1396207109756390456,0,0.15090942,0.31402588,0.004928589,-0.0038146973,-0.0027160645,-0.01675415,
1396207109776532057,3,0.16914368,0.23556519,0.105529785,
1396207109776532057,0,0.15731812,0.24353027,0.113342285,-0.01876831,0.040008545,-0.018356323,
1396207109796643141,3,0.1739502,0.14477539,0.18403625,
1396207109796643141,0,0.16212463,0.15274048,0.19184875,-0.010757446,0.023986816,-7.324219E-4,
1396207109816876295,3,0.21026611,0.13249207,0.21768188,
1396207109816876295,0,0.19844055,0.14045715,0.22549438,-0.02571106,0.006362915,-0.007675171,
1396207109836956862,3,0.24337769,0.14691162,0.30046082,
1396207109836956862,0,0.23155212,0.15487671,0.30827332,-0.018234253,-5.79834E-4,-0.013549805,
1396207109857098463,3,0.33470154,0.24784851,0.33944702,
1396207109857098463,0,0.32287598,0.2558136,0.34725952,-0.046539307,-0.032089233,0.012619019,
1396207109877209547,3,0.30158997,0.40219116,0.26200867,
1396207109877209547,0,0.2897644,0.41015625,0.26982117,0.051727295,-0.025146484,0.035583496,
1396207109897412184,3,-0.0466156,0.41233826,0.19525146,
1396207109897412184,0,-0.058441162,0.42030334,0.20306396,0.074157715,0.04374695,0.008346558,
1396207109917614821,3,-0.18226624,0.21099854,0.24118042,
1396207109917614821,0,-0.1940918,0.21896362,0.24899292,-0.028381348,0.06991577,-0.011947632,
1396207109937695387,3,-0.05142212,-0.012771606,0.27322388,
1396207109937695387,0,-0.06324768,-0.0048065186,0.28103638,-0.04814148,0.051223755,0.014755249,
1396207109957836989,3,-0.0049591064,-0.11103821,0.17282104,
1396207109957836989,0,-0.016784668,-0.10307312,0.18063354,0.0047302246,0.012771606,0.05000305,
1396207109977917555,3,-0.20309448,-0.09875488,-0.07337952,
1396207109977917555,0,-0.21492004,-0.090789795,-0.06556702,0.06614685,-0.0016479492,0.08258057,
1396207109998120192,3,-0.56518555,-0.015975952,-0.34040833,
1396207109998120192,0,-0.5770111,-0.008010864,-0.33259583,0.08430481,-0.01713562,0.06121826,
1396207110019055250,3,-0.84342957,0.040634155,-0.45950317,
1396207110019055250,0,-0.8552551,0.048599243,-0.45169067,0.022888184,0.011703491,0.013687134,
1396207110038372877,3,-0.79963684,-0.023986816,-0.41838074,
1396207110038372877,0,-0.8114624,-0.016021729,-0.41056824,-0.064697266,0.031463623,-0.013549805,
1396207110058514479,3,-0.48347473,-0.029327393,-0.28059387,
1396207110058514479,0,-0.4953003,-0.021362305,-0.27278137,-0.10848999,-0.0027160645,-0.030639648,
1396207110078656081,3,-0.11604309,-0.0154418945,-0.14067078,
1396207110078656081,0,-0.12786865,-0.0074768066,-0.13285828,-0.0881958,0.012237549,-0.023162842,
1396207110098797682,3,0.04043579,-0.04374695,-0.056289673,
1396207110098797682,0,0.02861023,-0.03578186,-0.048477173,-0.015029907,0.022384644,-0.0071411133,
1396207110118969801,3,-0.06210327,-0.11317444,0.02381897,
1396207110118969801,0,-0.07392883,-0.10520935,0.03163147,0.03303528,0.022384644,-0.01461792,
1396207110139080885,3,-0.16410828,-0.1211853,0.105529785,
1396207110139080885,0,-0.17593384,-0.113220215,0.113342285,-0.01449585,0.0015563965,-0.009811401,
1396207110159253004,3,-0.021514893,-0.064575195,0.190979,
1396207110159253004,0,-0.033340454,-0.056610107,0.1987915,-0.078048706,-0.009124756,-0.018356323,
1396207110179394606,3,0.24177551,-0.042144775,0.246521,
1396207110179394606,0,0.22994995,-0.034179688,0.2543335,-0.062561035,0.01864624,0.010482788,
1396207110199536207,3,0.2796936,-0.14094543,0.16534424,
1396207110199536207,0,0.26786804,-0.13298035,0.17315674,0.020217896,0.039474487,0.04359436,
1396207110219677809,3,0.07888794,-0.2648468,0.014205933,
1396207110219677809,0,0.06706238,-0.2568817,0.022018433,0.042648315,0.035202026,0.03878784,
1396207110239849928,3,-0.051956177,-0.30329895,-0.019439697,
1396207110239849928,0,-0.06378174,-0.29533386,-0.011627197,-0.0038146973,-4.5776367E-5,-0.004470825,
1396207110259930495,3,0.047912598,-0.24295044,0.04624939,
1396207110259930495,0,0.036087036,-0.23498535,0.05406189,-0.06843567,-0.00592041,-0.0039367676,
1396207110280072096,3,0.3101349,-0.19755554,0.038238525,
1396207110280072096,0,0.29830933,-0.18959045,0.046051025,-0.07003784,-0.003250122,0.01902771,
1396207110300213698,3,0.4084015,-0.1628418,0.004058838,
1396207110300213698,0,0.39657593,-0.15487671,0.011871338,-0.007019043,0.0058288574,0.015823364,
1396207110321179274,3,0.23857117,-0.24188232,-0.0231781,
1396207110321179274,0,0.2267456,-0.23391724,-0.015365601,0.09765625,0.053894043,0.008880615,
1396207110340496901,3,0.08956909,-0.29101563,-0.020507813,
1396207110340496901,0,0.07774353,-0.28305054,-0.0126953125,0.027694702,0.011169434,0.0040740967,
1396207110360669020,3,0.13336182,-0.2814026,0.030761719,
1396207110360669020,0,0.121536255,-0.2734375,0.03857422,-0.071640015,0.0068969727,-0.009811401,
1396207110380810622,3,0.3325653,-0.3481598,0.05960083,
1396207110380810622,0,0.32073975,-0.3401947,0.06741333,-0.03265381,0.037338257,0.011550903,
1396207110400952223,3,0.18302917,-0.4223938,-0.07978821,
1396207110400952223,0,0.17120361,-0.4144287,-0.07197571,0.12649536,0.011169434,0.11141968,
1396207110421032790,3,-0.2709198,-0.2899475,-0.33773804,
1396207110421032790,0,-0.28274536,-0.28198242,-0.32992554,0.069885254,-0.06253052,0.042526245,
1396207110441204909,3,-0.33981323,0.03956604,-0.4253235,
1396207110441204909,0,-0.3516388,0.047531128,-0.417511,-0.05882263,-0.08442688,0.010482788,
1396207110461346510,3,-0.015106201,0.3060608,-0.36123657,
1396207110461346510,0,-0.026931763,0.31402588,-0.35342407,-0.10154724,-0.010192871,-0.013015747,
1396207110481488112,3,0.13122559,0.23930359,-0.27365112,
1396207110481488112,0,0.119400024,0.24726868,-0.26583862,0.004196167,0.041610718,-0.021560669,
1396207110501629713,3,-0.010299683,0.09617615,-0.17485046,
1396207110501629713,0,-0.022125244,0.104141235,-0.16703796,0.033569336,0.042678833,-0.005004883,
1396207110521740797,3,-0.254364,0.029418945,-0.1529541,
1396207110521740797,0,-0.26618958,0.037384033,-0.1451416,0.067214966,-0.00592041,8.69751E-4,
1396207110541943434,3,-0.5064392,0.1346283,-0.10115051,
1396207110541943434,0,-0.5182648,0.14259338,-0.09333801,0.018081665,-0.020339966,-0.0071411133,
1396207110562054518,3,-0.4802704,0.16506958,-0.029052734,
1396207110562054518,0,-0.49209595,0.17303467,-0.021240234,-0.046539307,0.023986816,-0.013015747,
1396207110582165602,3,-0.29174805,0.031021118,0.04624939,
1396207110582165602,0,-0.3035736,0.038986206,0.05406189,-0.06309509,0.04588318,-0.005004883,
1396207110622418288,3,-0.1272583,0.15118408,-0.1251831,
1396207110622418288,0,-0.13908386,0.15914917,-0.117370605,-0.026779175,-0.041168213,0.054275513,
1396207110642590407,3,-0.041809082,0.29377747,-0.23519897,
1396207110642590407,0,-0.053634644,0.30174255,-0.22738647,-0.02998352,-0.025680542,0.0040740967,
1396207110662762526,3,0.032424927,0.36053467,-0.11343384,
1396207110662762526,0,0.020599365,0.36849976,-0.10562134,-0.03479004,0.013305664,-0.040786743,
1396207110682873610,3,0.30052185,0.22061157,0.09164429,
1396207110682873610,0,0.2886963,0.22857666,0.09945679,-0.11489868,0.09555054,-0.02583313,
1396207110703045729,3,0.47195435,-0.07312012,0.2150116,
1396207110703045729,0,0.46012878,-0.06515503,0.2228241,0.008468628,0.022918701,-0.015686035,
1396207110723217848,3,0.3010559,0.0716095,0.16801453,
1396207110723217848,0,0.28923035,0.079574585,0.17582703,0.040512085,-0.065200806,0.049468994,
1396207110743328932,3,0.061264038,0.47428894,-0.01676941,
1396207110743328932,0,0.049438477,0.48225403,-0.008956909,0.05279541,-0.10151672,0.0569458,
1396207110763470534,3,-0.0119018555,0.7519989,-0.18606567,
1396207110763470534,0,-0.023727417,0.759964,-0.17825317,-0.049209595,-0.0021820068,0.038253784,
