1396207040538183121,0,992.9043,0.0,0.0,
1396207040563573746,0,992.87427,0.0,0.0,
1396207040600988297,0,992.99426,0.0,0.0,
1396207040639287858,0,993.0642,0.0,0.0,
1396207040665380387,0,992.9043,0.0,0.0,
1396207040700200944,0,992.81433,0.0,0.0,
1396207040733831315,0,992.87427,0.0,0.0,
1396207040765081315,0,992.87427,0.0,0.0,
1396207040800878434,0,992.96423,0.0,0.0,
1396207040840429215,0,993.0642,0.0,0.0,
1396207040866765885,0,992.96423,0.0,0.0,
1396207040902606228,0,992.9043,0.0,0.0,
1396207040941546657,0,992.96423,0.0,0.0,
1396207040966449001,0,992.8443,0.0,0.0,
1396207041002368191,0,992.93427,0.0,0.0,
1396207041036273220,0,992.93427,0.0,0.0,
1396207041068286159,0,993.0642,0.0,0.0,
1396207041103106716,0,993.0942,0.0,0.0,
1396207041142535427,0,992.96423,0.0,0.0,
1396207041167987087,0,992.87427,0.0,0.0,
1396207041205249050,0,992.8443,0.0,0.0,
1396207041237323025,0,992.9043,0.0,0.0,
1396207041268603542,0,992.87427,0.0,0.0,
1396207041304461696,0,992.9043,0.0,0.0,
1396207041343920925,0,992.81433,0.0,0.0,
1396207041370379665,0,992.9043,0.0,0.0,
1396207041405169704,0,992.9043,0.0,0.0,
1396207041444659450,0,992.93427,0.0,0.0,
1396207041471209743,0,992.8443,0.0,0.0,
1396207041505908230,0,992.96423,0.0,0.0,
1396207041545794704,0,992.93427,0.0,0.0,
1396207041570819118,0,992.9043,0.0,0.0,
1396207041606555202,0,993.0542,0.0,0.0,
1396207041640155056,0,992.8443,0.0,0.0,
1396207041671435573,0,992.93427,0.0,0.0,
1396207041707141140,0,992.8443,0.0,0.0,
1396207041740924099,0,992.8443,0.0,0.0,
1396207041847918728,0,992.87427,0.0,0.0,
1396207041873004177,0,992.8443,0.0,0.0,
1396207041908526638,0,993.0542,0.0,0.0,
1396207041948260525,0,992.93427,0.0,0.0,
1396207041973651150,0,992.96423,0.0,0.0,
1396207042009783962,0,992.87427,0.0,0.0,
1396207042048938015,0,992.9043,0.0,0.0,
1396207042074420193,0,992.87427,0.0,0.0,
1396207042111285427,0,992.96423,0.0,0.0,
1396207042150164821,0,992.9043,0.0,0.0,
1396207042175128200,0,992.9043,0.0,0.0,
1396207042211474636,0,992.93427,0.0,0.0,
1396207042250445583,0,992.87427,0.0,0.0,
1396207042276965359,0,992.87427,0.0,0.0,
1396207042311663845,0,992.78436,0.0,0.0,
1396207042351153591,0,992.93427,0.0,0.0,
1396207042377551296,0,992.99426,0.0,0.0,
1396207042414111355,0,992.93427,0.0,0.0,
1396207042452258327,0,992.87427,0.0,0.0,
1396207042477313259,0,992.93427,0.0,0.0,
1396207042513257007,0,993.02423,0.0,0.0,
1396207042552716236,0,992.96423,0.0,0.0,
1396207042579052906,0,992.93427,0.0,0.0,
1396207042614544849,0,992.9043,0.0,0.0,
1396207042653363208,0,992.87427,0.0,0.0,
1396207042678875904,0,992.93427,0.0,0.0,
1396207042716015796,0,992.87427,0.0,0.0,
1396207042754559497,0,992.87427,0.0,0.0,
1396207042780590991,0,992.93427,0.0,0.0,
1396207042815381031,0,992.87427,0.0,0.0,
1396207042854840259,0,993.12415,0.0,0.0,
1396207042880322437,0,992.93427,0.0,0.0,
1396207042916089038,0,992.81433,0.0,0.0,
1396207042955548267,0,992.87427,0.0,0.0,
1396207042980938892,0,992.9043,0.0,0.0,
1396207043019146900,0,992.9043,0.0,0.0,
1396207043081707935,0,992.9043,0.0,0.0,
1396207043117657642,0,993.0542,0.0,0.0,
1396207043151288013,0,992.9043,0.0,0.0,
1396207043183423023,0,993.1542,0.0,0.0,
1396207043219037036,0,992.99426,0.0,0.0,
1396207043251843433,0,992.93427,0.0,0.0,
1396207043283093433,0,992.96423,0.0,0.0,
1396207043320459213,0,992.9043,0.0,0.0,
1396207043352563706,0,992.8443,0.0,0.0,
1396207043383844223,0,992.99426,0.0,0.0,
1396207043420190659,0,993.02423,0.0,0.0,
1396207043453180161,0,992.93427,0.0,0.0,
1396207043484491196,0,992.8443,0.0,0.0,
1396207043520532456,0,992.78436,0.0,0.0,
1396207043559808579,0,992.96423,0.0,0.0,
1396207043585260239,0,992.87427,0.0,0.0,
1396207043622583237,0,992.9043,0.0,0.0,
1396207043660943832,0,992.93427,0.0,0.0,
1396207043685968247,0,992.93427,0.0,0.0,
1396207043721765366,0,992.9043,0.0,0.0,
1396207043761346664,0,992.93427,0.0,0.0,
1396207043786737289,0,992.99426,0.0,0.0,
1396207043823266831,0,992.9043,0.0,0.0,
1396207043861963120,0,992.99426,0.0,0.0,
1396207043888421860,0,993.02423,0.0,0.0,
1396207043924402084,0,992.93427,0.0,0.0,
1396207043962945786,0,992.93427,0.0,0.0,
1396207043988061752,0,993.02423,0.0,0.0,
1396207044023889389,0,992.96423,0.0,0.0,
1396207044063226547,0,992.87427,0.0,0.0,
1396207044088800278,0,993.0542,0.0,0.0,
1396207044124597397,0,992.78436,0.0,0.0,
1396207044163812485,0,992.81433,0.0,0.0,
1396207044189477768,0,992.93427,0.0,0.0,
1396207044226861801,0,992.96423,0.0,0.0,
1396207044264978256,0,992.8443,0.0,0.0,
1396207044290094223,0,992.81433,0.0,0.0,
1396207044326135483,0,992.96423,0.0,0.0,
1396207044466089096,0,992.87427,0.0,0.0,
1396207044492761459,0,992.96423,0.0,0.0,
1396207044528772202,0,992.9043,0.0,0.0,
1396207044567071762,0,992.99426,0.0,0.0,
1396207044592279282,0,993.0542,0.0,0.0,
1396207044628137436,0,992.9043,0.0,0.0,
1396207044667474594,0,992.87427,0.0,0.0,
1396207044694024887,0,992.93427,0.0,0.0,
1396207044728906479,0,992.9043,0.0,0.0,
1396207044768121567,0,992.9043,0.0,0.0,
1396207044793756332,0,992.96423,0.0,0.0,
1396207044830896225,0,992.93427,0.0,0.0,
1396207044869195786,0,992.96423,0.0,0.0,
1396207044895618595,0,992.9043,0.0,0.0,
1396207044930469670,0,992.99426,0.0,0.0,
1396207044969989933,0,992.9043,0.0,0.0,
1396207044996387638,0,992.8443,0.0,0.0,
1396207045031849064,0,992.93427,0.0,0.0,
1396207045070636906,0,992.93427,0.0,0.0,
1396207045097095646,0,992.87427,0.0,0.0,
1396207045133136906,0,992.9043,0.0,0.0,
1396207045171772160,0,992.96423,0.0,0.0,
1396207045197773136,0,992.93427,0.0,0.0,
1396207045232532658,0,992.8443,0.0,0.0,
1396207045272052922,0,992.87427,0.0,0.0,
1396207045298328556,0,992.87427,0.0,0.0,
1396207045333240666,0,992.87427,0.0,0.0,
1396207045372608341,0,992.9043,0.0,0.0,
1396207045397876896,0,992.9043,0.0,0.0,
1396207045435779728,0,992.96423,0.0,0.0,
1396207045473774113,0,992.9043,0.0,0.0,
1396207045498584904,0,992.93427,0.0,0.0,
1396207045534687199,0,992.9043,0.0,0.0,
1396207045574176945,0,992.87427,0.0,0.0,
1396207045599262394,0,992.9043,0.0,0.0,
1396207045635303654,0,992.81433,0.0,0.0,
1396207045668934025,0,992.87427,0.0,0.0,
1396207045700868060,0,992.9043,0.0,0.0,
1396207045737245013,0,992.8443,0.0,0.0,
1396207045776002337,0,992.8443,0.0,0.0,
1396207045800721575,0,992.9043,0.0,0.0,
1396207045836823870,0,992.96423,0.0,0.0,
1396207045876252581,0,992.87427,0.0,0.0,
1396207045902558733,0,992.87427,0.0,0.0,
1396207045937501360,0,992.9043,0.0,0.0,
1396207045977082659,0,992.8443,0.0,0.0,
1396207046002351214,0,993.02423,0.0,0.0,
1396207046040162493,0,992.77435,0.0,0.0,
1396207046078065325,0,993.0542,0.0,0.0,
1396207046103028704,0,992.9043,0.0,0.0,
1396207046138917376,0,993.0542,0.0,0.0,
1396207046172486712,0,992.9043,0.0,0.0,
1396207046203767230,0,992.8043,0.0,0.0,
1396207046239625384,0,992.99426,0.0,0.0,
1396207046278993060,0,992.93427,0.0,0.0,
1396207046304505755,0,993.02423,0.0,0.0,
1396207046341462542,0,993.08417,0.0,0.0,
1396207046380250384,0,992.93427,0.0,0.0,
1396207046405152728,0,992.96423,0.0,0.0,
1396207046441041399,0,992.96423,0.0,0.0,
1396207046474702288,0,992.9043,0.0,0.0,
1396207046505860735,0,992.9043,0.0,0.0,
1396207046541749407,0,992.99426,0.0,0.0,
1396207046581117083,0,992.93427,0.0,0.0,
1396207046606690814,0,992.87427,0.0,0.0,
1396207046644013812,0,992.87427,0.0,0.0,
1396207046676148821,0,992.96423,0.0,0.0,
1396207046707307269,0,992.8443,0.0,0.0,
1396207046743043353,0,992.93427,0.0,0.0,
1396207046782807757,0,992.87427,0.0,0.0,
1396207046808076312,0,992.77435,0.0,0.0,
1396207046843842913,0,992.87427,0.0,0.0,
1396207046877595355,0,992.83435,0.0,0.0,
1396207046945771624,0,992.83435,0.0,0.0,
1396207046984467913,0,992.83435,0.0,0.0,
1396207047009553362,0,992.93427,0.0,0.0,
1396207047045289446,0,993.02423,0.0,0.0,
1396207047084779192,0,992.87427,0.0,0.0,
1396207047110200335,0,992.87427,0.0,0.0,
1396207047146058489,0,992.8043,0.0,0.0,
1396207047185578753,0,992.87427,0.0,0.0,
1396207047210877825,0,992.83435,0.0,0.0,
1396207047248261858,0,992.96423,0.0,0.0,
1396207047286591937,0,992.87427,0.0,0.0,
1396207047311763044,0,992.9043,0.0,0.0,
1396207047347529645,0,992.96423,0.0,0.0,
1396207047386988874,0,992.93427,0.0,0.0,
1396207047412501569,0,992.9043,0.0,0.0,
1396207047448237653,0,992.96423,0.0,0.0,
1396207047487635846,0,992.9043,0.0,0.0,
1396207047514064069,0,992.9043,0.0,0.0,
1396207047548915143,0,993.02423,0.0,0.0,
1396207047588801618,0,992.83435,0.0,0.0,
1396207047614833112,0,992.87427,0.0,0.0,
1396207047649684186,0,993.0542,0.0,0.0,
1396207047683406110,0,992.96423,0.0,0.0,
1396207047714534040,0,992.9043,0.0,0.0,
1396207047750300641,0,992.83435,0.0,0.0,
1396207047789820905,0,992.83435,0.0,0.0,
1396207047815242048,0,992.99426,0.0,0.0,
1396207047851649518,0,992.96423,0.0,0.0,
1396207047890895124,0,992.9043,0.0,0.0,
1396207047916865583,0,992.9043,0.0,0.0,
1396207047952143903,0,992.8643,0.0,0.0,
1396207047991328473,0,992.8043,0.0,0.0,
1396207048016780133,0,992.8043,0.0,0.0,
1396207048052790876,0,993.02423,0.0,0.0,
1396207048086207624,0,992.83435,0.0,0.0,
1396207048117470256,0,993.02423,0.0,0.0,
1396207048218178264,0,992.96423,0.0,0.0,
1396207048254463665,0,993.02423,0.0,0.0,
1396207048293495647,0,993.11414,0.0,0.0,
1396207048318947307,0,992.9043,0.0,0.0,
