1396206180136077886,3,0.042037964,0.0262146,0.0035247803,
1396206180136077886,0,0.030212402,0.034179688,0.01133728,-0.015563965,0.003692627,0.043060303,
1396206180156372076,3,0.024414063,0.08656311,-0.044006348,
1396206180156372076,0,0.012588501,0.0945282,-0.036193848,-7.6293945E-5,-0.021408081,0.0030059814,
1396206180176391607,3,-0.005493164,0.19978333,-0.039733887,
1396206180176391607,0,-0.017318726,0.20774841,-0.031921387,-0.015029907,-0.006454468,0.010482788,
1396206180196533208,3,0.08369446,0.10952759,-0.024246216,
1396206180196533208,0,0.0718689,0.117492676,-0.016433716,-0.052947998,0.050689697,-0.006072998,
1396206180216766363,3,0.22949219,-0.0052948,0.06173706,
1396206180216766363,0,0.21766663,0.002670288,0.06954956,-0.031051636,0.02558899,-0.014083862,
1396206180236846929,3,0.2268219,-0.07899475,0.1242218,
1396206180236846929,0,0.21499634,-0.07102966,0.1320343,0.0036621094,0.024520874,3.3569336E-4,
1396206180256988531,3,0.15899658,-0.10569763,0.09111023,
1396206180256988531,0,0.14717102,-0.097732544,0.09892273,0.0074005127,0.0010223389,0.03024292,
1396206180277130132,3,0.08155823,-0.046417236,0.0398407,
1396206180277130132,0,0.069732666,-0.03845215,0.0476532,0.0047302246,-0.018737793,0.0067443848,
1396206180297271734,3,0.07461548,0.040634155,0.05265808,
1396206180297271734,0,0.06278992,0.048599243,0.06047058,-0.026779175,-4.5776367E-5,0.0099487305,
1396206180317474371,3,0.17662048,0.033691406,0.031295776,
1396206180317474371,0,0.16479492,0.041656494,0.039108276,-0.037994385,0.010101318,0.013153076,
1396206180337554937,3,0.19851685,0.07481384,0.040908813,
1396206180337554937,0,0.18669128,0.08277893,0.048721313,0.004196167,-0.011795044,-0.0028686523,
1396206180357666021,3,0.10505676,0.13783264,0.08843994,
1396206180377777105,3,0.015335083,0.13623047,0.08363342,
1396206180377777105,0,0.0035095215,0.14419556,0.09144592,0.00579834,0.013305664,0.015289307,
1396206180397949224,3,-0.01777649,0.10418701,0.05960083,
1396206180397949224,0,-0.02960205,0.1121521,0.06741333,-0.01449585,0.019714355,0.008346558,
1396206180418121343,3,0.044174194,0.060394287,0.07295227,
1396206180418121343,0,0.032348633,0.068359375,0.08076477,-0.037994385,0.01651001,0.0024719238,
1396206180438201910,3,0.13656616,0.024612427,0.07936096,
1396206180438201910,0,0.1247406,0.032577515,0.08717346,-0.024642944,0.015975952,0.008880615,
1396206180458343511,3,0.100250244,0.036361694,0.061203003,
1396206180458343511,0,0.08842468,0.044326782,0.0690155,0.015945435,-0.006454468,0.013153076,
1396206180478515630,3,-0.004425049,0.09991455,0.042510986,
1396206180478515630,0,-0.01625061,0.10787964,0.050323486,0.0074005127,-0.004852295,0.013687134,
1396206180498657232,3,-0.002822876,0.13943481,0.049987793,
1396206180498657232,0,-0.0146484375,0.1473999,0.057800293,-0.03265381,0.0026245117,-1.9836426E-4,
1396206180519561773,3,0.111465454,0.13996887,0.07028198,
1396206180519561773,0,0.09963989,0.14793396,0.07809448,-0.04333496,0.012771606,0.0072784424,
1396206180538940435,3,0.1675415,0.11112976,0.0713501,
1396206180538940435,0,0.15571594,0.11909485,0.0791626,-0.0064849854,0.015975952,0.0072784424,
1396206180559112554,3,0.11253357,0.06359863,0.05960083,
1396206180559112554,0,0.10070801,0.07156372,0.06741333,0.00579834,0.026123047,0.011550903,
1396206180579254156,3,0.035095215,0.013931274,0.054260254,
1396206180579254156,0,0.023269653,0.021896362,0.062072754,0.0074005127,0.018112183,0.006210327,
1396206180599395757,3,0.013198853,0.020874023,0.05532837,
1396206180599395757,0,0.001373291,0.028839111,0.06314087,-0.021972656,-0.00592041,0.008346558,
1396206180619567876,3,0.086364746,0.08656311,0.04144287,
1396206180619567876,0,0.074539185,0.0945282,0.04925537,-0.036392212,-0.008590698,0.012619019,
1396206180639648443,3,0.16113281,0.12181091,0.015274048,
1396206180639648443,0,0.14930725,0.129776,0.023086548,-0.020370483,0.0074310303,0.016357422,
1396206180659729009,3,0.12695313,0.107925415,-0.0231781,
1396206180659729009,0,0.11512756,0.1158905,-0.015365601,0.012741089,0.019180298,0.017425537,
1396206180679931646,3,0.0019836426,0.049713135,-0.033325195,
1396206180679931646,0,-0.009841919,0.057678223,-0.025512695,0.01914978,0.021850586,0.005142212,
1396206180700073247,3,-0.08026123,0.0438385,-0.006088257,
1396206180700073247,0,-0.09208679,0.05180359,0.0017242432,-0.0011444092,-0.0021820068,-0.0028686523,
1396206180720275884,3,-0.078125,0.107925415,0.030227661,
1396206180720275884,0,-0.08995056,0.1158905,0.03804016,-0.02357483,-0.010726929,0.0014038086,
1396206180740356451,3,0.02067566,0.12020874,0.031829834,
1396206180740356451,0,0.008850098,0.12817383,0.039642334,-0.044403076,0.01651001,0.010482788,
1396206180760467535,3,0.115737915,0.07748413,0.0259552,
1396206180760467535,0,0.10391235,0.08544922,0.0337677,-0.023040771,0.0154418945,0.012084961,
1396206180780670171,3,0.11734009,0.07801819,0.008331299,
1396206180780670171,0,0.10551453,0.08598328,0.016143799,-0.0011444092,0.0042266846,0.012619019,
1396206180800811773,3,0.033493042,0.06947327,-0.008758545,
1396206180800811773,0,0.02166748,0.077438354,-9.460449E-4,0.017547607,0.012771606,0.009414673,
1396206180820953374,3,-0.08666992,0.06413269,-0.024780273,
1396206180820953374,0,-0.09849548,0.07209778,-0.016967773,0.013809204,0.0084991455,0.01689148,
1396206180841094976,3,-0.14274597,0.047576904,-0.07070923,
1396206180841094976,0,-0.15457153,0.055541992,-0.06289673,-0.009155273,0.014373779,0.020095825,
1396206180861175542,3,-0.11817932,0.038497925,-0.09100342,
1396206180861175542,0,-0.13000488,0.046463013,-0.08319092,-0.024108887,0.006362915,0.006210327,
1396206180881347662,3,-0.061035156,0.06573486,-0.071777344,
1396206180881347662,0,-0.07286072,0.07369995,-0.063964844,-0.028915405,4.8828125E-4,-0.0012664795,
1396206180901489263,3,0.02708435,0.06199646,-0.021575928,
1396206180901489263,0,0.015258789,0.06996155,-0.013763428,-0.03692627,0.017044067,-0.004470825,
1396206180921722417,3,0.09597778,0.008056641,0.0115356445,
1396206180921722417,0,0.08415222,0.016021729,0.019348145,-0.016098022,0.028259277,0.0019378662,
1396206180941802984,3,0.048980713,-0.03413391,0.010467529,
1396206180941802984,0,0.03715515,-0.026168823,0.01828003,0.008468628,0.010635376,0.012619019,
1396206180961883550,3,0.004119873,-0.0544281,-0.011428833,
1396206180961883550,0,-0.0077056885,-0.046463013,-0.003616333,-0.016098022,0.013839722,0.012084961,
1396206180982086187,3,0.11253357,-0.072052,-0.014099121,
1396206180982086187,0,0.10070801,-0.064086914,-0.006286621,-0.05508423,0.007965088,0.010482788,
1396206181002227788,3,0.25672913,-0.05870056,-0.019439697,
1396206181002227788,0,0.24490356,-0.050735474,-0.011627197,-0.03692627,0.002090454,0.008346558,
1396206181022369390,3,0.28930664,-0.04374695,-0.03439331,
1396206181022369390,0,0.27748108,-0.03578186,-0.02658081,-0.0032806396,0.0042266846,0.013687134,
1396206181042480474,3,0.19851685,-0.057632446,-0.07498169,
1396206181042480474,0,0.18669128,-0.04966736,-0.06716919,0.022354126,0.017044067,0.020095825,
1396206181062591558,3,0.048446655,-0.10462952,-0.102752686,
1396206181062591558,0,0.036621094,-0.09666443,-0.094940186,0.027160645,0.017044067,0.009414673,
1396206181082794195,3,-0.07652283,-0.12545776,-0.085128784,
1396206181082794195,0,-0.08834839,-0.117492676,-0.077316284,0.0047302246,0.012237549,-0.0018005371,
1396206181102905279,3,-0.06958008,-0.11584473,-0.04988098,
1396206181102905279,0,-0.08140564,-0.10787964,-0.04206848,-0.026779175,-0.0016479492,3.3569336E-4,
1396206181123107915,3,-0.01777649,-0.05870056,-0.044540405,
1396206181123107915,0,-0.02960205,-0.050735474,-0.036727905,-0.01876831,-0.0096588135,0.011016846,
1396206181143188482,3,-0.00869751,0.004852295,-0.071777344,
1396206181143188482,0,-0.020523071,0.012817383,-0.063964844,-0.008621216,4.8828125E-4,0.017959595,
1396206181163299566,3,-0.034332275,-0.0042266846,-0.1177063,
1396206181163299566,0,-0.046157837,0.0037384033,-0.1098938,-0.0022125244,0.014907837,0.01689148,
1396206181183471685,3,-0.07972717,-0.017044067,-0.111831665,
1396206181183471685,0,-0.091552734,-0.0090789795,-0.104019165,4.5776367E-4,0.010635376,-0.0028686523,
1396206181203613287,3,-0.10108948,-0.030395508,-0.06643677,
1396206181203613287,0,-0.11291504,-0.02243042,-0.058624268,-0.01663208,0.014373779,-0.004470825,
1396206181223785406,3,-0.01991272,-0.04107666,-0.03012085,
1396206181223785406,0,-0.03173828,-0.033111572,-0.02230835,-0.046539307,0.0058288574,-1.9836426E-4,
1396206181243927007,3,0.11413574,-0.055496216,8.544922E-4,
1396206181243927007,0,0.10231018,-0.047531128,0.008666992,-0.036392212,0.018112183,8.69751E-4,
1396206181264007574,3,0.13549805,-0.09768677,0.029693604,
1396206181264007574,0,0.123672485,-0.08972168,0.037506104,0.0020599365,0.01651001,0.0030059814,
1396206181284210210,3,0.039367676,-0.12652588,0.047317505,
1396206181284210210,0,0.027542114,-0.11856079,0.055130005,0.01914978,0.011169434,0.0046081543,
1396206181304351812,3,-0.092544556,-0.1174469,0.05532837,
1396206181304351812,0,-0.10437012,-0.10948181,0.06314087,0.018615723,0.006362915,0.010482788,
1396206181324493413,3,-0.16571045,-0.116378784,0.033432007,
1396206181324493413,0,-0.17753601,-0.1084137,0.041244507,-0.0064849854,0.0052948,0.014221191,
1396206181344635015,3,-0.15235901,-0.113708496,0.030227661,
1396206181344635015,0,-0.16418457,-0.10574341,0.03804016,-0.026245117,0.012237549,0.0024719238,
1396206181364715581,3,-0.06530762,-0.1425476,0.062805176,
1396206181364715581,0,-0.07713318,-0.13458252,0.070617676,-0.039596558,0.01651001,0.0030059814,
1396206181384887701,3,0.0655365,-0.13453674,0.047317505,
1396206181384887701,0,0.053710938,-0.12657166,0.055130005,-0.046539307,-0.007522583,0.018493652,
1396206181465423589,3,3.8146973E-4,-0.14361572,0.031295776,
1396206181465423589,0,-0.011444092,-0.13565063,0.039108276,0.029296875,0.004760742,0.014221191,
1396206181485595708,3,-0.12565613,-0.16017151,0.024353027,
1396206181485595708,0,-0.13748169,-0.15220642,0.032165527,0.00579834,0.019180298,0.0040740967,
1396206181505798345,3,-0.11604309,-0.17085266,0.056930542,
1396206181505798345,0,-0.12786865,-0.16288757,0.06474304,-0.03265381,-0.0043182373,-0.006072998,
1396206181525939947,3,0.008926392,-0.098220825,0.10392761,
1396206181525939947,0,-0.00289917,-0.09025574,0.11174011,-0.049743652,-0.006454468,-0.0018005371,
1396206181546020513,3,0.15045166,-0.082733154,0.14344788,
1396206181546020513,0,0.1386261,-0.07476807,0.15126038,-0.042800903,0.011169434,0.0014038086,
1396206181566131597,3,0.24391174,-0.11210632,0.1306305,
1396206181566131597,0,0.23208618,-0.104141235,0.138443,-0.028381348,0.020248413,0.018493652,
1396206181586334234,3,0.25299072,-0.15429688,0.060668945,
1396206181586334234,0,0.24116516,-0.14633179,0.068481445,0.004196167,0.010101318,0.030776978,
1396206181606597906,3,0.11413574,-0.10462952,-0.0034179688,
1396206181606597906,0,0.10231018,-0.09666443,0.0043945313,0.03517151,-0.016067505,0.015823364,
1396206181626617437,3,-0.03807068,-0.02558899,0.009933472,
1396206181626617437,0,-0.04989624,-0.017623901,0.017745972,0.009002686,-0.0043182373,-0.006072998,
1396206181646759038,3,-0.020980835,-0.026657104,0.0713501,
1396206181646759038,0,-0.032806396,-0.018692017,0.0791626,-0.03479004,0.023452759,-0.0023345947,
1396206181666931158,3,0.07675171,-0.14842224,0.085235596,
1396206181666931158,0,0.06492615,-0.14045715,0.093048096,-0.036392212,0.04374695,0.013687134,
1396206181687042242,3,0.15739441,-0.22692871,0.010467529,
1396206181687042242,0,0.14556885,-0.21896362,0.01828003,-0.029449463,0.013305664,0.036117554,
1396206181707513753,3,0.2407074,-0.21250916,-0.08886719,
1396206181707513753,0,0.22888184,-0.20454407,-0.08105469,-0.035858154,-0.010726929,0.025436401,
1396206181727563802,3,0.3101349,-0.033599854,-0.14494324,
1396206181727563802,0,0.29830933,-0.025634766,-0.13713074,-0.015563965,-0.059326172,0.021697998,
1396206181747674886,3,0.26794434,0.22488403,-0.22077942,
1396206181747674886,0,0.25611877,0.23284912,-0.21296692,0.0063323975,-0.04650879,0.031311035,
1396206181767816487,3,0.20065308,0.28523254,-0.3030243,
1396206181767816487,0,0.18882751,0.29319763,-0.2952118,0.0063323975,0.03627014,0.023834229,
1396206181787958089,3,0.084228516,0.03048706,-0.30889893,
1396206181787958089,0,0.072402954,0.03845215,-0.30108643,0.024490356,0.09341431,-0.007675171,
1396206181808038655,3,0.001449585,-0.27766418,-0.19674683,
1396206181808038655,0,-0.010375977,-0.2696991,-0.18893433,-0.008087158,0.060836792,-0.029037476,
1396206181828302327,3,0.05378723,-0.3908844,-0.022109985,
1396206181828302327,0,0.04196167,-0.3829193,-0.014297485,-0.0390625,0.023452759,-0.044525146,
1396206181848382894,3,0.16540527,-0.39622498,0.1279602,
1396206181848382894,0,0.15357971,-0.3882599,0.1357727,-0.03425598,-0.007522583,-0.00340271,
1396206181868524495,3,0.18463135,-0.2963562,0.08950806,
1396206181868524495,0,0.17280579,-0.2883911,0.09732056,9.918213E-4,-0.027282715,0.031845093,
1396206181888666097,3,0.10505676,-0.17512512,-0.006088257,
1396206181888666097,0,0.0932312,-0.16716003,0.0017242432,0.010070801,-0.012863159,0.033447266,
1396206181908807698,3,0.04257202,-0.12171936,-0.093673706,
1396206181908807698,0,0.03074646,-0.11375427,-0.085861206,-0.0032806396,0.0031585693,0.019561768,
1396206181929010335,3,0.018005371,-0.120651245,-0.08886719,
1396206181929010335,0,0.0061798096,-0.11268616,-0.08105469,-0.010757446,0.006362915,-0.0023345947,
1396206181949060384,3,0.055389404,-0.098220825,-0.05949402,
1396206181949060384,0,0.043563843,-0.09025574,-0.05168152,-0.033187866,0.002090454,0.0046081543,
1396206181969507161,3,0.18623352,-0.052825928,-0.045074463,
1396206181969507161,0,0.17440796,-0.04486084,-0.037261963,-0.048675537,-0.004852295,0.008346558,
1396206181989374104,3,0.2786255,0.0016479492,-0.1000824,
1396206181989374104,0,0.26679993,0.009613037,-0.0922699,-0.017166138,-0.004852295,0.029174805,
1396206182009546224,3,0.18676758,0.028884888,-0.15722656,
1396206182009546224,0,0.17494202,0.036849976,-0.14941406,0.038375854,0.010635376,0.012619019,
1396206182029748860,3,-0.031661987,-0.051757813,-0.11450195,
1396206182029748860,0,-0.04348755,-0.043792725,-0.10668945,0.03677368,0.042144775,-0.018356323,
1396206182049829427,3,-0.14381409,-0.15750122,0.008865356,
1396206182049829427,0,-0.15563965,-0.14953613,0.016677856,-0.0048828125,0.01864624,-0.022094727,
1396206182069971028,3,-0.12672424,-0.10569763,0.083099365,
1396206182069971028,0,-0.1385498,-0.097732544,0.090911865,-0.027313232,-0.022476196,0.005142212,
1396206182090051595,3,-0.013504028,0.009124756,0.053726196,
1396206182090051595,0,-0.02532959,0.017089844,0.061538696,-0.050811768,-0.013397217,0.023834229,
1396206182110254231,3,0.14137268,0.05718994,-0.029586792,
1396206182130456868,3,0.20172119,0.058792114,-0.093673706,
1396206182130456868,0,0.18989563,0.0667572,-0.085861206,-0.0022125244,-4.5776367E-5,0.018493652,
1396206182150506917,3,0.1007843,0.09030151,-0.11717224,
1396206182150506917,0,0.08895874,0.0982666,-0.10935974,0.018615723,0.010101318,0.0099487305,
1396206182170831624,3,0.008926392,0.07374573,-0.11076355,
1396206182170831624,0,-0.00289917,0.081710815,-0.10295105,0.0015258789,0.0042266846,0.0014038086,
1396206182190759603,3,0.037231445,0.121276855,-0.06590271,
1396206182190759603,0,0.025405884,0.12924194,-0.05809021,-0.039596558,-0.011260986,-0.0071411133,
1396206182210931722,3,0.14778137,0.15759277,-0.03012085,
1396206182210931722,0,0.13595581,0.16555786,-0.02230835,-0.03265381,0.011169434,0.005142212,
1396206182231134358,3,0.13122559,0.006454468,-0.062698364,
1396206182231134358,0,0.119400024,0.014419556,-0.054885864,0.01914978,0.030929565,0.020629883,
1396206182251214925,3,-0.036468506,0.042236328,-0.12464905,
1396206182251214925,0,-0.048294067,0.050201416,-0.11683655,0.034103394,-0.033691406,0.020629883,
1396206182271722737,3,-0.15769958,0.2654724,-0.1214447,
1396206182271722737,0,-0.16952515,0.2734375,-0.1136322,0.0036621094,-0.04864502,-0.006072998,
1396206182291467610,3,-0.21057129,0.3338318,-0.0066223145,
1396206182291467610,0,-0.22239685,0.34179688,0.0011901855,0.0020599365,0.0368042,-0.035446167,
1396206182311670247,3,-0.23300171,0.11166382,0.17282104,
1396206182311670247,0,-0.24482727,0.119628906,0.18063354,-0.02357483,0.07312012,-0.035446167,
1396206182331872884,3,-0.11657715,-0.06777954,0.28497314,
1396206182331872884,0,-0.12840271,-0.059814453,0.29278564,-0.049209595,0.035736084,-0.00340271,
1396206182351953450,3,0.012130737,-0.09020996,0.30046082,
1396206182351953450,0,3.0517578E-4,-0.08224487,0.30827332,-0.0390625,-0.009124756,0.013153076,
1396206182372308675,3,0.11253357,0.044906616,0.22515869,
1396206182372308675,0,0.10070801,0.052871704,0.23297119,-0.033721924,-0.034225464,0.036117554,
1396206182392175618,3,0.16807556,0.1458435,0.1455841,
1396206182392175618,0,0.15625,0.1538086,0.1533966,-0.01876831,0.003692627,0.012084961,
1396206182412378255,3,0.17662048,0.078552246,0.17068481,
1396206182412378255,0,0.16479492,0.086517334,0.17849731,-0.010223389,0.04534912,-0.0066070557,
1396206182432519856,3,0.15312195,-0.09928894,0.22676086,
1396206182432519856,0,0.14129639,-0.09132385,0.23457336,0.0015258789,0.05229187,-0.0028686523,
1396206182452661458,3,0.045776367,-0.20343018,0.23744202,
1396206182452661458,0,0.033950806,-0.19546509,0.24525452,0.029830933,0.017578125,0.016357422,
1396206182473138753,3,-0.14648438,-0.21250916,0.16481018,
1396206182473138753,0,-0.15830994,-0.20454407,0.17262268,0.03944397,0.0031585693,0.037719727,
1396206182492883626,3,-0.31845093,-0.17726135,0.036636353,
1396206182492883626,0,-0.3302765,-0.16929626,0.044448853,0.01701355,-0.0043182373,0.037719727,
1396206182513068418,3,-0.34729004,-0.109436035,-0.05949402,
1396206182513068418,0,-0.3591156,-0.10147095,-0.05168152,-0.02784729,-0.016601563,0.027038574,
1396206182533271054,3,-0.1865387,-0.039474487,-0.09741211,
1396206182533271054,0,-0.19836426,-0.0315094,-0.08959961,-0.07537842,-0.0043182373,0.008346558,
1396206182553351621,3,0.09010315,0.034225464,-0.09420776,
1396206182553351621,0,0.07827759,0.04219055,-0.08639526,-0.07965088,-0.013931274,0.006210327,
1396206182573462705,3,0.30960083,0.10044861,-0.07337952,
1396206182573462705,0,0.29777527,0.1084137,-0.06556702,-0.055618286,-0.0011138916,-0.0018005371,
1396206182593543271,3,0.43670654,0.10472107,-0.01890564,
1396206182593543271,0,0.42488098,0.11268616,-0.01109314,-0.02571106,0.020248413,-0.009277344,
1396206182613745908,3,0.35499573,5.79834E-4,0.04411316,
1396206182613745908,0,0.34317017,0.008544922,0.05192566,0.041046143,0.046417236,-0.0028686523,
1396206182633948545,3,0.08850098,-0.13720703,0.06173706,
1396206182633948545,0,0.076675415,-0.12924194,0.06954956,0.05973816,0.029327393,0.008346558,
1396206182654029111,3,-0.11444092,-0.09928894,0.056396484,
1396206182654029111,0,-0.12626648,-0.09132385,0.064208984,0.011672974,-0.024612427,0.010482788,
1396206182674170713,3,-0.11016846,0.01713562,0.065475464,
1396206182714453916,3,0.093307495,-0.009033203,0.07562256,
1396206182714453916,0,0.08148193,-0.0010681152,0.08343506,-0.009155273,0.011169434,0.017959595,
1396206182734656552,3,0.019073486,0.007522583,0.01687622,
1396206182734656552,0,0.007247925,0.015487671,0.02468872,0.011672974,0.0010223389,0.026504517,
1396206182754706601,3,-0.036468506,0.024612427,-0.062698364,
1396206182754706601,0,-0.048294067,0.032577515,-0.054885864,-0.0075531006,0.0052948,0.023834229,
1396206182775092343,3,-0.037002563,0.06253052,-0.09901428,
1396206182775092343,0,-0.048828125,0.070495605,-0.09120178,-0.017700195,-0.0016479492,0.012084961,
1396206182794989804,3,0.008392334,0.13783264,-0.08886719,
1396206182794989804,0,-0.0034332275,0.14579773,-0.08105469,-0.026779175,-0.01713562,8.69751E-4,
1396206182815161924,3,0.08102417,0.16453552,-0.06376648,
1396206182815161924,0,0.06919861,0.17250061,-0.05595398,-0.033187866,0.02558899,0.003540039,
1396206182835364560,3,0.12962341,0.048110962,-0.051483154,
1396206182835364560,0,0.11779785,0.05607605,-0.043670654,-0.010223389,0.041610718,0.0019378662,
1396206182855445127,3,0.079956055,-0.010635376,0.002456665,
1396206182855445127,0,0.06813049,-0.002670288,0.010269165,0.008468628,0.0074310303,-0.01675415,
1396206182875800351,3,0.026016235,0.0016479492,0.08630371,
1396206182875800351,0,0.014190674,0.009613037,0.09411621,-0.0059509277,0.010101318,-0.007675171,
1396206182895728330,3,0.04043579,-0.006362915,0.123687744,
1396206182895728330,0,0.02861023,0.0016021729,0.13150024,-0.02357483,0.006362915,0.006210327,
1396206182915839414,3,0.09864807,-0.018112183,0.10232544,
1396206182915839414,0,0.08682251,-0.010147095,0.11013794,-0.027313232,0.020248413,0.01689148,
1396206182936072568,3,0.19264221,-0.04534912,0.10499573,
1396206182936072568,0,0.18081665,-0.037384033,0.11280823,-0.04333496,0.011169434,-0.0028686523,
1396206182956153134,3,0.28556824,-0.027191162,0.15893555,
1396206182956153134,0,0.27374268,-0.019226074,0.16674805,-0.019836426,-0.0027160645,-0.0066070557,
1396206182976264218,3,0.20866394,-0.018112183,0.20967102,
1396206182976264218,0,0.19683838,-0.010147095,0.21748352,0.03463745,0.013839722,3.3569336E-4,
1396206182996436338,3,0.028686523,-0.039474487,0.22142029,
1396206182996436338,0,0.016860962,-0.0315094,0.22923279,0.015945435,0.0052948,0.011016846,
1396206183016577939,3,0.0340271,-0.0154418945,0.20059204,
1396206183016577939,0,0.022201538,-0.0074768066,0.20840454,-0.035324097,0.0026245117,0.011550903,
1396206183036780576,3,0.122680664,-0.022918701,0.19845581,
1396206183036780576,0,0.1108551,-0.014953613,0.20626831,-0.028915405,0.01864624,0.009414673,
1396206183056861142,3,0.1322937,-0.023986816,0.18884277,
1396206183056861142,0,0.12046814,-0.016021729,0.19665527,0.0020599365,0.003692627,0.009414673,
1396206183076972226,3,0.028152466,-0.021316528,0.16908264,
1396206183076972226,0,0.016326904,-0.01335144,0.17689514,0.023956299,0.009567261,0.018493652,
1396206183097144345,3,-0.06904602,4.5776367E-5,0.07028198,
1396206183097144345,0,-0.08087158,0.008010864,0.07809448,-0.0059509277,-0.012863159,0.04573059,
1396206183117255429,3,-0.027389526,0.085494995,-0.10435486,
1396206183117255429,0,-0.039215088,0.09346008,-0.09654236,-0.031585693,-0.0011138916,0.04840088,
1396206183137488584,3,-0.014572144,0.031021118,-0.18927002,
1396206183137488584,0,-0.026397705,0.038986206,-0.18145752,0.012207031,0.041610718,0.011550903,
1396206183157569150,3,-0.20149231,-0.0821991,-0.15829468,
1396206183157569150,0,-0.21331787,-0.07423401,-0.15048218,0.04852295,0.023452759,-0.007675171,
1396206183177680234,3,-0.37879944,-0.059768677,-0.10168457,
1396206183177680234,0,-0.390625,-0.05180359,-0.09387207,0.00579834,-0.01499939,-0.0012664795,
1396206183197852353,3,-0.30403137,0.040634155,-0.10916138,
1396206183197852353,0,-0.31585693,0.048599243,-0.10134888,-0.06362915,-0.012863159,0.02116394,
1396206183217963437,3,-0.034332275,0.1068573,-0.17164612,
1396206183217963437,0,-0.046157837,0.11482239,-0.16383362,-0.08872986,-0.0021820068,0.023834229,
1396206183238196591,3,0.22201538,0.089767456,-0.2122345,
1396206183238196591,0,0.21018982,0.097732544,-0.204422,-0.0566864,0.023452759,0.0056762695,
1396206183258246640,3,0.27168274,0.009124756,-0.1631012,
1396206183258246640,0,0.25985718,0.017089844,-0.1552887,0.006866455,0.03253174,-0.010345459,
1396206183278601865,3,0.10345459,-0.02986145,-0.13212585,
1396206183278601865,0,0.09162903,-0.021896362,-0.124313354,0.050125122,0.0084991455,0.011016846,
1396206183298529843,3,-0.12565613,-0.014373779,-0.198349,
1396206183298529843,0,-0.13748169,-0.0064086914,-0.1905365,0.02822876,0.0026245117,0.031311035,
1396206183318640927,3,-0.18173218,-0.02078247,-0.25816345,
1396206183318640927,0,-0.19355774,-0.012817383,-0.25035095,-0.02357483,0.01651001,0.014221191,
1396206183338904599,3,-0.0642395,-0.028259277,-0.22718811,
1396206183338904599,0,-0.07606506,-0.02029419,-0.21937561,-0.05455017,0.003692627,-0.012481689,
1396206183359015683,3,0.09384155,-0.021316528,-0.15455627,
1396206183359015683,0,0.08201599,-0.01335144,-0.14674377,-0.042800903,0.013839722,-0.0071411133,
1396206183379157285,3,0.13977051,-0.069381714,-0.11236572,
1396206183379157285,0,0.12794495,-0.061416626,-0.10455322,-0.0011444092,0.020248413,-0.0023345947,
1396206183399268369,3,0.035095215,-0.046417236,-0.07017517,
1396206183399268369,0,0.023269653,-0.03845215,-0.06236267,0.025558472,-0.011260986,-7.324219E-4,
1396206183419379453,3,-0.056228638,0.04650879,-0.044540405,
1396206183419379453,0,-0.0680542,0.054473877,-0.036727905,-0.010223389,-0.015533447,-7.324219E-4,
1396206183439612607,3,0.021209717,0.12020874,-0.017303467,
1396206183439612607,0,0.009384155,0.12817383,-0.009490967,-0.04814148,-0.0027160645,0.006210327,
1396206183459754209,3,0.16647339,0.14370728,-0.011962891,
1396206183459754209,0,0.15464783,0.15167236,-0.0041503906,-0.044937134,0.0015563965,0.0040740967,
1396206183479834775,3,0.27168274,0.16453552,-0.010894775,
1396206183479834775,0,0.25985718,0.17250061,-0.0030822754,-0.030517578,0.0074310303,0.010482788,
1396206183499976377,3,0.2796936,0.14263916,-0.005554199,
1396206183499976377,0,0.26786804,0.15060425,0.0022583008,0.0031280518,0.01651001,0.0019378662,
1396206183520087461,3,0.19317627,0.11593628,-0.028518677,
1396206183520087461,0,0.18135071,0.12390137,-0.020706177,-0.0118255615,0.007965088,0.0078125,
1396206183540320615,3,0.1360321,0.10258484,-0.09954834,
1396206183540320615,0,0.12420654,0.11054993,-0.09173584,0.021820068,0.006362915,0.04359436,
1396206183560523252,3,0.02494812,0.16453552,-0.16577148,
1396206183560523252,0,0.013122559,0.17250061,-0.15795898,0.011138916,-0.0096588135,0.013687134,
1396206183580573300,3,-0.03967285,0.23182678,-0.17111206,
1396206183580573300,0,-0.051498413,0.23979187,-0.16329956,0.004196167,-4.5776367E-5,0.005142212,
1396206183600684384,3,-0.124053955,0.21473694,-0.098480225,
1396206183600684384,0,-0.13587952,0.22270203,-0.090667725,0.0074005127,0.023452759,-0.026901245,
1396206183620795468,3,-0.095214844,0.09991455,0.085235596,
1396206183620795468,0,-0.107040405,0.10787964,0.093048096,-0.04386902,0.048553467,-0.04399109,
1396206183641028623,3,0.030822754,-0.06724548,0.27375793,
1396206183641028623,0,0.018997192,-0.059280396,0.28157043,-0.035324097,0.04588318,-0.031707764,
1396206183661048154,3,0.08850098,-0.1591034,0.38591003,
1396206183661048154,0,0.076675415,-0.1511383,0.39372253,-0.022506714,0.017044067,-0.006072998,
1396206183681464414,3,0.19050598,-0.14735413,0.348526,
1396206183681464414,0,0.17868042,-0.13938904,0.3563385,-0.05508423,-0.016067505,0.041992188,
1396206183701392392,3,0.38223267,0.01499939,0.15412903,
1396206183701392392,0,0.3704071,0.022964478,0.16194153,-0.05455017,-0.04170227,0.06442261,
1396206183721503476,3,0.4447174,0.09510803,-0.031188965,
1396206183721503476,0,0.43289185,0.10307312,-0.023376465,0.0036621094,0.020248413,0.0393219,
1396206183741736631,3,0.2519226,-0.035736084,-0.1000824,
1396206183741736631,0,0.24009705,-0.027770996,-0.0922699,0.06828308,0.05923462,0.015289307,
1396206183761756162,3,-0.15235901,-0.19168091,-0.12358093,
1396206183761756162,0,-0.16418457,-0.18371582,-0.11576843,0.10513306,0.02078247,0.011016846,
1396206183782202939,3,-0.59402466,-0.17245483,-0.14494324,
1396206183782202939,0,-0.6058502,-0.16448975,-0.13713074,0.083236694,-0.009124756,0.017425537,
1396206183802100400,3,-0.82847595,-0.1350708,-0.1743164,
1396206183802100400,0,-0.8403015,-0.12710571,-0.1665039,0.006866455,0.0015563965,0.008346558,
1396206183822211484,3,-0.745697,-0.10623169,-0.12838745,
1396206183822211484,0,-0.7575226,-0.0982666,-0.12057495,-0.0705719,-5.79834E-4,-0.016220093,
1396206183842444638,3,-0.4156494,-0.061904907,-0.008224487,
1396206183842444638,0,-0.42747498,-0.05393982,-4.119873E-4,-0.11116028,-0.0011138916,-0.027435303,
1396206183862525205,3,-0.052490234,-0.014373779,0.118881226,
1396206183862525205,0,-0.064315796,-0.0064086914,0.12669373,-0.0844574,-0.004852295,-0.021026611,
1396206183882636289,3,0.11680603,-0.0084991455,0.19845581,
1396206183882636289,0,0.10498047,-5.340576E-4,0.20626831,-0.027313232,0.023452759,-0.004470825,
1396206183902808408,3,0.09490967,-0.20983887,0.24491882,
1396206183902808408,0,0.08308411,-0.20187378,0.25273132,0.012741089,0.07418823,-0.0028686523,
1396206183922950009,3,-0.017242432,-0.38127136,0.24171448,
1396206183922950009,0,-0.029067993,-0.37330627,0.24952698,0.01701355,0.020248413,0.020629883,
1396206183943152646,3,-0.09094238,-0.2952881,0.18457031,
1396206184023658017,3,-0.010299683,-0.16925049,0.013137817,
1396206184023658017,0,-0.022125244,-0.1612854,0.020950317,-0.033721924,0.0026245117,-0.01675415,
1396206184043860654,3,0.10986328,-0.127594,0.051589966,
1396206184043860654,0,0.09803772,-0.119628906,0.059402466,-0.04386902,-0.0037841797,0.011016846,
1396206184063941220,3,0.20225525,-0.10409546,0.02381897,
1396206184063941220,0,0.19042969,-0.09613037,0.03163147,-0.024108887,0.012237549,0.017425537,
1396206184084113340,3,0.19317627,-0.14147949,0.028625488,
1396206184084113340,0,0.18135071,-0.1335144,0.03643799,0.004196167,0.02078247,-0.0055389404,
1396206184104462542,3,0.0692749,-0.17459106,0.087905884,
1396206184104462542,0,0.05744934,-0.16662598,0.095718384,0.03303528,0.010101318,-0.0071411133,
1396206184124573626,3,-0.06690979,-0.08380127,0.096450806,
1396206184124573626,0,-0.07873535,-0.07583618,0.104263306,0.0036621094,-0.03262329,0.023834229,
1396206184144745745,3,-0.018310547,0.03529358,-0.007156372,
1396206184144745745,0,-0.030136108,0.043258667,6.5612793E-4,-0.04814148,-0.007522583,0.03237915,
1396206184164887347,3,0.16700745,0.060394287,-0.03492737,
1396206184164887347,0,0.15518188,0.068359375,-0.027114868,-0.06576538,0.0154418945,-7.324219E-4,
1396206184185028948,3,0.37208557,-0.014373779,0.038238525,
1396206184185028948,0,0.36026,-0.0064086914,0.046051025,-0.05722046,0.040008545,-0.016220093,
1396206184205170550,3,0.45806885,-0.15429688,0.08256531,
1396206184205170550,0,0.4462433,-0.14633179,0.09037781,9.918213E-4,0.037872314,0.011016846,
1396206184225281634,3,0.28396606,-0.1425476,0.042510986,
1396206184225281634,0,0.2721405,-0.13458252,0.050323486,0.0554657,-0.02835083,0.024368286,
1396206184245453753,3,-0.051956177,-0.011169434,-0.050949097,
1396206184245453753,0,-0.06378174,-0.0032043457,-0.043136597,0.08590698,-0.011260986,0.033447266,
1396206184265595355,3,-0.33073425,0.023544312,-0.104888916,
1396206184265595355,0,-0.3425598,0.0315094,-0.097076416,0.00793457,-0.003250122,0.010482788,
1396206184285736956,3,-0.1828003,0.053985596,-0.120910645,
1396206184285736956,0,-0.19462585,0.061950684,-0.113098145,-0.08659363,0.014373779,0.014755249,
1396206184305817523,3,0.07194519,0.026748657,-0.12998962,
1396206184305817523,0,0.06011963,0.034713745,-0.122177124,-0.056152344,0.0052948,0.008880615,
1396206184325989642,3,0.1675415,0.07481384,-0.17111206,
1396206184325989642,0,0.15571594,0.08277893,-0.16329956,-0.018234253,-0.01927185,0.024368286,
1396206184346161761,3,0.17234802,0.23342896,-0.22184753,
1396206184346161761,0,0.16052246,0.24139404,-0.21403503,-0.013427734,-0.036895752,0.016357422,
1396206184366303362,3,0.21133423,0.38723755,-0.2613678,
1396206184366303362,0,0.19950867,0.39520264,-0.2535553,-0.03425598,-0.016601563,0.016357422,
1396206184386444964,3,0.3224182,0.39364624,-0.24534607,
1396206184386444964,0,0.31059265,0.40161133,-0.23753357,-0.037460327,0.035736084,-0.006072998,
1396206184406586566,3,0.31333923,0.2403717,-0.15509033,
1396206184406586566,0,0.30151367,0.24833679,-0.14727783,0.020751953,0.041610718,-0.019424438,
1396206184426728167,3,0.095443726,0.18162537,-0.060028076,
1396206184426728167,0,0.083618164,0.18959045,-0.052215576,0.062408447,0.0074310303,-0.013015747,
1396206184446869769,3,-0.27305603,0.12715149,0.042510986,
1396206184446869769,0,-0.2848816,0.13511658,0.050323486,0.09338379,0.037338257,-0.02583313,
1396206184467011370,3,-0.58761597,0.012863159,0.2086029,
1396206184467011370,0,-0.5994415,0.020828247,0.2164154,0.025558472,0.03199768,-0.03491211,
1396206184487152972,3,-0.5646515,-0.09074402,0.30473328,
1396206184487152972,0,-0.57647705,-0.08277893,0.31254578,-0.052947998,0.03413391,0.0014038086,
1396206184507294573,3,-0.30456543,-0.15856934,0.25827026,
1396206184507294573,0,-0.316391,-0.15060425,0.26608276,-0.09941101,0.009033203,0.0393219,
1396206184527436175,3,0.051651,-0.07044983,0.08576965,
1396206184527436175,0,0.03982544,-0.06248474,0.09358215,-0.089263916,-0.032089233,0.0569458,
1396206184547577776,3,0.22201538,0.112197876,-0.06430054,
1396206184547577776,0,0.21018982,0.120162964,-0.056488037,-0.020370483,-0.0438385,0.030776978,
1396206184567719378,3,0.20759583,0.24250793,-0.11663818,
1396206184567719378,0,0.19577026,0.25047302,-0.10882568,-0.0048828125,0.0010223389,0.015823364,
1396206184587860980,3,0.20812988,0.19177246,-0.12731934,
1396206184587860980,0,0.19630432,0.19973755,-0.119506836,-0.018234253,0.03466797,0.0040740967,
1396206184607972064,3,0.25726318,0.07054138,-0.089401245,
1396206184607972064,0,0.24543762,0.07850647,-0.081588745,-0.02998352,0.03627014,-0.005004883,
1396206184628113665,3,0.31600952,0.014465332,-0.040267944,
1396206184628113665,0,0.30418396,0.02243042,-0.032455444,-0.016098022,0.003692627,-0.0071411133,
1396206184648194232,3,0.2508545,0.07801819,-0.005554199,
1396206184648194232,0,0.23902893,0.08598328,0.0022583008,0.024490356,-0.018203735,0.0072784424,
1396206184668396868,3,0.084228516,0.1736145,-0.0135650635,
1396206184668396868,0,0.072402954,0.18157959,-0.0057525635,0.026626587,-0.010192871,0.013153076,
1396206184688721575,3,-0.010299683,0.22808838,-0.0066223145,
1396206184688721575,0,-0.022125244,0.23605347,0.0011901855,-0.0048828125,-5.79834E-4,-0.004470825,
1396206184708680071,3,0.055923462,0.20993042,0.087371826,
1396206184708680071,0,0.0440979,0.21789551,0.095184326,-0.052947998,0.027191162,-0.02583313,
1396206184728821673,3,0.32669067,0.07962036,0.19151306,
1396206184728821673,0,0.3148651,0.08758545,0.19932556,-0.0118255615,0.007965088,0.0078125,
1396206184748932757,3,0.39611816,0.050247192,0.14985657,
1396206184748932757,0,0.3842926,0.05821228,0.15766907,-0.015029907,0.0010223389,0.025970459,
1396206184769104876,3,0.2871704,0.12661743,0.056930542,
1396206184769104876,0,0.27534485,0.13458252,0.06474304,0.040512085,-0.012329102,0.033447266,
1396206184789246478,3,0.059127808,0.22595215,-0.0135650635,
1396206184789246478,0,0.047302246,0.23391724,-0.0057525635,0.04425049,-0.018737793,0.019561768,
1396206184809357562,3,-0.099487305,0.3071289,-0.055221558,
1396206184809357562,0,-0.111312866,0.315094,-0.047409058,0.0063323975,-0.014465332,0.014221191,
1396206184829529681,3,-0.12084961,0.34985352,-0.026382446,
1396206184829529681,0,-0.13267517,0.3578186,-0.018569946,-0.015029907,0.013305664,-0.01461792,
1396206184849701800,3,0.019607544,0.18963623,0.18670654,
1396206184849701800,0,0.0077819824,0.19760132,0.19451904,-0.05508423,0.051757813,-0.02796936,
1396206184869812884,3,0.046310425,-0.011703491,0.30473328,
1396206184869812884,0,0.034484863,-0.0037384033,0.31254578,0.02609253,0.05870056,-0.01889038,
1396206184889954485,3,-0.22071838,-0.1980896,0.40567017,
1396206184889954485,0,-0.23254395,-0.19012451,0.41348267,0.06881714,0.042144775,-0.014083862,
1396206184910108888,3,-0.4108429,-0.17939758,0.42222595,
1396206184910108888,0,-0.42266846,-0.1714325,0.43003845,-0.009155273,-0.040634155,0.025970459,
1396206184930219972,3,-0.24581909,0.10899353,0.26895142,
1396206184930219972,0,-0.25764465,0.11695862,0.27676392,-0.08766174,-0.06840515,0.060684204,
1396206184950392091,3,0.062332153,0.24090576,0.031829834,
1396206184950392091,0,0.05050659,0.24887085,0.039642334,-0.07644653,0.027191162,0.06816101,
1396206184970503175,3,0.16593933,0.04650879,-0.14654541,
1396206184970503175,0,0.15411377,0.054473877,-0.13873291,0.0015258789,0.064575195,0.036117554,
1396206184990980470,3,-0.07064819,-0.09288025,-0.23146057,
1396206184990980470,0,-0.082473755,-0.08491516,-0.22364807,0.0907135,0.021316528,0.021697998,
1396206185010847413,3,-0.495224,-0.06137085,-0.27685547,
1396206185010847413,0,-0.50704956,-0.05340576,-0.26904297,0.080566406,-0.021942139,0.015823364,
1396206185030989015,3,-0.6410217,0.06199646,-0.27311707,
1396206185030989015,0,-0.6528473,0.06996155,-0.26530457,-0.036392212,-0.01713562,-0.006072998,
1396206185051130617,3,-0.36010742,0.076416016,-0.170578,
1396206185051130617,0,-0.37193298,0.0843811,-0.1627655,-0.11756897,0.028259277,-0.031707764,
1396206185071211183,3,0.08262634,-0.075790405,0.008331299,
1396206185071211183,0,0.07080078,-0.06782532,0.016143799,-0.11703491,0.0544281,-0.03437805,
1396206185091596925,3,0.36247253,-0.16818237,0.10499573,
1396206185091596925,0,0.35064697,-0.16021729,0.11280823,-0.0390625,0.004760742,0.0056762695,
1396206185111524904,3,0.27648926,-0.102493286,0.053726196,
1396206185111524904,0,0.2646637,-0.0945282,0.061538696,0.054397583,-0.020339966,0.031311035,
1396206185131666505,3,-0.06317139,0.007522583,-0.033325195,
1396206185131666505,0,-0.07499695,0.015487671,-0.025512695,0.08216858,-0.010726929,0.02330017,
1396206185151869142,3,-0.33981323,0.03475952,-0.026382446,
1396206185151869142,0,-0.3516388,0.04272461,-0.018569946,0.024490356,0.02078247,-0.0082092285,
1396206185171949708,3,-0.34835815,-0.05229187,0.053726196,
1396206185171949708,0,-0.36018372,-0.044326782,0.061538696,-0.038528442,0.042678833,-0.011413574,
1396206185192091310,3,-0.17959595,-0.23387146,0.08843994,
1396206185192091310,0,-0.19142151,-0.22590637,0.09625244,-0.06523132,0.0544281,0.008346558,
1396206185212232911,3,0.012130737,-0.29048157,0.069747925,
1396206185212232911,0,3.0517578E-4,-0.28251648,0.077560425,-0.048675537,-0.016067505,0.015289307,
1396206185232374513,3,0.1322937,-0.09928894,0.01687622,
1396206185232374513,0,0.12046814,-0.09132385,0.02468872,-0.039596558,-0.049179077,0.025436401,
1396206185252577150,3,0.25299072,0.023010254,-0.039733887,
1396206185252577150,0,0.24116516,0.030975342,-0.031921387,-0.041732788,0.004760742,0.014755249,
1396206185272627199,3,0.33790588,-0.044815063,-0.03439331,
1396206185272627199,0,0.32608032,-0.036849976,-0.02658081,-0.024108887,0.03627014,8.69751E-4,
1396206185312940919,3,0.30158997,-0.19488525,-0.051483154,
1396206185312940919,0,0.2897644,-0.18692017,-0.043670654,0.033569336,0.010101318,0.017959595,
1396206185333082521,3,0.059661865,-0.11691284,-0.080322266,
1396206185333082521,0,0.047836304,-0.108947754,-0.072509766,0.051193237,-0.02835083,0.010482788,
1396206185353407228,3,-0.07865906,-0.004760742,-0.09580994,
1396206185353407228,0,-0.09048462,0.0032043457,-0.08799744,-0.010223389,-0.010192871,0.011016846,
1396206185373365724,3,0.018005371,0.019805908,-0.06590271,
1396206185373365724,0,0.0061798096,0.027770996,-0.05809021,-0.0566864,0.0068969727,-0.011413574,
1396206185393507326,3,0.24497986,-0.055496216,0.03930664,
1396206185393507326,0,0.2331543,-0.047531128,0.04711914,-0.0743103,0.05015564,-0.021560669,
1396206185413648927,3,0.39985657,-0.2685852,0.15039063,
1396206185413648927,0,0.388031,-0.26062012,0.15820313,-0.01876831,0.064575195,-0.015151978,
1396206185433790529,3,0.31173706,-0.39302063,0.21180725,
1396206185433790529,0,0.2999115,-0.38505554,0.21961975,0.029830933,0.009567261,3.3569336E-4,
1396206185453993165,3,0.1322937,-0.28727722,0.1733551,
1396206185453993165,0,0.12046814,-0.27931213,0.1811676,0.038375854,-0.042770386,0.03665161,
1396206185474073732,3,-0.09307861,-0.091278076,0.046783447,
1396206185474073732,0,-0.104904175,-0.08331299,0.054595947,0.042648315,-0.02835083,0.03504944,
1396206185494215333,3,-0.1977539,-0.040008545,-0.008224487,
1396206185494215333,0,-0.20957947,-0.032043457,-4.119873E-4,-0.015029907,0.01651001,0.0078125,
1396206185514479005,3,-0.10429382,-0.06991577,0.018478394,
1396206185514479005,0,-0.116119385,-0.061950684,0.026290894,-0.047607422,0.017578125,-7.324219E-4,
1396206185534498536,3,-0.004425049,-0.11103821,0.030227661,
1396206185534498536,0,-0.01625061,-0.10307312,0.03804016,-0.020370483,0.014907837,0.012084961,
1396206185554701173,3,-0.07385254,-0.068847656,-0.057357788,
1396206185554701173,0,-0.0856781,-0.06088257,-0.049545288,0.030899048,-0.02407837,0.043060303,
1396206185574781740,3,-0.27999878,0.032089233,-0.17912292,
1396206185574781740,0,-0.29182434,0.04005432,-0.17131042,0.044784546,-0.0011138916,0.02810669,
1396206185594923341,3,-0.46691895,-0.019714355,-0.1743164,
1396206185594923341,0,-0.4787445,-0.011749268,-0.1665039,0.014877319,0.033599854,-0.014083862,
1396206185614973390,3,-0.46585083,-0.12866211,-0.071243286,
1396206185614973390,0,-0.4776764,-0.12069702,-0.063430786,-0.03425598,0.025054932,-0.01889038,
1396206185635206544,3,-0.31578064,-0.13613892,0.01687622,
1396206185635206544,0,-0.3276062,-0.12817383,0.02468872,-0.064697266,-0.004852295,-0.0066070557,
1396206185655378663,3,-0.061035156,-0.05709839,0.020614624,
1396206185655378663,0,-0.07286072,-0.0491333,0.028427124,-0.08232117,-0.014465332,0.019561768,
1396206185675489747,3,0.15419006,-0.010101318,-0.056289673,
1396206185675489747,0,0.1423645,-0.0021362305,-0.048477173,-0.040130615,0.009033203,0.033447266,
1396206185695631349,3,0.12107849,-0.02558899,-0.17004395,
1396206185695631349,0,0.10925293,-0.017623901,-0.16223145,0.03036499,0.011703491,0.03504944,
1396206185715681398,3,-0.09841919,-0.044815063,-0.24641418,
1396206185715681398,0,-0.11024475,-0.036849976,-0.23860168,0.04798889,0.013839722,0.018493652,
1396206185735914552,3,-0.2709198,-0.053894043,-0.25335693,
1396206185735914552,0,-0.28274536,-0.045928955,-0.24554443,0.012207031,-0.0016479492,0.0030059814,
1396206185756117189,3,-0.2671814,0.056655884,-0.23680115,
1396206185756117189,0,-0.27900696,0.06462097,-0.22898865,-0.039596558,-0.029953003,0.0014038086,
1396206185776136720,3,-0.08453369,0.2013855,-0.1844635,
1396206185776136720,0,-0.09635925,0.20935059,-0.176651,-0.06629944,-0.023010254,-0.011413574,
1396206185796583497,3,0.082092285,0.23503113,-0.1038208,
1396206185796583497,0,0.07026672,0.24299622,-0.0960083,-0.038528442,0.02986145,-0.011947632,
1396206185816511476,3,0.12321472,0.12394714,-0.02104187,
1396206185816511476,0,0.11138916,0.13191223,-0.01322937,-0.007019043,0.033065796,-0.013549805,
1396206185836653077,3,0.062332153,0.1105957,0.05052185,
1396206185836653077,0,0.05050659,0.11856079,0.05833435,0.010070801,-0.0069885254,-0.0039367676,
1396206185856855714,3,0.016937256,0.22061157,0.08630371,
1396206185856855714,0,0.0051116943,0.22857666,0.09411621,-0.0118255615,-0.03048706,0.0030059814,
1396206185876875245,3,0.032424927,0.3033905,0.0927124,
1396206185876875245,0,0.020599365,0.3113556,0.1005249,-0.017700195,0.0031585693,0.0040740967,
1396206185897322023,3,0.05859375,0.24571228,0.13650513,
1396206185897322023,0,0.04676819,0.25367737,0.14431763,-0.020370483,0.038406372,-0.007675171,
1396206185917219484,3,0.106658936,0.14370728,0.1621399,
1396206185917219484,0,0.094833374,0.15167236,0.1699524,-0.022506714,0.031463623,0.013687134,
1396206185937361085,3,0.106658936,0.10952759,0.09751892,
1396206185937361085,0,0.094833374,0.117492676,0.10533142,-0.0022125244,-0.0016479492,0.031311035,
1396206185957441652,3,0.08796692,0.26707458,-0.013031006,
1396206185957441652,0,0.07614136,0.27503967,-0.005218506,-0.020904541,-0.06413269,0.03504944,
1396206185977583253,3,0.1776886,0.46414185,-0.11717224,
1396206185977583253,0,0.16586304,0.47210693,-0.10935974,-0.03692627,0.0058288574,0.02810669,
1396206185997755372,3,0.2230835,0.29751587,-0.09100342,
1396206185997755372,0,0.21125793,0.30548096,-0.08319092,-0.012893677,0.068847656,-0.029037476,
1396206186017866456,3,0.20385742,0.07962036,0.09378052,
1396206186017866456,0,0.19203186,0.08758545,0.10159302,9.918213E-4,0.056030273,-0.037582397,
1396206186038038576,3,0.08155823,-0.09768677,0.23957825,
1396206186038038576,0,0.069732666,-0.08972168,0.24739075,0.035705566,0.050689697,-0.021026611,
1396206186058241212,3,-0.090408325,-0.18153381,0.2967224,
1396206186058241212,0,-0.10223389,-0.17356873,0.3045349,0.016479492,0.0031585693,0.008346558,
1396206186078291261,3,-0.12565613,-0.055496216,0.22462463,
1396206186078291261,0,-0.13748169,-0.047531128,0.23243713,-0.015563965,-0.04170227,0.039855957,
1396206186098707521,3,-0.12031555,0.100982666,0.09751892,
1396206186098707521,0,-0.13214111,0.108947754,0.10533142,-0.010223389,-0.011260986,0.035583496,
1396206186118604982,3,-0.121917725,0.06840515,0.0115356445,
1396206186118604982,0,-0.13374329,0.07637024,0.019348145,-0.010757446,0.037338257,0.022232056,
1396206186138746583,3,-0.17051697,-0.06350708,-0.038131714,
1396206186138746583,0,-0.18234253,-0.055541992,-0.030319214,0.023956299,0.04748535,0.02810669,
1396206186158949220,3,-0.16410828,0.027816772,-0.04988098,
1396206186158949220,0,-0.17593384,0.03578186,-0.04206848,-0.049743652,-0.057724,3.3569336E-4,
1396206186178999269,3,0.11306763,0.28096008,-0.027450562,
1396206186178999269,0,0.101242065,0.28892517,-0.019638062,-0.10368347,-0.03529358,0.0067443848,
1396206186199415529,3,0.36727905,0.25372314,-0.01890564,
1396206186199415529,0,0.3554535,0.26168823,-0.01109314,-0.036392212,0.060302734,-0.0018005371,
1396206186219343507,3,0.22789001,-0.05229187,0.029159546,
1396206186219343507,0,0.21606445,-0.044326782,0.036972046,0.08270264,0.09074402,-0.0039367676,
1396206186239424074,3,-0.28053284,-0.27072144,0.062805176,
1396206186239424074,0,-0.2923584,-0.26275635,0.070617676,0.13504028,0.025054932,0.0040740967,
1396206186259657228,3,-0.73928833,-0.22799683,0.064941406,
1396206186259657228,0,-0.7511139,-0.22003174,0.072753906,0.054397583,-0.021942139,0.011550903,
1396206186279737794,3,-0.73127747,-0.13079834,0.05052185,
1396206186279737794,0,-0.743103,-0.12283325,0.05833435,-0.07858276,-0.011260986,0.011016846,
1396206186300093019,3,-0.318985,-0.075790405,0.031295776,
1396206186300093019,0,-0.33081055,-0.06782532,0.039108276,-0.13412476,0.0031585693,0.014221191,
1396206186320020997,3,0.07675171,-0.05496216,-0.009292603,
1396206186320020997,0,0.06492615,-0.04699707,-0.0014801025,-0.07911682,0.003692627,0.024902344,
1396206186340162599,3,0.18836975,0.0069885254,-0.10542297,
1396206186340162599,0,0.17654419,0.014953613,-0.09761047,-0.0016784668,-0.008056641,0.035583496,
1396206186360334718,3,0.033493042,0.035827637,-0.1566925,
1396206186360334718,0,0.02166748,0.043792725,-0.14888,0.049591064,0.012237549,3.3569336E-4,
1396206186380445802,3,-0.21324158,-0.0031585693,-0.076049805,
1396206186380445802,0,-0.22506714,0.0048065186,-0.068237305,0.038909912,0.012771606,-0.019424438,
1396206186400801027,3,-0.28320313,-0.0052948,-0.035461426,
1396206186400801027,0,-0.2950287,0.002670288,-0.027648926,-0.026779175,0.011703491,0.015823364,
1396206186420759523,3,-0.1486206,-0.0042266846,-0.10328674,
1396206186420759523,0,-0.16044617,0.0037384033,-0.09547424,-0.05455017,0.002090454,0.031311035,
1396206186440840089,3,-0.048217773,0.026748657,-0.19247437,
1396206186440840089,0,-0.060043335,0.034713745,-0.18466187,-0.015029907,-0.0021820068,0.02116394,
1396206186460981691,3,-0.07331848,0.034225464,-0.17912292,
1396206186460981691,0,-0.08514404,0.04219055,-0.17131042,-0.0059509277,0.019180298,-0.0082092285,
1396206186481123292,3,-0.070114136,-0.020248413,-0.06376648,
1396206186481123292,0,-0.0819397,-0.012283325,-0.05595398,-0.031585693,0.0042266846,-0.03704834,
1396206186501447999,3,0.016403198,-0.0821991,0.05319214,
1396206186501447999,0,0.0045776367,-0.07423401,0.06100464,0.011138916,0.053359985,-0.03010559,
1396206186521644562,3,-0.12832642,-0.15696716,0.19364929,
1396206186521644562,0,-0.14015198,-0.14900208,0.20146179,0.01701355,0.019180298,0.0024719238,
1396206186541786164,3,-0.16998291,-0.25256348,0.16694641,
1396206186541786164,0,-0.18180847,-0.24459839,0.17475891,-0.015029907,0.03466797,0.015289307,
1396206186561988800,3,-0.07972717,-0.25790405,0.1381073,
1396206186561988800,0,-0.091552734,-0.24993896,0.1459198,-0.060424805,-0.03475952,0.016357422,
1396206186622352570,3,0.53604126,-0.08860779,-0.15188599,
1396206186622352570,0,0.5242157,-0.0806427,-0.14407349,0.022354126,0.077926636,0.014755249,
