1394397932142,$GPGSA,A,1,,,,,,,,,,,,,,,*1E
1394397932142,$GPVTG,,T,,M,,N,,K,N*2C
1394397932142,$GPRMC,,V,,,,,,,,,,N*53
1394397932142,$GPGGA,,,,,,0,,,,,,,,*66
1394397932201,$GPGSV,5,1,19,14,27,115,,16,21,198,,20,36,286,,23,16,303,*79
1394397932201,$GPGSV,5,2,19,25,20,043,,29,16,077,,31,69,025,,32,52,232,*77
1394397932201,$GPGSV,5,3,19,78,59,015,,70,00,000,,86,02,001,,77,13,049,*75
1394397932201,$GPGSV,5,4,19,80,00,000,,79,48,262,,69,49,312,,88,06,098,*79
1394397932201,$GPGSV,5,5,19,87,12,050,,67,12,164,,68,61,195,*4D
1394397932201,$GPGSA,A,1,,,,,,,,,,,,,,,*1E
1394397932201,$GPVTG,,T,,M,,N,,K,N*2C
1394397932203,$GPRMC,,V,,,,,,,,,,N*53
1394397932203,$GPGGA,,,,,,0,,,,,,,,*66
1394397933142,$GPGSA,A,1,,,,,,,,,,,,,,,*1E
1394397933142,$GPVTG,,T,,M,,N,,K,N*2C
1394397933142,$GPRMC,,V,,,,,,,,,,N*53
1394397933143,$GPGGA,,,,,,0,,,,,,,,*66
1394397933201,$GPGSV,5,1,19,14,27,115,,16,21,198,,20,36,286,,23,16,303,*79
1394397933201,$GPGSV,5,2,19,25,20,043,,29,16,077,,31,69,025,,32,52,232,*77
1394397933201,$GPGSV,5,3,19,78,59,015,,70,00,000,,86,02,001,,77,13,049,*75
1394397933201,$GPGSV,5,4,19,80,00,000,,79,48,262,,69,49,312,,88,06,098,*79
1394397933202,$GPGSV,5,5,19,87,12,050,,67,11,164,,68,60,195,*4F
1394397933202,$GPGSA,A,1,,,,,,,,,,,,,,,*1E
1394397933202,$GPVTG,,T,,M,,N,,K,N*2C
1394397933202,$GPRMC,,V,,,,,,,,,,N*53
1394397933209,$GPGGA,,,,,,0,,,,,,,,*66
1394397934142,$GPGSA,A,1,,,,,,,,,,,,,,,*1E
1394397934143,$GPVTG,,T,,M,,N,,K,N*2C
1394397934144,$GPRMC,,V,,,,,,,,,,N*53
1394397934144,$GPGGA,,,,,,0,,,,,,,,*66
1394397934201,$GPGSV,5,1,19,14,27,115,,16,21,198,,20,36,286,,23,16,303,*79
1394397934201,$GPGSV,5,2,19,25,20,043,,29,16,077,,31,69,025,,32,52,232,*77
1394397934202,$GPGSV,5,3,19,78,59,015,,70,00,000,,86,02,001,,77,13,049,*75
1394397934202,$GPGSV,5,4,19,80,00,000,,79,48,262,,69,49,312,,88,06,098,*79
1394397934203,$GPGSV,5,5,19,87,12,050,,67,11,164,,68,60,195,*4F
1394397934203,$GPGSA,A,1,,,,,,,,,,,,,,,*1E
1394397934204,$GPVTG,,T,,M,,N,,K,N*2C
1394397934204,$GPRMC,,V,,,,,,,,,,N*53
1394397934205,$GPGGA,,,,,,0,,,,,,,,*66
1394397935142,$GPGSA,A,1,,,,,,,,,,,,,,,*1E
1394397935143,$GPVTG,,T,,M,,N,,K,N*2C
1394397935143,$GPRMC,,V,,,,,,,,,,N*53
1394397935143,$GPGGA,,,,,,0,,,,,,,,*66
1394397935202,$GPGSV,5,1,19,14,27,115,,16,21,198,,20,36,286,,23,16,303,*79
1394397935202,$GPGSV,5,2,19,25,20,043,,29,16,077,,31,69,025,,32,52,232,*77
1394397935203,$GPGSV,5,3,19,78,59,015,,70,00,000,,86,02,001,,77,13,049,*75
1394397935204,$GPGSV,5,4,19,80,00,000,,79,48,262,,69,49,312,,88,06,098,*79
1394397935204,$GPGSV,5,5,19,87,12,050,,67,11,164,,68,60,195,*4F
1394397935204,$GPGSA,A,1,,,,,,,,,,,,,,,*1E
1394397935204,$GPVTG,,T,,M,,N,,K,N*2C
1394397935204,$GPRMC,,V,,,,,,,,,,N*53
1394397935204,$GPGGA,,,,,,0,,,,,,,,*66
1394397936142,$GPGSA,A,1,,,,,,,,,,,,,,,*1E
1394397936142,$GPVTG,,T,,M,,N,,K,N*2C
1394397936142,$GPRMC,,V,,,,,,,,,,N*53
1394397936142,$GPGGA,,,,,,0,,,,,,,,*66
1394397936202,$GPGSV,5,1,19,14,27,115,,16,21,198,,20,36,286,,23,16,303,*79
1394397936202,$GPGSV,5,2,19,25,20,043,,29,16,077,,31,69,025,,32,52,232,*77
1394397936203,$GPGSV,5,3,19,78,59,015,,70,00,000,,86,02,001,,77,13,049,*75
1394397936203,$GPGSV,5,4,19,80,00,000,,79,48,262,,69,49,312,,88,06,098,*79
1394397936204,$GPGSV,5,5,19,87,12,050,,67,11,164,,68,60,195,*4F
1394397936204,$GPGSA,A,1,,,,,,,,,,,,,,,*1E
1394397936204,$GPVTG,,T,,M,,N,,K,N*2C
1394397936204,$GPRMC,,V,,,,,,,,,,N*53
1394397936205,$GPGGA,,,,,,0,,,,,,,,*66
1394397937142,$GPGSA,A,1,,,,,,,,,,,,,,,*1E
1394397937142,$GPVTG,,T,,M,,N,,K,N*2C
1394397937143,$GPRMC,,V,,,,,,,,,,N*53
1394397937143,$GPGGA,,,,,,0,,,,,,,,*66
1394397937202,$GPGSV,5,1,19,14,27,115,,16,21,198,,20,36,286,,23,16,303,*79
1394397937202,$GPGSV,5,2,19,25,20,043,,29,16,077,,31,69,025,,32,52,232,*77
1394397937203,$GPGSV,5,3,19,78,59,015,,70,00,000,,86,02,001,,77,13,049,*75
1394397937203,$GPGSV,5,4,19,80,00,000,,79,48,262,,69,49,312,,88,06,098,*79
1394397937204,$GPGSV,5,5,19,87,12,050,,67,11,164,,68,60,195,*4F
1394397937204,$GPGSA,A,1,,,,,,,,,,,,,,,*1E
1394397937204,$GPVTG,,T,,M,,N,,K,N*2C
1394397937205,$GPRMC,,V,,,,,,,,,,N*53
1394397937205,$GPGGA,,,,,,0,,,,,,,,*66
