1396207155582751812,3,-0.11764526,0.1244812,-0.009292603,
1396207155582751812,0,-0.12947083,0.13244629,-0.0014801025,-0.013961792,0.0058288574,-0.023162842,
1396207155602954449,3,-0.042877197,0.096710205,0.11193848,
1396207155602954449,0,-0.05470276,0.10467529,0.11975098,-0.04600525,0.029327393,-0.011947632,
1396207155623096050,3,0.095443726,0.0027160645,0.15840149,
1396207155623096050,0,0.083618164,0.010681152,0.16621399,-0.0390625,0.026123047,-7.324219E-4,
1396207155643237652,3,0.14137268,-0.031463623,0.15466309,
1396207155643237652,0,0.12954712,-0.023498535,0.16247559,-0.012359619,0.010101318,0.01902771,
1396207155663409771,3,0.12641907,-0.014907837,0.10713196,
1396207155663409771,0,0.114593506,-0.006942749,0.11494446,-0.002746582,-4.5776367E-5,0.019561768,
1396207155683490337,3,0.06980896,0.035827637,0.03289795,
1396207155683490337,0,0.0579834,0.043792725,0.04071045,0.00579834,0.0015563965,0.03504944,
1396207155703662457,3,0.04096985,0.041168213,-0.031723022,
1396207155703662457,0,0.029144287,0.0491333,-0.023910522,-0.019836426,-0.0027160645,0.0056762695,
1396207155723834576,3,0.10345459,0.10899353,-0.017303467,
1396207155723834576,0,0.09162903,0.11695862,-0.009490967,-0.03211975,0.0010223389,0.006210327,
1396207155743976177,3,0.1990509,0.047576904,0.0013885498,
1396207155743976177,0,0.18722534,0.055541992,0.00920105,-0.03479004,0.040008545,0.0014038086,
1396207155764117779,3,0.23323059,-0.058166504,0.020080566,
1396207155764117779,0,0.22140503,-0.050201416,0.027893066,-0.0059509277,0.028259277,0.006210327,
1396207155784198345,3,0.12374878,-0.084869385,0.01260376,
1396207155784198345,0,0.11192322,-0.0769043,0.02041626,0.040512085,-0.0069885254,0.014755249,
1396207155804309429,3,-0.14274597,0.039031982,-0.03012085,
1396207155804309429,0,-0.15457153,0.04699707,-0.02230835,0.05706787,-0.029418945,0.020095825,
1396207155824542584,3,-0.2997589,0.15652466,-0.04560852,
1396207155824542584,0,-0.31158447,0.16448975,-0.03779602,-0.0048828125,-0.008056641,0.0024719238,
1396207155844684185,3,-0.22285461,0.1244812,-0.00982666,
1396207155844684185,0,-0.23468018,0.13244629,-0.0020141602,-0.051879883,0.040008545,-1.9836426E-4,
1396207155864825787,3,-0.04928589,0.0011138916,0.018478394,
1396207155864825787,0,-0.06111145,0.0090789795,0.026290894,-0.053482056,0.03199768,0.0024719238,
1396207155884906353,3,0.04951477,-0.02558899,0.030227661,
1396207155884906353,0,0.03768921,-0.017623901,0.03804016,-0.01876831,-0.0021820068,0.0046081543,
1396207155905108990,3,0.028152466,-0.0031585693,0.047851563,
1396207155905108990,0,0.016326904,0.0048065186,0.055664063,0.0015258789,0.0031585693,0.0019378662,
1396207155925220074,3,-0.03112793,0.07588196,0.05960083,
1396207155925220074,0,-0.04295349,0.083847046,0.06741333,0.0020599365,-0.016067505,0.012619019,
1396207155945361675,3,-0.054626465,0.100982666,0.02381897,
1396207155945361675,0,-0.06645203,0.108947754,0.03163147,-0.015029907,0.02078247,0.018493652,
1396207155965503277,3,-0.041809082,0.031021118,-0.004486084,
1396207155965503277,0,-0.053634644,0.038986206,0.003326416,-0.009689331,0.020248413,0.0072784424,
1396207155985614361,3,-0.079193115,0.032089233,0.026489258,
1396207155985614361,0,-0.09101868,0.04005432,0.034301758,-7.6293945E-5,0.011703491,-0.004470825,
1396207156005786480,3,-0.08720398,-0.025054932,0.08416748,
1396207156005786480,0,-0.09902954,-0.017089844,0.09197998,-0.01663208,0.027191162,-0.0066070557,
1396207156025928082,3,-0.0743866,-0.087005615,0.11994934,
1396207156025928082,0,-0.08621216,-0.07904053,0.12776184,-0.013427734,0.021850586,0.0046081543,
1396207156046069683,3,-0.04447937,-0.099823,0.13490295,
1396207156046069683,0,-0.05630493,-0.09185791,0.14271545,-0.026245117,0.0026245117,0.0067443848,
1396207156066211285,3,0.025482178,-0.04748535,0.1279602,
1396207156066211285,0,0.013656616,-0.039520264,0.1357727,-0.031051636,-0.009124756,0.009414673,
1396207156086322369,3,0.08476257,0.0016479492,0.12902832,
1396207156086322369,0,0.07293701,0.009613037,0.13684082,-0.020904541,0.0068969727,0.009414673,
1396207156106494488,3,0.10932922,-0.06297302,0.11407471,
1396207156106494488,0,0.09750366,-0.055007935,0.12188721,-0.01663208,0.026657104,0.015823364,
1396207156126666607,3,0.14671326,-0.11691284,0.054260254,
1396207156126666607,0,0.1348877,-0.108947754,0.062072754,-0.028381348,0.019714355,0.029708862,
1396207156146777691,3,0.20759583,-0.12919617,-0.017303467,
1396207156146777691,0,0.19577026,-0.12123108,-0.009490967,-0.021972656,0.0052948,0.022232056,
1396207156166949810,3,0.21453857,-0.12652588,-0.08192444,
1396207156166949810,0,0.20271301,-0.11856079,-0.07411194,-0.0032806396,0.009033203,0.023834229,
1396207156187091412,3,0.14564514,-0.07472229,-0.09100342,
1396207156187091412,0,0.13381958,-0.0667572,-0.08319092,0.011138916,-0.021408081,-0.0023345947,
1396207156207202496,3,0.07835388,0.025680542,-0.045074463,
1396207156207202496,0,0.06652832,0.03364563,-0.037261963,-0.007019043,-0.006454468,-0.0023345947,
1396207156227374615,3,0.1184082,0.081222534,-0.01676941,
1396207156227374615,0,0.10658264,0.08918762,-0.008956909,-0.033187866,-0.007522583,0.0067443848,
1396207156247516216,3,0.18997192,0.1207428,-0.038131714,
1396207156247516216,0,0.17814636,0.12870789,-0.030319214,-0.02357483,0.0074310303,0.016357422,
1396207156267657818,3,0.2193451,0.11540222,-0.052017212,
1396207156267657818,0,0.20751953,0.12336731,-0.044204712,-0.01876831,0.0074310303,0.003540039,
1396207156287768902,3,0.26153564,0.110061646,-0.00982666,
1396207156287768902,0,0.24971008,0.11802673,-0.0020141602,-0.022506714,0.0084991455,-0.008743286,
1396207156307910503,3,0.27061462,0.12661743,0.04144287,
1396207156307910503,0,0.25878906,0.13458252,0.04925537,-0.012359619,0.0026245117,8.69751E-4,
1396207156328082623,3,0.2871704,0.09030151,0.047851563,
1396207156328082623,0,0.27534485,0.0982666,0.055664063,-0.015029907,0.027191162,0.010482788,
1396207156348224224,3,0.2444458,0.047042847,0.05960083,
1396207156348224224,0,0.23262024,0.055007935,0.06741333,0.010604858,0.012771606,-0.00340271,
1396207156368365826,3,0.15579224,0.029418945,0.09751892,
1396207156368365826,0,0.14396667,0.037384033,0.10533142,0.0063323975,0.013305664,0.0014038086,
1396207156388507427,3,0.104522705,0.034225464,0.10499573,
1396207156388507427,0,0.09269714,0.04219055,0.11280823,-0.0032806396,-0.003250122,0.008880615,
1396207156408649029,3,0.073013306,0.1105957,0.08149719,
1396207156408649029,0,0.061187744,0.11856079,0.08930969,-0.0059509277,-0.015533447,0.018493652,
1396207156428668560,3,0.055389404,0.20245361,0.024353027,
1396207156428668560,0,0.043563843,0.2104187,0.032165527,-0.0075531006,-0.015533447,0.026504517,
1396207156448932232,3,0.023880005,0.27348328,-0.051483154,
1396207156448932232,0,0.012054443,0.28144836,-0.043670654,4.5776367E-4,-0.0011138916,0.02330017,
1396207156469043316,3,-0.012435913,0.29537964,-0.08192444,
1396207156469043316,0,-0.024261475,0.30334473,-0.07411194,-0.0059509277,0.0058288574,0.0067443848,
1396207156489361934,3,-0.040740967,0.25852966,-0.057357788,
1396207156489361934,0,-0.05256653,0.26649475,-0.049545288,-7.6293945E-5,0.028793335,-0.0028686523,
1396207156509503536,3,-0.0743866,0.20939636,3.2043457E-4,
1396207156509503536,0,-0.08621216,0.21736145,0.008132935,-0.010223389,0.011703491,-0.010345459,
1396207156529645137,3,-0.03112793,0.18696594,0.06440735,
1396207156529645137,0,-0.04295349,0.19493103,0.07221985,-0.036392212,0.019180298,-0.0071411133,
1396207156549786739,3,0.14404297,0.063064575,0.09164429,
1396207156549786739,0,0.1322174,0.07102966,0.09945679,-0.08232117,0.071517944,0.015823364,
1396207156569897823,3,0.18997192,-0.06724548,0.0574646,
1396207156569897823,0,0.17814636,-0.059280396,0.0652771,0.020217896,0.022384644,0.015823364,
1396207156590039424,3,-0.025787354,-0.08540344,0.034500122,
1396207156590039424,0,-0.037612915,-0.077438354,0.042312622,0.054397583,0.002090454,0.0099487305,
1396207156610181026,3,-0.25863647,-0.017044067,0.027023315,
1396207156610181026,0,-0.27046204,-0.0090789795,0.034835815,0.034103394,-0.016067505,0.011016846,
1396207156630322627,3,-0.37452698,0.08656311,0.008865356,
1396207156630322627,0,-0.38635254,0.0945282,0.016677856,-0.0016784668,-0.016067505,0.012084961,
1396207156650464229,3,-0.31417847,0.16827393,0.015274048,
1396207156650464229,0,-0.32600403,0.17623901,0.023086548,-0.05241394,0.003692627,0.003540039,
1396207156670605831,3,-0.12992859,0.13409424,0.04624939,
1396207156670605831,0,-0.14175415,0.14205933,0.05406189,-0.054016113,0.027191162,-0.0018005371,
1396207156690747432,3,-0.045547485,0.047576904,0.07348633,
1396207156690747432,0,-0.057373047,0.055541992,0.08129883,-0.013427734,0.028259277,0.0030059814,
1396207156710919551,3,-0.06904602,-0.010101318,0.09057617,
1396207156710919551,0,-0.08087158,-0.0021362305,0.09838867,-0.0048828125,0.01864624,0.0040740967,
1396207156731030635,3,-0.04928589,-0.03627014,0.10873413,
1396207156731030635,0,-0.06111145,-0.028305054,0.11654663,-0.028915405,0.011703491,0.0040740967,
1396207156751202754,3,0.07621765,-0.057632446,0.10713196,
1396207156751202754,0,0.06439209,-0.04966736,0.11494446,-0.052947998,0.015975952,0.016357422,
1396207156771344356,3,0.21987915,-0.09448242,0.048919678,
1396207156771344356,0,0.20805359,-0.086517334,0.056732178,-0.036392212,0.017578125,0.026504517,
1396207156791485958,3,0.20973206,-0.09715271,-0.040267944,
1396207156791485958,0,0.1979065,-0.08918762,-0.032455444,0.023956299,-0.006454468,0.03237915,
1396207156811566524,3,0.03829956,-0.040542603,-0.11824036,
1396207156811566524,0,0.026473999,-0.032577515,-0.11042786,0.025558472,0.0052948,0.022766113,
1396207156831677608,3,-0.07545471,-0.037338257,-0.14067078,
1396207156831677608,0,-0.08728027,-0.029373169,-0.13285828,0.010070801,0.0042266846,3.3569336E-4,
1396207156851880245,3,-0.14701843,-0.019180298,-0.08779907,
1396207156851880245,0,-0.158844,-0.01121521,-0.07998657,0.0047302246,0.0031585693,-0.0055389404,
1396207156892163448,3,-0.24208069,-0.087005615,-0.032791138,
1396207156892163448,0,-0.25390625,-0.07904053,-0.024978638,-0.013427734,0.033599854,0.0067443848,
1396207156912274532,3,-0.21377563,-0.11210632,-0.0135650635,
1396207156912274532,0,-0.2256012,-0.104141235,-0.0057525635,-0.02571106,-0.0096588135,3.3569336E-4,
1396207156932446651,3,-0.11871338,-0.019714355,0.01473999,
1396207156932446651,0,-0.13053894,-0.011749268,0.02255249,-0.047073364,-0.009124756,8.69751E-4,
1396207156952588252,3,0.018539429,0.0016479492,0.030227661,
1396207156952588252,0,0.006713867,0.009613037,0.03804016,-0.0390625,0.012237549,0.008880615,
1396207156972729854,3,0.07621765,-0.05923462,0.014205933,
1396207156972729854,0,0.06439209,-0.05126953,0.022018433,-0.015563965,0.029327393,0.012084961,
1396207156992871456,3,0.07621765,-0.113708496,0.021148682,
1396207156992871456,0,0.06439209,-0.10574341,0.028961182,-0.008087158,0.007965088,8.69751E-4,
1396207157012982540,3,0.06820679,-0.09555054,0.049987793,
1396207157012982540,0,0.056381226,-0.08758545,0.057800293,-0.013961792,0.003692627,0.006210327,
1396207157033124141,3,0.09597778,-0.07258606,0.047851563,
1396207157033124141,0,0.08415222,-0.06462097,0.055664063,-0.022506714,0.002090454,0.009414673,
1396207157053296260,3,0.12962341,-0.06404114,0.030227661,
1396207157053296260,0,0.11779785,-0.05607605,0.03804016,-0.01663208,-0.0011138916,0.013153076,
1396207157073437862,3,0.13816833,-0.018112183,0.0056610107,
1396207157073437862,0,0.12634277,-0.010147095,0.013473511,-0.013427734,0.002090454,0.015289307,
1396207157093609981,3,0.1387024,-0.04534912,-0.030654907,
1396207157093609981,0,0.12687683,-0.037384033,-0.022842407,-0.008621216,0.026123047,0.015289307,
1396207157113690547,3,0.12161255,-0.13613892,-0.048812866,
1396207157113690547,0,0.10978699,-0.12817383,-0.041000366,-0.009689331,0.029327393,0.0056762695,
1396207157133893184,3,0.17181396,-0.16070557,0.007797241,
1396207157133893184,0,0.1599884,-0.15274048,0.015609741,-0.041732788,0.003692627,-0.011413574,
1396207157154034786,3,0.32989502,-0.1425476,0.043045044,
1396207157154034786,0,0.31806946,-0.13458252,0.050857544,-0.05241394,0.012237549,0.011016846,
1396207157174145870,3,0.39237976,-0.17512512,-0.029586792,
1396207157174145870,0,0.3805542,-0.16716003,-0.021774292,0.0047302246,0.013839722,0.037719727,
1396207157194287471,3,0.21987915,-0.18367004,-0.14120483,
1396207157194287471,0,0.20805359,-0.17570496,-0.13339233,0.051193237,-0.0053863525,0.030776978,
1396207157214398555,3,-0.045013428,-0.04588318,-0.22077942,
1396207157214398555,0,-0.05683899,-0.03791809,-0.21296692,0.052261353,-0.0438385,0.025970459,
1396207157234570674,3,-0.21644592,0.17895508,-0.27044678,
1396207157234570674,0,-0.22827148,0.18692017,-0.26263428,0.006866455,-0.04650879,0.011550903,
1396207157254712276,3,-0.254364,0.3146057,-0.23146057,
1396207157254712276,0,-0.26618958,0.3225708,-0.22364807,-0.00541687,-0.0037841797,-0.01675415,
1396207157274853877,3,-0.2960205,0.18589783,-0.107559204,
1396207157274853877,0,-0.30784607,0.19386292,-0.099746704,-0.0011444092,0.080062866,-0.025299072,
1396207157295069194,3,-0.32485962,-0.10569763,-0.016235352,
1396207157295069194,0,-0.33668518,-0.097732544,-0.008422852,-0.0064849854,0.06404114,-0.0023345947,
1396207157315180278,3,-0.34675598,-0.14361572,-0.011962891,
1396207157315180278,0,-0.35858154,-0.13565063,-0.0041503906,-0.0059509277,-0.016601563,0.009414673,
1396207157335382915,3,-0.32325745,0.045440674,3.2043457E-4,
1396207157335382915,0,-0.335083,0.05340576,0.008132935,-0.030517578,-0.05505371,0.0046081543,
1396207157355524516,3,-0.19721985,0.18162537,-0.014099121,
1396207157355524516,0,-0.20904541,0.18959045,-0.006286621,-0.056152344,0.0074310303,0.013687134,
1396207157375666118,3,-1.5258789E-4,0.087631226,-0.015701294,
1396207157375666118,0,-0.011978149,0.09559631,-0.007888794,-0.060958862,0.046951294,0.0024719238,
1396207157395777202,3,0.17982483,-0.052825928,0.019546509,
1396207157395777202,0,0.16799927,-0.04486084,0.027359009,-0.054016113,0.035736084,-0.0028686523,
1396207157415949321,3,0.31654358,-0.12652588,0.04624939,
1396207157415949321,0,0.30471802,-0.11856079,0.05406189,-0.033721924,0.017578125,0.008880615,
1396207157436090923,3,0.30639648,-0.11904907,0.009399414,
1396207157436090923,0,0.29457092,-0.111083984,0.017211914,0.013809204,-0.00592041,0.022232056,
1396207157456140971,3,0.17555237,-0.04107666,-0.019439697,
1396207157456140971,0,0.1637268,-0.033111572,-0.011627197,0.022888184,-0.015533447,0.0072784424,
1396207157476343608,3,0.06607056,0.09083557,-0.02798462,
1396207157476343608,0,0.054244995,0.09880066,-0.02017212,0.005264282,-0.029953003,0.015823364,
1396207157496485210,3,0.033493042,0.13729858,-0.056289673,
1396207157496485210,0,0.02166748,0.14526367,-0.048477173,-0.011291504,0.021850586,0.0099487305,
1396207157516657329,3,0.015335083,0.01927185,-0.049346924,
1396207157516657329,0,0.0035095215,0.027236938,-0.041534424,4.5776367E-4,0.044815063,0.0030059814,
1396207157536798930,3,-0.067977905,-0.08433533,-0.0066223145,
1396207157536798930,0,-0.07980347,-0.07637024,0.0011901855,0.0132751465,0.021316528,-0.009811401,
1396207157556940532,3,-0.114974976,-0.089141846,0.08256531,
1396207157556940532,0,-0.12680054,-0.08117676,0.09037781,-0.01449585,-0.008056641,-0.013549805,
1396207157577082133,3,-0.074920654,-0.007965088,0.12315369,
1396207157577082133,0,-0.086746216,0.0,0.13096619,-0.024642944,-0.014465332,0.0099487305,
1396207157597223735,3,-0.024719238,0.033691406,0.087371826,
1396207157597223735,0,-0.0365448,0.041656494,0.095184326,-0.02784729,0.013305664,0.02116394,
1396207157617365337,3,0.08743286,-0.018112183,0.024887085,
1396207157617365337,0,0.0756073,-0.010147095,0.032699585,-0.05027771,0.023452759,0.022766113,
1396207157637506938,3,0.25138855,-0.075790405,-0.011428833,
1396207157637506938,0,0.23956299,-0.06782532,-0.003616333,-0.050811768,0.020248413,0.012084961,
1396207157657648540,3,0.37742615,-0.1591034,-0.03225708,
1396207157657648540,0,0.3656006,-0.1511383,-0.02444458,-0.03479004,0.039474487,0.01902771,
1396207157677790141,3,0.3982544,-0.25042725,-0.08406067,
1396207157677790141,0,0.38642883,-0.24246216,-0.07624817,0.005264282,0.013305664,0.021697998,
1396207157697931743,3,0.2193451,-0.18260193,-0.10168457,
1396207157697931743,0,0.20751953,-0.17463684,-0.09387207,0.053863525,-0.029953003,0.0040740967,
1396207157718073344,3,-0.020980835,0.020339966,-0.04347229,
1396207157718073344,0,-0.032806396,0.028305054,-0.03565979,0.038909912,-0.049179077,-0.01675415,
1396207157738214946,3,-0.14701843,0.21046448,0.01260376,
1396207157738214946,0,-0.158844,0.21842957,0.02041626,-6.1035156E-4,-0.034225464,0.0019378662,
1396207157758326030,3,-0.15235901,0.27668762,0.033966064,
1396207157758326030,0,-0.16418457,0.2846527,0.041778564,-0.020904541,0.022384644,8.69751E-4,
1396207157778467632,3,-0.06477356,0.17521667,0.105529785,
1396207157778467632,0,-0.07659912,0.18318176,0.113342285,-0.040130615,0.035202026,-0.020492554,
1396207157798609233,3,-0.03807068,0.1031189,0.23744202,
1396207157798609233,0,-0.04989624,0.111083984,0.24525452,0.009002686,0.017578125,-0.028503418,
1396207157818750835,3,-0.21003723,0.09190369,0.40620422,
1396207157818750835,0,-0.2218628,0.099868774,0.41401672,0.047454834,0.010635376,-0.038116455,
1396207157838892436,3,-0.4989624,0.04597473,0.51194763,
1396207157838892436,0,-0.51078796,0.05393982,0.51976013,0.067214966,0.019180298,0.003540039,
1396207157858973003,3,-0.67466736,0.053985596,0.4291687,
1396207157858973003,0,-0.6864929,0.061950684,0.4369812,-0.017700195,-0.008056641,0.051071167,
1396207157879175639,3,0.016403198,0.058792114,0.17922974,
1396207157879175639,0,0.0045776367,0.0667572,0.18704224,-0.22277832,0.02558899,0.027572632,
1396207157899317241,3,0.792923,0.0027160645,0.13009644,
1396207157899317241,0,0.7810974,0.010681152,0.13790894,-0.16296387,0.017578125,0.02116394,
1396207157919489360,3,1.1117554,-0.062438965,0.056396484,
1396207157919489360,0,1.0999298,-0.054473877,0.064208984,-0.020370483,0.0368042,0.031845093,
1396207157939600444,3,0.9125519,-0.21464539,-0.05949402,
1396207157939600444,0,0.9007263,-0.2066803,-0.05168152,0.09338379,0.053359985,0.041992188,
1396207157959742046,3,0.2999878,-0.29154968,-0.2058258,
1396207157959742046,0,0.28816223,-0.2835846,-0.1980133,0.18470764,-0.020339966,0.039855957,
1396207157979883647,3,-0.46531677,0.023010254,-0.32598877,
1396207157979883647,0,-0.47714233,0.030975342,-0.31817627,0.14572144,-0.094573975,0.0393219,
1396207158000025249,3,-0.76438904,0.28683472,-0.41677856,
1396207158000025249,0,-0.7762146,0.2947998,-0.40896606,-0.013427734,-0.012329102,0.014755249,
1396207158020166850,3,-0.5806732,0.26013184,-0.3457489,
1396207158020166850,0,-0.5924988,0.26809692,-0.3379364,-0.09460449,0.031463623,-0.027435303,
1396207158040247417,3,-0.21751404,0.12234497,-0.21704102,
1396207158040247417,0,-0.2293396,0.13031006,-0.20922852,-0.1020813,0.051757813,-0.019424438,
1396207158060450053,3,0.03189087,-0.025054932,-0.113967896,
1396207158060450053,0,0.020065308,-0.017089844,-0.106155396,-0.042800903,0.035736084,-0.017822266,
1396207158080713725,3,0.048980713,-0.11531067,-0.029586792,
1396207158080713725,0,0.03715515,-0.10734558,-0.021774292,0.009536743,0.02772522,-0.009277344,
1396207158100733257,3,-0.06690979,-0.100357056,0.047317505,
1396207158100733257,0,-0.07873535,-0.09239197,0.055130005,0.014343262,-0.011795044,-0.01461792,
1396207158120874858,3,-0.09414673,-0.03413391,0.12742615,
1396207158140985942,3,-0.0012207031,-0.09768677,0.16748047,
1396207158140985942,0,-0.013046265,-0.08972168,0.17529297,-0.042800903,0.03894043,0.0030059814,
1396207158161097026,3,0.12214661,-0.22639465,0.16694641,
1396207158161097026,0,0.110321045,-0.21842957,0.17475891,-0.0390625,0.037338257,0.012084961,
1396207158181330180,3,0.19317627,-0.2546997,0.16000366,
1396207158181330180,0,0.18135071,-0.24673462,0.16781616,-0.020370483,-0.008056641,0.006210327,
1396207158201471782,3,0.19264221,-0.15376282,0.1733551,
1396207158201471782,0,0.18081665,-0.14579773,0.1811676,-0.002746582,-0.0096588135,0.0046081543,
1396207158221613383,3,0.1285553,-0.16871643,0.109802246,
1396207158221613383,0,0.11672974,-0.16075134,0.117614746,0.011138916,0.02772522,0.040390015,
1396207158241663432,3,0.021209717,-0.22425842,-0.035995483,
1396207158241663432,0,0.009384155,-0.21629333,-0.028182983,0.012741089,0.012771606,0.041992188,
1396207158261896587,3,-0.00869751,-0.20236206,-0.078186035,
1396207158261896587,0,-0.020523071,-0.19439697,-0.070373535,-0.02357483,-0.011260986,-0.0066070557,
1396207158282038188,3,0.10345459,-0.122787476,0.013671875,
1396207158282038188,0,0.09162903,-0.11482239,0.021484375,-0.051345825,-0.010726929,-0.015151978,
1396207158302179790,3,0.23643494,-0.052825928,0.037704468,
1396207158302179790,0,0.22460938,-0.04486084,0.045516968,-0.033721924,-0.0016479492,0.021697998,
1396207158322321391,3,0.25512695,-0.12011719,-0.09527588,
1396207158322321391,0,0.24330139,-0.1121521,-0.08746338,0.0063323975,0.04107666,0.051071167,
1396207158342401958,3,0.07888794,-0.19114685,-0.21383667,
1396207158342401958,0,0.06706238,-0.18318176,-0.20602417,0.050125122,0.0084991455,0.02116394,
1396207158362604594,3,-0.0920105,-0.14094543,-0.21116638,
1396207158362604594,0,-0.10383606,-0.13298035,-0.20335388,-0.0022125244,-0.022476196,-0.0082092285,
1396207158382746196,3,-0.034866333,0.051849365,-0.071777344,
1396207158382746196,0,-0.046691895,0.059814453,-0.063964844,-0.0390625,-0.047576904,-0.04185486,
1396207158402887798,3,0.079422,0.087631226,0.112472534,
1396207158402887798,0,0.067596436,0.09559631,0.120285034,-0.04333496,0.06724548,-0.019958496,
1396207158423029399,3,0.20385742,-0.36471558,0.09484863,
1396207158423029399,0,0.19203186,-0.3567505,0.10266113,-0.039596558,0.13400269,0.031845093,
1396207158443109966,3,0.2861023,-0.55537415,0.022750854,
1396207158443109966,0,0.27427673,-0.54740906,0.030563354,-0.02784729,-0.01499939,0.025970459,
1396207158463312602,3,0.32081604,-0.32626343,-0.06750488,
1396207158463312602,0,0.30899048,-0.31829834,-0.059692383,-0.0048828125,-0.07321167,0.031845093,
1396207158483362651,3,0.181427,-0.01864624,-0.16096497,
1396207158483362651,0,0.16960144,-0.010681152,-0.15315247,0.04798889,-0.058258057,0.025970459,
1396207158503565288,3,-0.07064819,0.1068573,-0.18232727,
1396207158503565288,0,-0.082473755,0.11482239,-0.17451477,0.044784546,0.020248413,0.0014038086,
1396207158523706889,3,-0.2559662,-0.055496216,-0.14654541,
1396207158523706889,0,-0.26779175,-0.047531128,-0.13873291,0.03036499,0.060836792,-0.00340271,
1396207158543848491,3,-0.4434204,-0.15589905,-0.08085632,
1396207158543848491,0,-0.45524597,-0.14793396,-0.07304382,0.036239624,0.002090454,-0.013549805,
1396207158564020610,3,-0.5582428,-0.07632446,0.04144287,
1396207158564020610,0,-0.57006836,-0.068359375,0.04925537,-0.009155273,-0.014465332,-0.031173706,
1396207158584162212,3,-0.4108429,-0.035202026,0.17442322,
1396207158584162212,0,-0.42266846,-0.027236938,0.18223572,-0.09033203,0.013839722,-0.01675415,
1396207158604303813,3,9.1552734E-4,-0.13186646,0.21607971,
1396207158604303813,0,-0.010910034,-0.12390137,0.22389221,-0.12825012,0.046417236,0.0099487305,
1396207158624506450,3,0.394516,-0.25897217,0.18190002,
1396207158624506450,0,0.38269043,-0.25100708,0.18971252,-0.082855225,0.029327393,0.023834229,
1396207158644556499,3,0.49972534,-0.2723236,0.064941406,
1396207158644556499,0,0.48789978,-0.26435852,0.072753906,0.0020599365,-0.011795044,0.046798706,
1396207158664698100,3,0.3806305,-0.13400269,-0.096343994,
1396207158664698100,0,0.36880493,-0.1260376,-0.088531494,0.02822876,-0.03262329,0.04786682,
1396207158684839702,3,0.2027893,-0.02986145,-0.22932434,
1396207158684839702,0,0.19096375,-0.021896362,-0.22151184,0.036239624,-0.0096588135,0.027038574,
1396207158704981303,3,0.028152466,-0.010101318,-0.24107361,
1396207158704981303,0,0.016326904,-0.0021362305,-0.23326111,0.025024414,0.014373779,-0.0018005371,
1396207158725122905,3,-0.030059814,-0.06564331,-0.20048523,
1396207158725122905,0,-0.041885376,-0.057678223,-0.19267273,-0.02571106,0.03466797,0.003540039,
1396207158745264507,3,0.09651184,-0.18687439,-0.20368958,
1396207158745264507,0,0.08468628,-0.1789093,-0.19587708,-0.051879883,0.02772522,0.0099487305,
1396207158765375591,3,0.20599365,-0.16230774,-0.22291565,
1396207158765375591,0,0.19416809,-0.15434265,-0.21510315,-0.020370483,-0.016067505,0.016357422,
1396207158785547710,3,0.14297485,-0.003692627,-0.27044678,
1396207158785547710,0,0.13114929,0.004272461,-0.26263428,0.025558472,-0.039031982,0.01902771,
1396207158805689311,3,-0.014572144,0.13569641,-0.30622864,
1396207158805689311,0,-0.026397705,0.1436615,-0.29841614,0.025024414,-0.011795044,0.0099487305,
1396207158825830913,3,-0.045013428,0.13249207,-0.24961853,
1396207158825830913,0,-0.05683899,0.14045715,-0.24180603,-0.039596558,0.028793335,-0.019958496,
1396207158845941997,3,0.2027893,-0.022384644,-0.11824036,
1396207158845941997,0,0.19096375,-0.014419556,-0.11042786,-0.100479126,0.057632446,-0.026367188,
1396207158866083598,3,0.5125427,-0.13827515,-0.0050201416,
1396207158866083598,0,0.50071716,-0.13031006,0.0027923584,-0.06629944,0.013305664,-0.010345459,
1396207158886371851,3,0.56915283,-0.09448242,0.01473999,
1396207158886371851,0,0.5573273,-0.086517334,0.02255249,0.013809204,-0.017669678,0.011550903,
1396207158906574488,3,0.3640747,-0.02772522,-0.0370636,
1396207158906574488,0,0.35224915,-0.019760132,-0.029251099,0.056533813,0.0010223389,0.02810669,
1396207158926716090,3,0.12321472,-0.027191162,-0.10168457,
1396207158926716090,0,0.11138916,-0.019226074,-0.09387207,0.03677368,0.0026245117,0.015823364,
1396207158946857691,3,-0.013504028,0.01927185,-0.10328674,
1396207158946857691,0,-0.02532959,0.027236938,-0.09547424,0.0025939941,-0.01499939,-7.324219E-4,
1396207158966999293,3,0.037765503,0.14958191,-0.06643677,
1396207158966999293,0,0.025939941,0.157547,-0.058624268,-0.047607422,-0.027816772,-0.00340271,
1396207158987140894,3,0.16273499,0.19444275,0.002456665,
1396207158987140894,0,0.15090942,0.20240784,0.010269165,-0.031585693,0.024520874,-0.015686035,
1396207159007313013,3,0.16166687,0.08656311,0.116744995,
1396207159007313013,0,0.14984131,0.0945282,0.124557495,0.006866455,0.035202026,-0.021026611,
1396207159027454615,3,0.01586914,-0.02078247,0.19258118,
1396207159027454615,0,0.004043579,-0.012817383,0.20039368,0.04371643,0.030395508,-0.006072998,
1396207159047596217,3,-0.24848938,-0.05923462,0.27856445,
1396207159047596217,0,-0.26031494,-0.05126953,0.28637695,0.05279541,0.0026245117,-0.011947632,
1396207159067707301,3,-0.3173828,0.017669678,0.2790985,
1396207159067707301,0,-0.32920837,0.025634766,0.286911,-0.05027771,-0.021942139,0.020629883,
1396207159087848902,3,-0.0017547607,0.087631226,0.23103333,
1396207159087848902,0,-0.013580322,0.09559631,0.23884583,-0.11917114,0.012771606,0.017425537,
1396207159107990504,3,0.3363037,0.053451538,0.21180725,
1396207159107990504,0,0.32447815,0.061416626,0.21961975,-0.059890747,0.019180298,0.012084961,
1396207159128132105,3,0.33470154,-0.044281006,0.17228699,
1396207159128132105,0,0.32287598,-0.036315918,0.18009949,0.035705566,0.050689697,0.02810669,
1396207159148243189,3,-0.031661987,-0.21304321,0.056930542,
1396207159148243189,0,-0.04348755,-0.20507813,0.06474304,0.11795044,0.029327393,0.03665161,
1396207159168415308,3,-0.5806732,-0.13079834,0.02168274,
1396207159168415308,0,-0.5924988,-0.12283325,0.02949524,0.11581421,-0.042236328,-0.0028686523,
1396207159188556910,3,-0.8444977,0.06840515,0.096450806,
1396207159188556910,0,-0.85632324,0.07637024,0.104263306,-0.03692627,-0.03956604,-0.01889038,
1396207159208698511,3,-0.51712036,0.08709717,0.065475464,
1396207159208698511,0,-0.5289459,0.095062256,0.073287964,-0.12611389,0.01864624,0.03237915,
1396207159228840113,3,-0.050354004,0.07267761,-0.03919983,
1396207159228840113,0,-0.062179565,0.0806427,-0.03138733,-0.12825012,0.0031585693,0.031311035,
1396207159248981715,3,0.33737183,0.10845947,-0.051483154,
1396207159248981715,0,0.32554626,0.11642456,-0.043670654,-0.08232117,4.8828125E-4,-0.010879517,
1396207159269062281,3,0.4361725,0.098846436,0.058532715,
1396207159269062281,0,0.42434692,0.10681152,0.066345215,0.0132751465,0.023986816,-0.02583313,
1396207159289264918,3,0.15899658,-0.030929565,0.17442322,
1396207159289264918,0,0.14717102,-0.022964478,0.18223572,0.0907135,0.051223755,-0.015686035,
1396207159309437037,3,-0.20095825,-0.11798096,0.23316956,
1396207159309437037,0,-0.21278381,-0.11001587,0.24098206,0.052261353,0.007965088,0.0078125,
1396207159329578638,3,-0.28800964,-0.071517944,0.14932251,
1396207159329578638,0,-0.2998352,-0.06355286,0.15713501,-0.030517578,-0.01927185,0.044662476,
1396207159349720240,3,-0.119781494,0.03529358,-0.0050201416,
1396207159349720240,0,-0.13160706,0.043258667,0.0027923584,-0.071640015,-0.0053863525,0.045196533,
1396207159369800806,3,0.11413574,0.013931274,-0.09741211,
1396207159369800806,0,0.10231018,0.021896362,-0.08959961,-0.059890747,0.024520874,0.015823364,
1396207159430286646,3,0.4927826,-0.14628601,-0.050949097,
1396207159430286646,0,0.48095703,-0.13832092,-0.043136597,-0.023040771,0.017044067,0.003540039,
1396207159450397730,3,0.46447754,-0.13026428,-0.07070923,
1396207159450397730,0,0.45265198,-0.122299194,-0.06289673,0.008468628,-0.003250122,0.025436401,
1396207159470478297,3,0.35713196,-0.09501648,-0.16523743,
1396207159470478297,0,0.3453064,-0.08705139,-0.15742493,0.020751953,-0.0011138916,0.035583496,
1396207159490711451,3,0.24658203,-0.05656433,-0.24267578,
1396207159490711451,0,0.23475647,-0.048599243,-0.23486328,0.008468628,-4.5776367E-5,0.011550903,
1396207159510944605,3,0.22415161,-0.042678833,-0.17645264,
1396207159510944605,0,0.21232605,-0.034713745,-0.16864014,-0.020370483,0.009567261,-0.026901245,
1396207159530994654,3,0.29304504,-0.08647156,-0.007156372,
1396207159530994654,0,0.28121948,-0.07850647,6.5612793E-4,-0.030517578,0.02986145,-0.03918457,
1396207159551105738,3,0.2999878,-0.19862366,0.1557312,
1396207159551105738,0,0.28816223,-0.19065857,0.1635437,9.918213E-4,0.035202026,-0.021560669,
1396207159571216822,3,0.2027893,-0.27285767,0.19685364,
1396207159571216822,0,0.19096375,-0.26489258,0.20466614,0.026626587,0.02078247,0.016357422,
1396207159591419459,3,0.005722046,-0.25256348,0.09591675,
1396207159591419459,0,-0.0061035156,-0.24459839,0.10372925,0.047454834,-0.014465332,0.048934937,
1396207159611530543,3,-0.35690308,-0.11958313,-0.07444763,
1396207159611530543,0,-0.36872864,-0.11161804,-0.06663513,0.112075806,-0.03315735,0.041992188,
1396207159631672144,3,-0.782547,0.09190369,-0.142807,
1396207159631672144,0,-0.79437256,0.099868774,-0.1349945,0.051727295,-0.044906616,0.017425537,
1396207159651813746,3,-0.73928833,0.1800232,-0.18659973,
1396207159651813746,0,-0.7511139,0.18798828,-0.17878723,-0.091934204,0.01651001,0.015289307,
1396207159671924830,3,-0.26985168,0.047042847,-0.18179321,
1396207159671924830,0,-0.28167725,0.055007935,-0.17398071,-0.1512146,0.061904907,-0.004470825,
1396207159692140139,3,0.17234802,-0.13934326,-0.11076355,
1396207159692140139,0,0.16052246,-0.13137817,-0.10295105,-0.08178711,0.03894043,-0.010345459,
1396207159712281741,3,0.24871826,-0.14735413,-0.04827881,
1396207159712281741,0,0.2368927,-0.13938904,-0.04046631,0.01914978,-0.016067505,-0.00340271,
1396207159732423342,3,-0.007095337,-0.060836792,-0.021575928,
1396207159732423342,0,-0.018920898,-0.052871704,-0.013763428,0.07095337,-0.0053863525,0.006210327,
1396207159752564944,3,-0.24101257,-0.0544281,0.008865356,
1396207159752564944,0,-0.25283813,-0.046463013,0.016677856,0.0132751465,0.018112183,-0.0082092285,
1396207159772676028,3,-0.2495575,-0.100357056,0.08149719,
1396207159772676028,0,-0.26138306,-0.09239197,0.08930969,-0.023040771,0.018112183,-0.0071411133,
1396207159792878664,3,-0.17478943,-0.1211853,0.08042908,
1396207159792878664,0,-0.18661499,-0.113220215,0.08824158,-0.040130615,0.017578125,0.027038574,
1396207159812989748,3,-0.045547485,-0.17939758,-0.040267944,
1396207159812989748,0,-0.057373047,-0.1714325,-0.032455444,-0.03692627,0.014907837,0.043060303,
1396207159833131350,3,-0.052490234,-0.103027344,-0.16737366,
1396207159833131350,0,-0.064315796,-0.095062256,-0.15956116,0.012741089,-0.03475952,0.03665161,
1396207159853272951,3,-0.13153076,0.06359863,-0.27204895,
1396207159853272951,0,-0.14335632,0.07156372,-0.26423645,-0.0032806396,-0.027282715,0.02810669,
1396207159873414553,3,-0.11177063,0.11967468,-0.30996704,
1396207159873414553,0,-0.12359619,0.12763977,-0.30215454,-0.030517578,0.015975952,0.006210327,
1396207159893525637,3,0.025482178,0.03529358,-0.25656128,
1396207159893525637,0,0.013656616,0.043258667,-0.24874878,-0.060958862,0.041610718,-0.015151978,
1396207159913789309,3,0.22949219,-0.07312012,-0.15562439,
1396207159913789309,0,0.21766663,-0.06515503,-0.14781189,-0.0566864,0.019714355,-0.015686035,
1396207159933869875,3,0.3213501,-0.07044983,-0.07498169,
1396207159933869875,0,0.30952454,-0.06248474,-0.06716919,-0.012893677,-0.0043182373,-0.010879517,
1396207159954011477,3,0.23216248,-0.0058288574,-0.038131714,
1396207159954011477,0,0.22033691,0.0021362305,-0.030319214,0.031433105,-0.014465332,0.008880615,
1396207159974153078,3,0.07141113,0.15011597,-0.053619385,
1396207159974153078,0,0.05958557,0.15808105,-0.045806885,0.014877319,-0.043304443,0.012619019,
1396207159994294680,3,0.08529663,0.27722168,-0.037597656,
1396207159994294680,0,0.07347107,0.28518677,-0.029785156,-0.04600525,0.003692627,-0.0066070557,
1396207160014436282,3,0.2759552,0.1634674,0.0574646,
1396207160014436282,0,0.26412964,0.1714325,0.0652771,-0.05935669,0.06404114,-0.020492554,
1396207160034577883,3,0.37208557,-0.025054932,0.16694641,
1396207160034577883,0,0.36026,-0.017089844,0.17475891,-0.009155273,0.040008545,-0.01461792,
1396207160054719485,3,0.25672913,-0.11264038,0.21180725,
1396207160054719485,0,0.24490356,-0.10467529,0.21961975,0.033569336,0.0154418945,0.003540039,
1396207160074830569,3,0.10986328,-0.044281006,0.18617249,
1396207160074830569,0,0.09803772,-0.036315918,0.19398499,0.013809204,-0.02835083,0.024902344,
1396207160095002688,3,0.05432129,0.15118408,0.09378052,
1396207160095002688,0,0.042495728,0.15914917,0.10159302,-0.010757446,-0.04650879,0.03504944,
1396207160115144289,3,0.13442993,0.32635498,-0.011428833,
1396207160115144289,0,0.12260437,0.33432007,-0.003616333,-0.051345825,-0.018737793,0.033447266,
1396207160135285891,3,0.24337769,0.3375702,-0.06323242,
1396207160135285891,0,0.23155212,0.34553528,-0.055419922,-0.015029907,0.021316528,0.0019378662,
1396207160155427492,3,0.13710022,0.28042603,0.017944336,
1396207160155427492,0,0.12527466,0.2883911,0.025756836,0.03677368,0.03253174,-0.022628784,
1396207160175569094,3,-0.065841675,0.1207428,0.14878845,
1396207160175569094,0,-0.07766724,0.12870789,0.15660095,0.041046143,0.05229187,-0.021026611,
1396207160195710696,3,-0.27412415,0.044906616,0.20646667,
1396207160195710696,0,-0.2859497,0.052871704,0.21427917,0.02822876,-0.0011138916,0.0056762695,
1396207160215791262,3,-0.25756836,0.13142395,0.18617249,
1396207160215791262,0,-0.26939392,0.13938904,0.19398499,-0.069503784,-0.01713562,0.019561768,
1396207160235932864,3,0.100250244,0.14050293,0.08950806,
1396207160235932864,0,0.08842468,0.14846802,0.09732056,-0.11222839,0.028259277,0.044662476,
1396207160256104983,3,0.31654358,0.03048706,-0.055221558,
1396207160256104983,0,0.30471802,0.03845215,-0.047409058,-0.013427734,0.03466797,0.037719727,
1396207160276246584,3,0.14724731,-0.013839722,-0.15402222,
1396207160276246584,0,0.13542175,-0.005874634,-0.14620972,0.07041931,0.0052948,0.027572632,
1396207160296388186,3,-0.22392273,0.053985596,-0.198349,
1396207160296388186,0,-0.23574829,0.061950684,-0.1905365,0.07736206,-0.013397217,0.008880615,
1396207160316468752,3,-0.467453,0.0929718,-0.18125916,
1396207160316468752,0,-0.47927856,0.10093689,-0.17344666,0.022888184,0.014907837,-0.0039367676,
1396207160336701907,3,-0.52352905,0.056121826,-0.1000824,
1396207160336701907,0,-0.5353546,0.064086914,-0.0922699,-0.020370483,0.013305664,-0.01889038,
1396207160356812991,3,-0.40390015,0.08656311,-0.0028839111,
1396207160356812991,0,-0.4157257,0.0945282,0.004928589,-0.05882263,-0.008590698,-0.011413574,
1396207160376954592,3,-0.19989014,0.13249207,0.07829285,
1396207160376954592,0,-0.2117157,0.14045715,0.08610535,-0.060958862,0.006362915,-0.01461792,
1396207160397065676,3,-0.0605011,0.0790863,0.16641235,
1396207160397065676,0,-0.07232666,0.08705139,0.17422485,-0.028381348,0.026657104,-0.014083862,
1396207160417237795,3,-0.050354004,-0.0026245117,0.2577362,
1396207160417237795,0,-0.062179565,0.005340576,0.2655487,-0.004348755,0.029327393,-0.01461792,
1396207160437379397,3,-0.056762695,-0.050689697,0.31381226,
1396207160437379397,0,-0.06858826,-0.04272461,0.32162476,-0.020370483,0.013305664,0.006210327,
1396207160457520998,3,0.0062561035,-0.07685852,0.28230286,
1396207160457520998,0,-0.005569458,-0.06889343,0.29011536,-0.033187866,0.012771606,0.023834229,
1396207160477662600,3,0.066604614,-0.07899475,0.18777466,
1396207160477662600,0,0.054779053,-0.07102966,0.19558716,-0.01663208,-0.0021820068,0.040390015,
1396207160497773684,3,0.02281189,0.013397217,0.03236389,
1396207160497773684,0,0.010986328,0.021362305,0.04017639,0.0132751465,-0.023010254,0.047332764,
1396207160517945803,3,-0.13900757,0.14050293,-0.107559204,
1396207160517945803,0,-0.15083313,0.14846802,-0.099746704,-0.004348755,4.8828125E-4,0.008880615,
1396207160538026369,3,-0.058898926,0.12608337,-0.08779907,
1396207160538026369,0,-0.07072449,0.13404846,-0.07998657,-0.05455017,0.02558899,-1.9836426E-4,
1396207160558229006,3,0.1499176,0.007522583,-0.046142578,
1396207160558229006,0,0.13809204,0.015487671,-0.038330078,-0.06576538,0.04588318,-0.0066070557,
1396207160578370608,3,0.26741028,-0.16390991,0.002456665,
1396207160578370608,0,0.25558472,-0.15594482,0.010269165,-0.012359619,0.04534912,0.0024719238,
1396207160598481692,3,0.18890381,-0.15322876,-0.011962891,
1396207160598481692,0,0.17707825,-0.14526367,-0.0041503906,0.023422241,-0.027282715,0.020095825,
1396207160618653811,3,0.039367676,0.023010254,-0.07978821,
1396207160618653811,0,0.027542114,0.030975342,-0.07197571,0.02128601,-0.03262329,0.029174805,
1396207160638795412,3,-0.002822876,0.06359863,-0.13693237,
1396207160638795412,0,-0.0146484375,0.07156372,-0.12911987,-0.026245117,0.029327393,0.008346558,
1396207160658937014,3,0.08850098,-0.05015564,-0.062164307,
1396207160658937014,0,0.076675415,-0.04219055,-0.054351807,-0.038528442,0.039474487,-0.024765015,
1396207160679078616,3,0.19851685,-0.16925049,0.064941406,
1396207160679078616,0,0.18669128,-0.1612854,0.072753906,-0.038528442,0.033599854,-0.021560669,
1396207160719361819,3,0.18409729,-0.32946777,0.12528992,
1396207160719361819,0,0.17227173,-0.3215027,0.13310242,0.029296875,0.004760742,0.023834229,
1396207160739533938,3,-0.032730103,-0.26004028,-0.0050201416,
1396207160739533938,0,-0.044555664,-0.2520752,0.0027923584,0.05706787,-0.029418945,0.05267334,
1396207160759675539,3,-0.309906,-0.069381714,-0.16630554,
1396207160759675539,0,-0.32173157,-0.061416626,-0.15849304,0.046920776,-0.04170227,0.03665161,
1396207160779817141,3,-0.42099,0.05986023,-0.19140625,
1396207160779817141,0,-0.43281555,0.06782532,-0.18359375,-0.020370483,-0.0043182373,-0.0066070557,
1396207160799897707,3,-0.254364,0.051315308,-0.109695435,
1396207160799897707,0,-0.26618958,0.059280396,-0.101882935,-0.078048706,0.024520874,-0.015686035,
1396207160820100344,3,-0.0049591064,-0.042678833,-0.031723022,
1396207160820100344,0,-0.016784668,-0.034713745,-0.023910522,-0.06362915,0.035202026,-0.0039367676,
1396207160840241946,3,0.06980896,-0.14575195,-0.019973755,
1396207160840241946,0,0.0579834,-0.13778687,-0.012161255,0.010070801,0.029327393,0.012084961,
1396207160860383547,3,-0.17585754,-0.0821991,-0.019973755,
1396207160860383547,0,-0.1876831,-0.07423401,-0.012161255,0.078430176,-0.049179077,0.003540039,
1396207160880525149,3,-0.44769287,0.18109131,0.023284912,
1396207160880525149,0,-0.45951843,0.1890564,0.031097412,0.014877319,-0.04650879,-0.007675171,
1396207160900636233,3,-0.34301758,0.22488403,0.09484863,
1396207160900636233,0,-0.35484314,0.23284912,0.10266113,-0.08125305,0.035736084,-0.015151978,
1396207160920777834,3,0.0019836426,0.053451538,0.18136597,
1396207160920777834,0,-0.009841919,0.061416626,0.18917847,-0.1058197,0.060836792,-0.00340271,
1396207160940858401,3,0.25726318,-0.11050415,0.16107178,
1396207160940858401,0,0.24543762,-0.10253906,0.16888428,-0.035324097,0.0368042,0.027572632,
1396207160961061037,3,0.17929077,-0.12545776,0.0259552,
1396207160961061037,0,0.16746521,-0.117492676,0.0337677,0.040512085,-0.019805908,0.051605225,
1396207160981233157,3,-0.05996704,0.06680298,-0.14173889,
1396207160981233157,0,-0.0717926,0.07476807,-0.13392639,0.049057007,-0.05505371,0.045196533,
1396207161001374758,3,-0.25756836,0.24731445,-0.2474823,
1396207161001374758,0,-0.26939392,0.25527954,-0.2396698,0.022354126,-0.015533447,0.024902344,
1396207161021516360,3,-0.32165527,0.2820282,-0.29127502,
1396207161021516360,0,-0.33348083,0.2899933,-0.28346252,-0.0118255615,0.011703491,0.015289307,
1396207161041657961,3,-0.29708862,0.2579956,-0.29875183,
1396207161041657961,0,-0.30891418,0.2659607,-0.29093933,-0.02357483,0.012237549,0.0014038086,
1396207161061769045,3,-0.21751404,0.23876953,-0.24641418,
1396207161061769045,0,-0.2293396,0.24673462,-0.23860168,-0.03692627,0.014373779,-0.0082092285,
1396207161081910647,3,-0.124053955,0.24731445,-0.19194031,
1396207161081910647,0,-0.13587952,0.25527954,-0.18412781,-0.03211975,-0.004852295,-7.324219E-4,
1396207161102021731,3,-0.05783081,0.33062744,-0.17858887,
1396207161102021731,0,-0.06965637,0.33859253,-0.17077637,-0.028915405,-0.014465332,0.0072784424,
1396207161122163332,3,0.03883362,0.36160278,-0.14974976,
1396207161122163332,0,0.027008057,0.36956787,-0.14193726,-0.04119873,0.01864624,-0.010879517,
1396207161142365969,3,0.102386475,0.31246948,-0.055221558,
1396207161142365969,0,0.09056091,0.32043457,-0.047409058,-0.0118255615,0.012237549,-0.017822266,
1396207161162507571,3,0.1146698,0.32635498,0.055862427,
1396207161162507571,0,0.10284424,0.33432007,0.06367493,-0.030517578,0.013305664,-0.021026611,
1396207161182618655,3,0.30532837,0.20031738,0.15359497,
1396207161182618655,0,0.2935028,0.20828247,0.16140747,-0.08125305,0.064575195,8.69751E-4,
1396207161202760256,3,0.34805298,0.067337036,0.23049927,
1396207161202760256,0,0.33622742,0.075302124,0.23831177,0.011672974,-0.013931274,-0.021560669,
1396207161222871340,3,0.24391174,0.25212097,0.22409058,
1396207161222871340,0,0.23208618,0.26008606,0.23190308,0.0132751465,-0.03956604,0.03718567,
1396207161243043459,3,0.15792847,0.37548828,0.1242218,
1396207161243043459,0,0.1461029,0.38345337,0.1320343,0.005264282,-5.79834E-4,0.027038574,
1396207161263185061,3,0.08102417,0.30445862,0.060668945,
1396207161263185061,0,0.06919861,0.3124237,0.068481445,0.025558472,0.049087524,0.01902771,
