1394396051402083897,64,-0.69122314,-73.82202,328.59192,56.622314,-131.59637,376.58844,
1394396051425521397,64,-0.69122314,-73.4787,329.93774,56.622314,-131.59637,376.58844,
1394396051441146397,64,-0.69122314,-73.4787,329.93774,56.622314,-131.59637,376.58844,
1394396051464583897,64,-0.17242432,-73.65112,329.7699,56.622314,-131.59637,376.58844,
1394396051480208897,64,-0.3463745,-74.50867,330.27496,56.622314,-131.59637,376.58844,
1394396051503646397,64,-0.3463745,-74.50867,330.27496,56.622314,-131.59637,376.58844,
1394396051519271397,64,-0.69122314,-71.762085,328.59192,56.622314,-131.59637,376.58844,
1394396051550521397,64,1.0375977,-73.135376,328.59192,56.622314,-131.59637,376.58844,
1394396051589583897,64,-0.3463745,-73.135376,329.60205,56.622314,-131.59637,376.58844,
1394396051605208897,64,1.7288208,-72.79205,329.26483,56.622314,-131.59637,376.58844,
1394396051636458897,64,0.69122314,-73.135376,328.92914,56.622314,-131.59637,376.58844,
1394396051659896397,64,-0.17242432,-73.65112,330.1056,56.622314,-131.59637,376.58844,
1394396051683333897,64,-0.17242432,-73.65112,330.1056,56.622314,-131.59637,376.58844,
1394396051698958897,64,-1.5563965,-72.96448,329.43268,56.622314,-131.59637,376.58844,
1394396051722396397,64,0.86364746,-73.3078,327.75116,56.622314,-131.59637,376.58844,
1394396051738021397,64,0.86364746,-73.3078,327.75116,56.622314,-131.59637,376.58844,
1394396051761458897,64,-0.86364746,-72.96448,327.75116,56.622314,-131.59637,376.58844,
1394396051784896397,64,2.2476196,-73.3078,329.097,56.622314,-131.59637,376.58844,
1394396051800521397,64,2.2476196,-73.3078,329.097,56.622314,-131.59637,376.58844,
1394396051823958897,64,0.69122314,-74.165344,329.26483,56.622314,-131.59637,376.58844,
1394396051839583897,64,0.69122314,-72.79205,328.59192,56.622314,-131.59637,376.58844,
1394396051863021397,64,0.69122314,-72.79205,328.59192,56.622314,-131.59637,376.58844,
1394396051878646397,64,-0.17242432,-73.3078,329.43268,56.622314,-131.59637,376.58844,
1394396051902083897,64,0.3463745,-72.44873,328.92914,56.622314,-131.59637,376.58844,
1394396051917708897,64,0.3463745,-72.44873,328.92914,56.622314,-131.59637,376.58844,
1394396051941146397,64,0.3463745,-72.79205,329.60205,56.622314,-131.59637,376.58844,
1394396051964583897,64,-0.17242432,-72.27783,328.7613,56.622314,-131.59637,376.58844,
1394396051980208897,64,-0.17242432,-72.27783,328.7613,56.622314,-131.59637,376.58844,
1394396052003646397,64,0.86364746,-72.96448,329.7699,56.622314,-131.59637,376.58844,
1394396052027083897,64,0.0,-73.4787,328.59192,56.622314,-131.59637,376.58844,
1394396052042708897,64,0.0,-73.4787,328.59192,56.622314,-131.59637,376.58844,
1394396052058333897,64,-0.3463745,-73.82202,327.92053,56.622314,-131.59637,376.58844,
1394396052081771397,64,-1.3824463,-73.4787,328.59192,56.622314,-131.59637,376.58844,
1394396052097396397,64,-1.3824463,-73.4787,328.59192,56.622314,-131.59637,376.58844,
1394396052120833897,64,-0.17242432,-72.621155,328.7613,56.622314,-131.59637,376.58844,
1394396052144271397,64,0.86364746,-72.621155,328.7613,56.622314,-131.59637,376.58844,
1394396052159896397,64,0.86364746,-72.621155,328.7613,56.622314,-131.59637,376.58844,
1394396052183333897,64,1.0375977,-73.135376,328.25623,56.622314,-131.59637,376.58844,
1394396052198958897,64,0.0,-74.165344,328.25623,56.622314,-131.59637,376.58844,
1394396052222396397,64,0.0,-74.165344,328.25623,56.622314,-131.59637,376.58844,
1394396052238021397,64,1.210022,-72.96448,329.7699,56.622314,-131.59637,376.58844,
1394396052261458897,64,1.0375977,-73.135376,329.26483,56.622314,-131.59637,376.58844,
1394396052277083897,64,1.0375977,-73.135376,329.26483,56.622314,-131.59637,376.58844,
1394396052300521397,64,1.3824463,-74.165344,327.92053,56.622314,-131.59637,376.58844,
1394396052323958897,64,0.3463745,-73.135376,330.27496,56.622314,-131.59637,376.58844,
1394396052339583897,64,0.3463745,-73.135376,330.27496,56.622314,-131.59637,376.58844,
1394396052363021397,64,0.69122314,-72.10541,328.92914,56.622314,-131.59637,376.58844,
1394396052378646397,64,0.17242432,-73.3078,329.097,56.622314,-131.59637,376.58844,
1394396052402083897,64,0.17242432,-73.3078,329.097,56.622314,-131.59637,376.58844,
1394396052417708897,64,0.3463745,-72.44873,327.5833,56.622314,-131.59637,376.58844,
1394396052441146397,64,1.0375977,-72.10541,330.94635,56.622314,-131.59637,376.58844,
1394396052456771397,64,1.0375977,-72.10541,330.94635,56.622314,-131.59637,376.58844,
1394396052480208897,64,1.210022,-71.59119,328.7613,56.622314,-131.59637,376.58844,
1394396052503646397,64,1.3824463,-74.165344,329.60205,56.622314,-131.59637,376.58844,
1394396052519271397,64,1.3824463,-74.165344,329.60205,56.622314,-131.59637,376.58844,
1394396052542708897,64,0.0,-73.82202,327.92053,56.622314,-131.59637,376.58844,
1394396052558333897,64,-0.86364746,-71.93451,330.4428,56.622314,-131.59637,376.58844,
1394396052581771397,64,-0.86364746,-71.93451,330.4428,56.622314,-131.59637,376.58844,
1394396052597396397,64,0.5187988,-73.65112,329.43268,56.622314,-131.59637,376.58844,
1394396052620833897,64,0.0,-74.50867,329.26483,56.622314,-131.59637,376.58844,
1394396052636458897,64,0.0,-74.50867,329.26483,56.622314,-131.59637,376.58844,
1394396052659896397,64,-0.5187988,-73.65112,328.7613,56.622314,-131.59637,376.58844,
1394396052683333897,64,0.0,-73.82202,329.26483,56.622314,-131.59637,376.58844,
1394396052698958897,64,0.0,-73.82202,329.26483,56.622314,-131.59637,376.58844,
1394396052722396397,64,-1.210022,-74.33777,330.1056,56.622314,-131.59637,376.58844,
1394396052738021397,64,0.5187988,-72.621155,329.097,56.622314,-131.59637,376.58844,
1394396052761458897,64,0.5187988,-72.621155,329.097,56.622314,-131.59637,376.58844,
1394396052777083897,64,1.3824463,-73.82202,329.93774,56.622314,-131.59637,376.58844,
1394396052800521397,64,-0.17242432,-72.27783,329.097,56.622314,-131.59637,376.58844,
1394396052816146397,64,-0.17242432,-72.27783,329.097,56.622314,-131.59637,376.58844,
1394396052839583897,64,1.5563965,-72.621155,328.42407,56.622314,-131.59637,376.58844,
1394396052863021397,64,1.3824463,-73.135376,328.92914,56.622314,-131.59637,376.58844,
1394396052878646397,64,1.3824463,-73.135376,328.92914,56.622314,-131.59637,376.58844,
1394396052902083897,64,0.5187988,-72.96448,328.08838,56.622314,-131.59637,376.58844,
1394396052925521397,64,0.0,-74.50867,329.26483,56.622314,-131.59637,376.58844,
1394396052941146397,64,0.0,-74.50867,329.26483,56.622314,-131.59637,376.58844,
1394396052956771397,64,0.69122314,-73.135376,329.26483,56.622314,-131.59637,376.58844,
1394396052980208897,64,1.210022,-74.33777,330.1056,56.622314,-131.59637,376.58844,
1394396052995833897,64,1.210022,-74.33777,330.1056,56.622314,-131.59637,376.58844,
1394396053019271397,64,0.69122314,-74.85199,329.93774,56.622314,-131.59637,376.58844,
1394396053042708897,64,-0.5187988,-74.33777,328.7613,56.622314,-131.59637,376.58844,
1394396053058333897,64,-0.5187988,-74.33777,328.7613,56.622314,-131.59637,376.58844,
1394396053081771397,64,-0.3463745,-74.165344,328.59192,56.622314,-131.59637,376.58844,
1394396053097396397,64,0.0,-74.85199,328.25623,56.622314,-131.59637,376.58844,
1394396053120833897,64,0.0,-74.85199,328.25623,56.622314,-131.59637,376.58844,
1394396053136458897,64,1.0375977,-74.85199,328.59192,56.622314,-131.59637,376.58844,
1394396053159896397,64,1.0375977,-73.4787,329.60205,56.622314,-131.59637,376.58844,
1394396053175521397,64,1.0375977,-73.4787,329.60205,56.622314,-131.59637,376.58844,
1394396053198958897,64,-0.5187988,-73.65112,328.7613,56.622314,-131.59637,376.58844,
1394396053222396397,64,0.0,-74.85199,328.59192,56.622314,-131.59637,376.58844,
1394396053238021397,64,0.0,-74.85199,328.59192,56.622314,-131.59637,376.58844,
1394396053261458897,64,0.3463745,-74.50867,329.26483,56.622314,-131.59637,376.58844,
1394396053277083897,64,-0.17242432,-73.994446,329.43268,56.622314,-131.59637,376.58844,
1394396053300521397,64,-0.17242432,-73.994446,329.43268,56.622314,-131.59637,376.58844,
1394396053316146397,64,-1.210022,-75.36774,328.7613,56.622314,-131.59637,376.58844,
1394396053339583897,64,0.86364746,-72.621155,327.75116,56.622314,-131.59637,376.58844,
1394396053355208897,64,0.86364746,-72.621155,327.75116,56.622314,-131.59637,376.58844,
1394396053378646397,64,-0.5187988,-73.65112,329.43268,56.622314,-131.59637,376.58844,
1394396053402083897,64,-1.7288208,-74.85199,328.59192,56.622314,-131.59637,376.58844,
1394396053417708897,64,-1.7288208,-74.85199,328.59192,56.622314,-131.59637,376.58844,
1394396053441146397,64,0.17242432,-73.65112,329.7699,56.622314,-131.59637,376.58844,
1394396053456771397,64,-0.5187988,-75.71106,328.7613,56.622314,-131.59637,376.58844,
1394396053480208897,64,-0.5187988,-75.71106,328.7613,56.622314,-131.59637,376.58844,
1394396053495833897,64,-0.17242432,-74.68109,329.097,56.622314,-131.59637,376.58844,
1394396053519271397,64,-0.3463745,-74.50867,328.92914,56.622314,-131.59637,376.58844,
1394396053534896397,64,-0.3463745,-74.50867,328.92914,56.622314,-131.59637,376.58844,
1394396053558333897,64,-1.7288208,-73.135376,329.60205,56.622314,-131.59637,376.58844,
1394396053581771397,64,0.5187988,-73.994446,327.75116,56.622314,-131.59637,376.58844,
1394396053597396397,64,0.5187988,-73.994446,327.75116,56.622314,-131.59637,376.58844,
1394396053620833897,64,-0.5187988,-74.33777,328.42407,56.622314,-131.59637,376.58844,
1394396053636458897,64,-0.17242432,-75.024414,329.097,56.622314,-131.59637,376.58844,
1394396053659896397,64,-0.17242432,-75.024414,329.097,56.622314,-131.59637,376.58844,
1394396053683333897,64,0.86364746,-75.71106,328.7613,56.622314,-131.59637,376.58844,
1394396053698958897,64,1.210022,-74.33777,328.7613,56.622314,-131.59637,376.58844,
1394396053714583897,64,1.210022,-74.33777,328.7613,56.622314,-131.59637,376.58844,
1394396053738021397,64,1.0375977,-74.50867,328.59192,56.622314,-131.59637,376.58844,
1394396053761458897,64,1.3824463,-75.19531,328.59192,56.622314,-131.59637,376.58844,
1394396053777083897,64,1.3824463,-75.19531,328.59192,56.622314,-131.59637,376.58844,
1394396053800521397,64,0.3463745,-73.135376,329.60205,56.622314,-131.59637,376.58844,
1394396053816146397,64,0.17242432,-74.33777,328.08838,56.622314,-131.59637,376.58844,
1394396053839583897,64,0.17242432,-74.33777,328.08838,56.622314,-131.59637,376.58844,
1394396053855208897,64,-0.5187988,-75.024414,329.097,56.622314,-131.59637,376.58844,
1394396053878646397,64,0.86364746,-73.65112,327.07977,56.622314,-131.59637,376.58844,
1394396053894271397,64,0.86364746,-73.65112,327.07977,56.622314,-131.59637,376.58844,
1394396053917708897,64,0.69122314,-75.19531,328.25623,56.622314,-131.59637,376.58844,
1394396053941146397,64,0.5187988,-73.994446,328.08838,56.622314,-131.59637,376.58844,
1394396053964583897,64,0.5187988,-73.994446,328.08838,56.622314,-131.59637,376.58844,
1394396053980208897,64,0.17242432,-73.3078,328.42407,56.622314,-131.59637,376.58844,
1394396053995833897,64,0.5187988,-75.71106,327.75116,56.622314,-131.59637,376.58844,
1394396054019271397,64,0.5187988,-75.71106,327.75116,56.622314,-131.59637,376.58844,
1394396054034896397,64,0.0,-73.135376,328.25623,56.622314,-131.59637,376.58844,
1394396054058333897,64,1.210022,-74.33777,327.07977,56.622314,-131.59637,376.58844,
1394396054073958897,64,1.210022,-74.33777,327.07977,56.622314,-131.59637,376.58844,
1394396054105208897,64,-0.17242432,-73.65112,326.74255,56.622314,-131.59637,376.58844,
1394396054120833897,64,0.86364746,-72.621155,327.41547,56.622314,-131.59637,376.58844,
1394396054136458897,64,0.86364746,-72.621155,327.41547,56.622314,-131.59637,376.58844,
1394396054159896397,64,0.5187988,-73.3078,327.75116,56.622314,-131.59637,376.58844,
1394396054175521397,64,0.5187988,-71.59119,326.74255,56.622314,-131.59637,376.58844,
1394396054198958897,64,0.5187988,-71.59119,326.74255,56.622314,-131.59637,376.58844,
1394396054222396397,64,-0.86364746,-73.994446,325.73395,56.622314,-131.59637,376.58844,
1394396054238021397,64,1.210022,-72.27783,326.74255,56.622314,-131.59637,376.58844,
1394396054253646397,64,1.210022,-72.27783,326.74255,56.622314,-131.59637,376.58844,
1394396054277083897,64,1.0375977,-72.79205,327.5833,56.622314,-131.59637,376.58844,
1394396054300521397,64,1.210022,-72.621155,328.08838,56.622314,-131.59637,376.58844,
1394396054316146397,64,1.210022,-72.621155,328.08838,56.622314,-131.59637,376.58844,
1394396054339583897,64,0.86364746,-73.65112,327.07977,56.622314,-131.59637,376.58844,
1394396054355208897,64,0.86364746,-73.3078,328.08838,56.622314,-131.59637,376.58844,
1394396054378646397,64,0.86364746,-73.3078,328.08838,56.622314,-131.59637,376.58844,
1394396054394271397,64,1.7288208,-73.135376,326.9104,56.622314,-131.59637,376.58844,
1394396054417708897,64,-1.0375977,-74.165344,327.24762,56.622314,-131.59637,376.58844,
1394396054433333897,64,-1.0375977,-74.165344,327.24762,56.622314,-131.59637,376.58844,
1394396054456771397,64,1.0375977,-73.4787,327.24762,56.622314,-131.59637,376.58844,
1394396054480208897,64,0.3463745,-73.4787,326.5747,56.622314,-131.59637,376.58844,
1394396054495833897,64,0.3463745,-73.4787,326.5747,56.622314,-131.59637,376.58844,
1394396054519271397,64,-0.3463745,-73.135376,326.239,56.622314,-131.59637,376.58844,
1394396054534896397,64,-0.69122314,-73.82202,326.239,56.622314,-131.59637,376.58844,
1394396054558333897,64,-0.69122314,-73.82202,326.239,56.622314,-131.59637,376.58844,
1394396054573958897,64,0.0,-74.165344,326.9104,56.622314,-131.59637,376.58844,
1394396054597396397,64,1.210022,-73.3078,326.40686,56.622314,-131.59637,376.58844,
1394396054620833897,64,1.210022,-73.3078,326.40686,56.622314,-131.59637,376.58844,
1394396054636458897,64,0.69122314,-72.10541,325.5661,56.622314,-131.59637,376.58844,
1394396054659896397,64,0.69122314,-71.762085,324.8932,56.622314,-131.59637,376.58844,
1394396054683333897,64,0.69122314,-71.762085,324.8932,56.622314,-131.59637,376.58844,
1394396054714583897,64,2.0736694,-73.4787,327.24762,56.622314,-131.59637,376.58844,
1394396054738021397,64,2.0736694,-73.4787,327.24762,56.622314,-131.59637,376.58844,
1394396054753646397,64,-0.5187988,-72.27783,325.73395,56.622314,-131.59637,376.58844,
1394396054777083897,64,0.69122314,-72.10541,324.8932,56.622314,-131.59637,376.58844,
1394396054792708897,64,0.69122314,-72.10541,324.8932,56.622314,-131.59637,376.58844,
1394396054823958897,64,0.0,-72.10541,325.5661,56.622314,-131.59637,376.58844,
1394396054839583897,64,0.3463745,-72.44873,324.8932,56.622314,-131.59637,376.58844,
1394396054855208897,64,0.3463745,-72.44873,324.8932,56.622314,-131.59637,376.58844,
1394396054878646397,64,0.69122314,-72.79205,324.55597,56.622314,-131.59637,376.58844,
1394396054902083897,64,-0.69122314,-72.10541,324.55597,56.622314,-131.59637,376.58844,
1394396054917708897,64,-0.69122314,-72.10541,324.55597,56.622314,-131.59637,376.58844,
1394396054933333897,64,0.69122314,-72.79205,325.22888,56.622314,-131.59637,376.58844,
1394396054956771397,64,1.0375977,-71.762085,325.5661,56.622314,-131.59637,376.58844,
1394396054972396397,64,1.0375977,-71.762085,325.5661,56.622314,-131.59637,376.58844,
1394396054995833897,64,-0.17242432,-72.96448,325.73395,56.622314,-131.59637,376.58844,
1394396055019271397,64,0.0,-72.79205,324.22028,56.622314,-131.59637,376.58844,
1394396055034896397,64,0.0,-72.79205,324.22028,56.622314,-131.59637,376.58844,
1394396055058333897,64,-0.17242432,-71.93451,323.04382,56.622314,-131.59637,376.58844,
1394396055073958897,64,0.3463745,-72.44873,324.8932,56.622314,-131.59637,376.58844,
1394396055097396397,64,0.3463745,-72.44873,324.8932,56.622314,-131.59637,376.58844,
1394396055113021397,64,-0.69122314,-73.82202,324.8932,56.622314,-131.59637,376.58844,
1394396055136458897,64,0.17242432,-72.96448,324.38812,56.622314,-131.59637,376.58844,
1394396055152083897,64,0.17242432,-72.96448,324.38812,56.622314,-131.59637,376.58844,
1394396055175521397,64,-0.17242432,-72.96448,324.72534,56.622314,-131.59637,376.58844,
1394396055198958897,64,-0.3463745,-72.79205,324.8932,56.622314,-131.59637,376.58844,
1394396055214583897,64,-0.3463745,-72.79205,324.8932,56.622314,-131.59637,376.58844,
1394396055238021397,64,0.69122314,-74.165344,325.22888,56.622314,-131.59637,376.58844,
1394396055261458897,64,0.17242432,-72.27783,324.72534,56.622314,-131.59637,376.58844,
1394396055292708897,64,-0.17242432,-73.3078,324.05243,56.622314,-131.59637,376.58844,
1394396055316146397,64,-1.0375977,-73.82202,324.22028,56.622314,-131.59637,376.58844,
1394396055339583897,64,-1.0375977,-73.82202,324.22028,56.622314,-131.59637,376.58844,
1394396055355208897,64,-1.7288208,-71.762085,325.5661,56.622314,-131.59637,376.58844,
1394396055378646397,64,-1.7288208,-72.44873,325.22888,56.622314,-131.59637,376.58844,
1394396055394271397,64,-1.7288208,-72.44873,325.22888,56.622314,-131.59637,376.58844,
1394396055417708897,64,-2.0736694,-74.165344,325.9018,56.622314,-131.59637,376.58844,
1394396055433333897,64,0.0,-72.44873,326.239,56.622314,-131.59637,376.58844,
1394396055456771397,64,0.0,-72.44873,326.239,56.622314,-131.59637,376.58844,
1394396055472396397,64,-1.210022,-72.27783,326.06964,56.622314,-131.59637,376.58844,
1394396055495833897,64,-1.9012451,-73.994446,325.39673,56.622314,-131.59637,376.58844,
1394396055511458897,64,-1.9012451,-73.994446,325.39673,56.622314,-131.59637,376.58844,
1394396055534896397,64,-1.7288208,-72.44873,324.55597,56.622314,-131.59637,376.58844,
1394396055558333897,64,-1.3824463,-72.10541,323.21167,56.622314,-131.59637,376.58844,
1394396055573958897,64,-1.3824463,-72.10541,323.21167,56.622314,-131.59637,376.58844,
1394396055597396397,64,-1.0375977,-73.135376,324.22028,56.622314,-131.59637,376.58844,
1394396055613021397,64,-1.3824463,-73.4787,323.54736,56.622314,-131.59637,376.58844,
1394396055636458897,64,-1.3824463,-73.4787,323.54736,56.622314,-131.59637,376.58844,
1394396055652083897,64,-2.2476196,-71.24634,324.38812,56.622314,-131.59637,376.58844,
1394396055675521397,64,-2.0736694,-72.79205,322.53876,56.622314,-131.59637,376.58844,
1394396055691146397,64,-2.0736694,-72.79205,322.53876,56.622314,-131.59637,376.58844,
1394396055714583897,64,-2.2476196,-72.27783,322.7066,56.622314,-131.59637,376.58844,
1394396055738021397,64,-0.69122314,-72.44873,323.54736,56.622314,-131.59637,376.58844,
1394396055753646397,64,-0.69122314,-72.44873,323.54736,56.622314,-131.59637,376.58844,
1394396055769271397,64,-2.420044,-73.135376,322.53876,56.622314,-131.59637,376.58844,
1394396055792708897,64,-2.2476196,-71.59119,323.04382,56.622314,-131.59637,376.58844,
1394396055816146397,64,-2.2476196,-71.59119,323.04382,56.622314,-131.59637,376.58844,
1394396055839583897,64,-2.5924683,-72.96448,324.05243,56.622314,-131.59637,376.58844,
1394396055855208897,64,-0.17242432,-73.3078,321.698,56.622314,-131.59637,376.58844,
1394396055870833897,64,-0.17242432,-73.3078,321.698,56.622314,-131.59637,376.58844,
1394396055894271397,64,-2.0736694,-72.10541,322.87445,56.622314,-131.59637,376.58844,
1394396055917708897,64,-2.0736694,-72.44873,322.87445,56.622314,-131.59637,376.58844,
1394396055956771397,64,-2.5924683,-71.59119,324.72534,56.622314,-131.59637,376.58844,
1394396055980208897,64,-0.86364746,-72.96448,322.3709,56.622314,-131.59637,376.58844,
1394396055995833897,64,-0.86364746,-72.96448,322.3709,56.622314,-131.59637,376.58844,
1394396056011458897,64,-1.7288208,-71.762085,322.20306,56.622314,-131.59637,376.58844,
1394396056034896397,64,-2.420044,-71.762085,322.53876,56.622314,-131.59637,376.58844,
1394396056050521397,64,-2.420044,-71.762085,322.53876,56.622314,-131.59637,376.58844,
1394396056081771397,64,-2.7648926,-71.762085,322.87445,56.622314,-131.59637,376.58844,
1394396056097396397,64,-2.7648926,-71.41876,321.86584,56.622314,-131.59637,376.58844,
1394396056113021397,64,-2.7648926,-71.41876,321.86584,56.622314,-131.59637,376.58844,
1394396056136458897,64,-2.420044,-71.07544,322.20306,56.622314,-131.59637,376.58844,
1394396056152083897,64,-2.7648926,-71.41876,321.19293,56.622314,-131.59637,376.58844,
1394396056175521397,64,-2.7648926,-71.41876,321.19293,56.622314,-131.59637,376.58844,
1394396056198958897,64,-2.420044,-73.82202,322.87445,56.622314,-131.59637,376.58844,
1394396056238021397,64,-2.9388428,-71.24634,321.698,56.622314,-131.59637,376.58844,
1394396056261458897,64,-3.630066,-72.621155,321.698,56.622314,-131.59637,376.58844,
1394396056277083897,64,-2.420044,-72.79205,320.85724,56.622314,-131.59637,376.58844,
1394396056292708897,64,-2.420044,-72.79205,320.85724,56.622314,-131.59637,376.58844,
1394396056316146397,64,-1.9012451,-70.903015,321.0251,56.622314,-131.59637,376.58844,
1394396056331771397,64,-4.321289,-72.96448,321.698,56.622314,-131.59637,376.58844,
1394396056355208897,64,-4.321289,-72.96448,321.698,56.622314,-131.59637,376.58844,
1394396056370833897,64,-2.7648926,-72.10541,320.52002,56.622314,-131.59637,376.58844,
1394396056394271397,64,-3.8024902,-72.44873,321.19293,56.622314,-131.59637,376.58844,
1394396056409896397,64,-3.8024902,-72.44873,321.19293,56.622314,-131.59637,376.58844,
1394396056425521397,64,-3.111267,-73.135376,319.5114,56.622314,-131.59637,376.58844,
1394396056456771397,64,-3.4576416,-72.44873,320.52002,56.622314,-131.59637,376.58844,
1394396056472396397,64,-3.4576416,-72.44873,320.52002,56.622314,-131.59637,376.58844,
1394396056495833897,64,-3.9749146,-71.24634,321.36078,56.622314,-131.59637,376.58844,
1394396056519271397,64,-3.2836914,-72.621155,320.01648,56.622314,-131.59637,376.58844,
1394396056534896397,64,-3.2836914,-72.621155,320.01648,56.622314,-131.59637,376.58844,
1394396056550521397,64,-5.012512,-73.65112,320.6894,56.622314,-131.59637,376.58844,
1394396056573958897,64,-3.8024902,-72.79205,320.52002,56.622314,-131.59637,376.58844,
1394396056589583897,64,-3.8024902,-72.79205,320.52002,56.622314,-131.59637,376.58844,
1394396056620833897,64,-3.630066,-72.621155,319.34357,56.622314,-131.59637,376.58844,
1394396056636458897,64,-5.531311,-72.79205,321.19293,56.622314,-131.59637,376.58844,
1394396056652083897,64,-5.531311,-72.79205,321.19293,56.622314,-131.59637,376.58844,
1394396056675521397,64,-4.321289,-72.621155,320.01648,56.622314,-131.59637,376.58844,
1394396056691146397,64,-1.9012451,-73.3078,319.34357,56.622314,-131.59637,376.58844,
1394396056714583897,64,-1.9012451,-73.3078,319.34357,56.622314,-131.59637,376.58844,
1394396056730208897,64,-3.630066,-72.621155,319.34357,56.622314,-131.59637,376.58844,
1394396056753646397,64,-6.222534,-71.762085,318.5028,56.622314,-131.59637,376.58844,
1394396056777083897,64,-6.222534,-71.762085,318.5028,56.622314,-131.59637,376.58844,
1394396056792708897,64,-3.8024902,-73.135376,318.8385,56.622314,-131.59637,376.58844,
1394396056816146397,64,-3.9749146,-72.96448,318.67065,56.622314,-131.59637,376.58844,
1394396056839583897,64,-3.9749146,-72.96448,318.67065,56.622314,-131.59637,376.58844,
1394396056855208897,64,-3.2836914,-71.93451,318.67065,56.622314,-131.59637,376.58844,
1394396056870833897,64,-5.1849365,-72.79205,318.5028,56.622314,-131.59637,376.58844,
1394396056894271397,64,-5.1849365,-72.79205,318.5028,56.622314,-131.59637,376.58844,
1394396056909896397,64,-4.6676636,-71.93451,319.67926,56.622314,-131.59637,376.58844,
1394396056933333897,64,-3.111267,-72.10541,318.5028,56.622314,-131.59637,376.58844,
1394396056948958897,64,-3.111267,-72.10541,318.5028,56.622314,-131.59637,376.58844,
1394396056972396397,64,-4.321289,-72.96448,319.34357,56.622314,-131.59637,376.58844,
1394396056995833897,64,-3.8024902,-72.44873,319.5114,56.622314,-131.59637,376.58844,
1394396057011458897,64,-3.8024902,-72.44873,319.5114,56.622314,-131.59637,376.58844,
1394396057034896397,64,-6.05011,-72.96448,318.67065,56.622314,-131.59637,376.58844,
1394396057058333897,64,-4.4937134,-75.19531,319.5114,56.622314,-131.59637,376.58844,
1394396057073958897,64,-4.4937134,-75.19531,319.5114,56.622314,-131.59637,376.58844,
1394396057089583897,64,-5.8776855,-72.79205,319.17572,56.622314,-131.59637,376.58844,
1394396057113021397,64,-5.531311,-72.79205,317.4942,56.622314,-131.59637,376.58844,
1394396057128646397,64,-5.531311,-72.79205,317.4942,56.622314,-131.59637,376.58844,
1394396057159896397,64,-5.7037354,-72.96448,319.34357,56.622314,-131.59637,376.58844,
1394396057175521397,64,-5.3588867,-72.27783,319.34357,56.622314,-131.59637,376.58844,
1394396057191146397,64,-5.3588867,-72.27783,319.34357,56.622314,-131.59637,376.58844,
1394396057214583897,64,-6.741333,-73.65112,319.34357,56.622314,-131.59637,376.58844,
1394396057230208897,64,-6.05011,-73.3078,319.67926,56.622314,-131.59637,376.58844,
1394396057253646397,64,-6.05011,-73.3078,319.67926,56.622314,-131.59637,376.58844,
1394396057269271397,64,-7.6049805,-72.44873,316.48407,56.622314,-131.59637,376.58844,
1394396057292708897,64,-6.9137573,-72.79205,317.4942,56.622314,-131.59637,376.58844,
1394396057308333897,64,-6.9137573,-72.79205,317.4942,56.622314,-131.59637,376.58844,
1394396057331771397,64,-5.531311,-72.10541,316.8213,56.622314,-131.59637,376.58844,
1394396057355208897,64,-6.05011,-73.3078,318.33496,56.622314,-131.59637,376.58844,
1394396057370833897,64,-6.05011,-73.3078,318.33496,56.622314,-131.59637,376.58844,
1394396057394271397,64,-6.741333,-72.621155,315.6433,56.622314,-131.59637,376.58844,
1394396057409896397,64,-7.432556,-72.27783,315.6433,56.622314,-131.59637,376.58844,
1394396057433333897,64,-7.432556,-72.27783,315.6433,56.622314,-131.59637,376.58844,
1394396057456771397,64,-6.741333,-70.55969,316.65344,56.622314,-131.59637,376.58844,
1394396057472396397,64,-7.0861816,-72.96448,316.98914,56.622314,-131.59637,376.58844,
1394396057488021397,64,-7.0861816,-72.96448,316.98914,56.622314,-131.59637,376.58844,
1394396057511458897,64,-5.8776855,-72.44873,317.15698,56.622314,-131.59637,376.58844,
1394396057534896397,64,-6.9137573,-73.135376,316.48407,56.622314,-131.59637,376.58844,
1394396057550521397,64,-6.9137573,-73.135376,316.48407,56.622314,-131.59637,376.58844,
1394396057566146397,64,-5.8776855,-73.82202,315.47546,56.622314,-131.59637,376.58844,
1394396057581771397,64,-7.0861816,-72.621155,316.31622,56.622314,-131.59637,376.58844,
1394396057613021397,64,-7.0861816,-72.621155,316.31622,56.622314,-131.59637,376.58844,
1394396057628646397,64,-8.123779,-72.27783,315.30762,56.622314,-131.59637,376.58844,
1394396057652083897,64,-5.531311,-72.10541,314.46686,56.622314,-131.59637,376.58844,
1394396057667708897,64,-5.531311,-72.10541,314.46686,56.622314,-131.59637,376.58844,
1394396057691146397,64,-6.5689087,-73.135376,314.80255,56.622314,-131.59637,376.58844,
1394396057714583897,64,-7.0861816,-73.3078,314.97192,56.622314,-131.59637,376.58844,
1394396057738021397,64,-7.0861816,-73.3078,314.97192,56.622314,-131.59637,376.58844,
1394396057753646397,64,-6.741333,-71.59119,314.6347,56.622314,-131.59637,376.58844,
1394396057769271397,64,-6.9137573,-72.10541,315.13977,56.622314,-131.59637,376.58844,
1394396057792708897,64,-6.9137573,-72.10541,315.13977,56.622314,-131.59637,376.58844,
1394396057808333897,64,-6.222534,-71.41876,314.13116,56.622314,-131.59637,376.58844,
1394396057831771397,64,-7.951355,-70.73212,314.80255,56.622314,-131.59637,376.58844,
1394396057855208897,64,-7.951355,-70.73212,314.80255,56.622314,-131.59637,376.58844,
1394396057870833897,64,-7.432556,-72.96448,312.9532,56.622314,-131.59637,376.58844,
1394396057894271397,64,-7.6049805,-72.44873,313.45825,56.622314,-131.59637,376.58844,
1394396057909896397,64,-7.6049805,-72.44873,313.45825,56.622314,-131.59637,376.58844,
1394396057933333897,64,-7.260132,-72.79205,313.79395,56.622314,-131.59637,376.58844,
1394396057948958897,64,-6.9137573,-70.73212,313.12103,56.622314,-131.59637,376.58844,
1394396057972396397,64,-6.9137573,-70.73212,313.12103,56.622314,-131.59637,376.58844,
1394396057988021397,64,-8.470154,-71.24634,314.6347,56.622314,-131.59637,376.58844,
1394396058011458897,64,-8.123779,-70.21637,313.6261,56.622314,-131.59637,376.58844,
1394396058027083897,64,-8.123779,-70.21637,313.6261,56.622314,-131.59637,376.58844,
1394396058050521397,64,-9.680176,-71.07544,314.80255,56.622314,-131.59637,376.58844,
1394396058073958897,64,-9.506226,-71.59119,312.9532,56.622314,-131.59637,376.58844,
1394396058089583897,64,-9.506226,-71.59119,312.9532,56.622314,-131.59637,376.58844,
1394396058113021397,64,-8.988953,-71.07544,312.44812,56.622314,-131.59637,376.58844,
1394396058128646397,64,-8.815002,-69.87305,314.299,56.622314,-131.59637,376.58844,
1394396058152083897,64,-8.815002,-69.87305,314.299,56.622314,-131.59637,376.58844,
1394396058167708897,64,-9.333801,-70.388794,313.45825,56.622314,-131.59637,376.58844,
1394396058191146397,64,-9.333801,-70.73212,312.78534,56.622314,-131.59637,376.58844,
1394396058206771397,64,-9.333801,-70.73212,312.78534,56.622314,-131.59637,376.58844,
1394396058230208897,64,-11.062622,-69.70215,313.12103,56.622314,-131.59637,376.58844,
1394396058253646397,64,-10.025024,-70.388794,313.45825,56.622314,-131.59637,376.58844,
1394396058269271397,64,-10.025024,-70.388794,313.45825,56.622314,-131.59637,376.58844,
1394396058292708897,64,-11.235046,-70.21637,311.60736,56.622314,-131.59637,376.58844,
1394396058316146397,64,-9.506226,-68.84308,312.6175,56.622314,-131.59637,376.58844,
1394396058331771397,64,-9.506226,-68.84308,312.6175,56.622314,-131.59637,376.58844,
1394396058355208897,64,-9.680176,-70.388794,312.11243,56.622314,-131.59637,376.58844,
1394396058370833897,64,-10.716248,-70.04547,312.44812,56.622314,-131.59637,376.58844,
1394396058394271397,64,-10.716248,-70.04547,312.44812,56.622314,-131.59637,376.58844,
1394396058425521397,64,-10.716248,-71.07544,311.77673,56.622314,-131.59637,376.58844,
1394396058448958897,64,-10.716248,-71.07544,311.77673,56.622314,-131.59637,376.58844,
1394396058472396397,64,-10.371399,-71.41876,311.77673,56.622314,-131.59637,376.58844,
1394396058488021397,64,-10.198975,-70.55969,310.59875,56.622314,-131.59637,376.58844,
1394396058511458897,64,-10.198975,-70.55969,310.59875,56.622314,-131.59637,376.58844,
1394396058527083897,64,-10.716248,-70.73212,310.7666,56.622314,-131.59637,376.58844,
1394396058550521397,64,-9.161377,-71.24634,311.94458,56.622314,-131.59637,376.58844,
1394396058566146397,64,-9.161377,-71.24634,311.94458,56.622314,-131.59637,376.58844,
1394396058589583897,64,-11.581421,-71.59119,310.93597,56.622314,-131.59637,376.58844,
1394396058605208897,64,-11.407471,-70.04547,312.78534,56.622314,-131.59637,376.58844,
1394396058628646397,64,-11.407471,-70.04547,312.78534,56.622314,-131.59637,376.58844,
1394396058644271397,64,-11.062622,-72.10541,312.44812,56.622314,-131.59637,376.58844,
1394396058667708897,64,-10.198975,-72.621155,311.27167,56.622314,-131.59637,376.58844,
1394396058691146397,64,-10.198975,-72.621155,311.27167,56.622314,-131.59637,376.58844,
1394396058706771397,64,-11.235046,-71.93451,312.28027,56.622314,-131.59637,376.58844,
1394396058730208897,64,-10.890198,-72.621155,311.60736,56.622314,-131.59637,376.58844,
1394396058745833897,64,-10.890198,-72.621155,311.60736,56.622314,-131.59637,376.58844,
1394396058769271397,64,-12.10022,-73.4787,312.11243,56.622314,-131.59637,376.58844,
1394396058784896397,64,-11.235046,-72.27783,310.93597,56.622314,-131.59637,376.58844,
1394396058808333897,64,-11.235046,-72.27783,310.93597,56.622314,-131.59637,376.58844,
1394396058823958897,64,-11.062622,-73.82202,312.11243,56.622314,-131.59637,376.58844,
1394396058847396397,64,-11.92627,-71.93451,311.60736,56.622314,-131.59637,376.58844,
1394396058870833897,64,-11.92627,-71.93451,311.60736,56.622314,-131.59637,376.58844,
1394396058894271397,64,-11.753845,-72.44873,311.4395,56.622314,-131.59637,376.58844,
1394396058909896397,64,-11.753845,-72.44873,312.11243,56.622314,-131.59637,376.58844,
1394396058925521397,64,-11.753845,-72.44873,312.11243,56.622314,-131.59637,376.58844,
1394396058948958897,64,-13.310242,-73.994446,310.59875,56.622314,-131.59637,376.58844,
1394396058972396397,64,-12.445068,-73.135376,310.4309,56.622314,-131.59637,376.58844,
1394396058988021397,64,-12.445068,-73.135376,310.4309,56.622314,-131.59637,376.58844,
1394396059003646397,64,-12.617493,-72.621155,310.26306,56.622314,-131.59637,376.58844,
1394396059019271397,64,-12.617493,-72.96448,310.93597,56.622314,-131.59637,376.58844,
1394396059050521397,64,-12.617493,-72.96448,310.93597,56.622314,-131.59637,376.58844,
1394396059066146397,64,-12.445068,-73.82202,311.4395,56.622314,-131.59637,376.58844,
1394396059089583897,64,-12.963867,-72.621155,312.9532,56.622314,-131.59637,376.58844,
1394396059105208897,64,-12.963867,-72.621155,312.9532,56.622314,-131.59637,376.58844,
1394396059128646397,64,-12.272644,-71.93451,310.59875,56.622314,-131.59637,376.58844,
1394396059144271397,64,-12.791443,-72.79205,310.4309,56.622314,-131.59637,376.58844,
1394396059175521397,64,-12.791443,-72.79205,310.4309,56.622314,-131.59637,376.58844,
1394396059206771397,64,-12.617493,-73.65112,310.26306,56.622314,-131.59637,376.58844,
1394396059230208897,64,-12.617493,-73.65112,310.26306,56.622314,-131.59637,376.58844,
1394396059245833897,64,-13.310242,-72.621155,309.92584,56.622314,-131.59637,376.58844,
1394396059269271397,64,-13.827515,-72.10541,310.0952,56.622314,-131.59637,376.58844,
1394396059292708897,64,-13.827515,-72.10541,310.0952,56.622314,-131.59637,376.58844,
1394396059308333897,64,-14.692688,-73.994446,309.25446,56.622314,-131.59637,376.58844,
1394396059331771397,64,-13.1362915,-72.10541,308.41217,56.622314,-131.59637,376.58844,
1394396059347396397,64,-13.1362915,-72.10541,308.41217,56.622314,-131.59637,376.58844,
1394396059363021397,64,-12.963867,-72.96448,308.58154,56.622314,-131.59637,376.58844,
1394396059394271397,64,-12.963867,-73.3078,308.24432,56.622314,-131.59637,376.58844,
1394396059409896397,64,-12.963867,-73.3078,308.24432,56.622314,-131.59637,376.58844,
1394396059433333897,64,-13.65509,-72.621155,309.92584,56.622314,-131.59637,376.58844,
1394396059448958897,64,-12.445068,-74.165344,309.4223,56.622314,-131.59637,376.58844,
1394396059464583897,64,-12.445068,-74.165344,309.4223,56.622314,-131.59637,376.58844,
1394396059488021397,64,-12.617493,-73.65112,309.25446,56.622314,-131.59637,376.58844,
1394396059503646397,64,-13.827515,-72.44873,309.4223,56.622314,-131.59637,376.58844,
1394396059527083897,64,-13.827515,-72.44873,309.4223,56.622314,-131.59637,376.58844,
1394396059542708897,64,-14.346313,-72.621155,308.91724,56.622314,-131.59637,376.58844,
1394396059566146397,64,-14.520264,-72.10541,308.7494,56.622314,-131.59637,376.58844,
1394396059589583897,64,-14.520264,-72.10541,308.7494,56.622314,-131.59637,376.58844,
1394396059605208897,64,-14.346313,-72.27783,309.25446,56.622314,-131.59637,376.58844,
1394396059628646397,64,-14.173889,-72.10541,308.7494,56.622314,-131.59637,376.58844,
1394396059644271397,64,-14.173889,-72.10541,308.7494,56.622314,-131.59637,376.58844,
1394396059667708897,64,-15.72876,-71.59119,308.91724,56.622314,-131.59637,376.58844,
1394396059683333897,64,-14.865112,-71.762085,310.0952,56.622314,-131.59637,376.58844,
1394396059714583897,64,-14.865112,-71.762085,310.0952,56.622314,-131.59637,376.58844,
1394396059753646397,64,-14.520264,-71.07544,309.758,56.622314,-131.59637,376.58844,
1394396059769271397,64,-14.520264,-71.07544,309.758,56.622314,-131.59637,376.58844,
1394396059784896397,64,-15.72876,-70.903015,307.23572,56.622314,-131.59637,376.58844,
1394396059800521397,64,-14.520264,-71.07544,310.4309,56.622314,-131.59637,376.58844,
1394396059823958897,64,-14.520264,-71.07544,310.4309,56.622314,-131.59637,376.58844,
1394396059847396397,64,-15.383911,-70.55969,309.92584,56.622314,-131.59637,376.58844,
1394396059863021397,64,-14.346313,-69.87305,309.25446,56.622314,-131.59637,376.58844,
1394396059886458897,64,-14.346313,-69.87305,309.25446,56.622314,-131.59637,376.58844,
1394396059902083897,64,-15.211487,-69.70215,307.06787,56.622314,-131.59637,376.58844,
1394396059933333897,64,-17.45758,-70.21637,309.59015,56.622314,-131.59637,376.58844,
1394396059948958897,64,-17.45758,-70.21637,309.59015,56.622314,-131.59637,376.58844,
1394396059972396397,64,-15.037537,-70.21637,308.91724,56.622314,-131.59637,376.58844,
1394396059988021397,64,-16.247559,-70.388794,311.10382,56.622314,-131.59637,376.58844,
1394396060003646397,64,-16.247559,-70.388794,311.10382,56.622314,-131.59637,376.58844,
1394396060019271397,64,-15.556335,-71.07544,310.0952,56.622314,-131.59637,376.58844,
1394396060042708897,64,-15.383911,-70.21637,309.92584,56.622314,-131.59637,376.58844,
1394396060073958897,64,-15.383911,-70.21637,309.92584,56.622314,-131.59637,376.58844,
1394396060097396397,64,-16.938782,-70.388794,308.7494,56.622314,-131.59637,376.58844,
1394396060128646397,64,-16.938782,-70.388794,308.7494,56.622314,-131.59637,376.58844,
1394396060144271397,64,-17.285156,-71.07544,307.74078,56.622314,-131.59637,376.58844,
1394396060167708897,64,-16.075134,-69.87305,309.59015,56.622314,-131.59637,376.58844,
1394396060183333897,64,-16.075134,-69.87305,309.59015,56.622314,-131.59637,376.58844,
1394396060206771397,64,-16.766357,-69.87305,308.24432,56.622314,-131.59637,376.58844,
1394396060230208897,64,-16.247559,-70.73212,308.41217,56.622314,-131.59637,376.58844,
1394396060245833897,64,-16.247559,-70.73212,308.41217,56.622314,-131.59637,376.58844,
1394396060261458897,64,-15.90271,-70.73212,308.41217,56.622314,-131.59637,376.58844,
1394396060284896397,64,-15.72876,-71.59119,310.26306,56.622314,-131.59637,376.58844,
1394396060308333897,64,-15.72876,-71.59119,310.26306,56.622314,-131.59637,376.58844,
1394396060331771397,64,-17.45758,-71.59119,309.25446,56.622314,-131.59637,376.58844,
1394396060347396397,64,-17.45758,-71.24634,308.24432,56.622314,-131.59637,376.58844,
1394396060370833897,64,-17.45758,-71.24634,308.24432,56.622314,-131.59637,376.58844,
1394396060386458897,64,-15.90271,-72.10541,309.08508,56.622314,-131.59637,376.58844,
1394396060409896397,64,-16.075134,-71.59119,309.92584,56.622314,-131.59637,376.58844,
1394396060425521397,64,-16.075134,-71.59119,309.92584,56.622314,-131.59637,376.58844,
1394396060441146397,64,-15.556335,-71.762085,309.08508,56.622314,-131.59637,376.58844,
1394396060472396397,64,-16.766357,-71.59119,309.25446,56.622314,-131.59637,376.58844,
1394396060488021397,64,-16.766357,-71.59119,309.25446,56.622314,-131.59637,376.58844,
1394396060503646397,64,-17.112732,-71.59119,309.59015,56.622314,-131.59637,376.58844,
1394396060527083897,64,-15.037537,-72.621155,310.59875,56.622314,-131.59637,376.58844,
1394396060550521397,64,-15.037537,-72.621155,310.59875,56.622314,-131.59637,376.58844,
1394396060566146397,64,-16.938782,-72.79205,309.4223,56.622314,-131.59637,376.58844,
1394396060589583897,64,-15.556335,-70.04547,309.08508,56.622314,-131.59637,376.58844,
1394396060605199861,64,-15.556335,-70.04547,309.08508,56.622314,-131.59637,376.58844,
1394396060620824861,64,-16.247559,-71.41876,309.4223,56.622314,-131.59637,376.58844,
1394396060644262361,64,-16.766357,-73.3078,309.92584,56.622314,-131.59637,376.58844,
1394396060667699861,64,-16.766357,-73.3078,309.92584,56.622314,-131.59637,376.58844,
1394396060706762361,64,-16.938782,-71.41876,309.08508,56.622314,-131.59637,376.58844,
1394396060722387361,64,-16.938782,-71.41876,309.08508,56.622314,-131.59637,376.58844,
1394396060745824861,64,-15.556335,-71.07544,309.08508,56.622314,-131.59637,376.58844,
1394396060761449861,64,-16.938782,-71.41876,308.7494,56.622314,-131.59637,376.58844,
1394396060777074861,64,-16.938782,-71.41876,308.7494,56.622314,-131.59637,376.58844,
1394396060800512361,64,-16.938782,-72.10541,310.0952,56.622314,-131.59637,376.58844,
1394396060823949861,64,-17.45758,-72.96448,308.91724,56.622314,-131.59637,376.58844,
1394396060839574861,64,-17.45758,-72.96448,308.91724,56.622314,-131.59637,376.58844,
1394396060870824861,64,-16.938782,-72.10541,308.41217,56.622314,-131.59637,376.58844,
1394396060886449861,64,-15.72876,-72.96448,308.58154,56.622314,-131.59637,376.58844,
1394396060902074861,64,-15.72876,-72.96448,308.58154,56.622314,-131.59637,376.58844,
1394396060925512361,64,-16.421509,-72.621155,309.59015,56.622314,-131.59637,376.58844,
1394396060941137361,64,-15.383911,-72.96448,308.91724,56.622314,-131.59637,376.58844,
1394396060956762361,64,-15.383911,-72.96448,308.91724,56.622314,-131.59637,376.58844,
1394396060980199861,64,-16.421509,-72.96448,308.91724,56.622314,-131.59637,376.58844,
