1396206966497,$GPGSA,A,1,,,,,,,,,,,,,,,*1E
1396206966498,$GPVTG,,T,,M,,N,,K,N*2C
1396206966498,$GPRMC,,V,,,,,,,,,,N*53
1396206966498,$GPGGA,,,,,,0,,,,,,,,*66
1396206966770,$GPGSV,5,1,19,01,00,000,,14,29,113,,16,20,196,,20,37,288,*76
1396206966771,$GPGSV,5,2,19,23,16,303,,25,22,043,,29,16,080,,31,71,018,*79
1396206966771,$GPGSV,5,3,19,32,52,232,,74,12,047,,66,48,314,,76,47,258,*76
1396206966772,$GPGSV,5,4,19,75,60,015,,65,63,198,,84,11,059,,83,05,011,*78
1396206966772,$GPGSV,5,5,19,85,03,102,,67,00,000,,72,14,164,*4E
1396206966773,$GPGSA,A,1,,,,,,,,,,,,,,,*1E
1396206966773,$GPVTG,,T,,M,,N,,K,N*2C
1396206966773,$GPRMC,,V,,,,,,,,,,N*53
1396206966774,$GPGGA,,,,,,0,,,,,,,,*66
1396206967497,$GPGSA,A,1,,,,,,,,,,,,,,,*1E
1396206967498,$GPVTG,,T,,M,,N,,K,N*2C
1396206967498,$GPRMC,,V,,,,,,,,,,N*53
1396206967499,$GPGGA,,,,,,0,,,,,,,,*66
1396206967770,$GPGSV,5,1,19,01,00,000,,14,29,113,,16,20,196,,20,37,288,*76
1396206967770,$GPGSV,5,2,19,23,16,303,,25,22,043,,29,16,080,,31,71,018,*79
1396206967770,$GPGSV,5,3,19,32,52,232,,74,12,047,,66,48,314,,76,47,258,*76
1396206967770,$GPGSV,5,4,19,75,60,015,,65,63,198,,84,11,059,,83,05,011,*78
1396206967770,$GPGSV,5,5,19,85,03,102,,67,00,000,,72,14,164,*4E
1396206967770,$GPGSA,A,1,,,,,,,,,,,,,,,*1E
1396206967771,$GPVTG,,T,,M,,N,,K,N*2C
1396206967771,$GPRMC,,V,,,,,,,,,,N*53
1396206967771,$GPGGA,,,,,,0,,,,,,,,*66
1396206968498,$GPGSA,A,1,,,,,,,,,,,,,,,*1E
1396206968499,$GPVTG,,T,,M,,N,,K,N*2C
1396206968499,$GPRMC,,V,,,,,,,,,,N*53
1396206968500,$GPGGA,,,,,,0,,,,,,,,*66
1396206968771,$GPGSV,5,1,19,01,00,000,,14,29,113,,16,20,196,,20,37,288,*76
1396206968771,$GPGSV,5,2,19,23,16,303,,25,22,043,,29,16,080,,31,71,018,*79
1396206968772,$GPGSV,5,3,19,32,52,232,,74,12,047,,66,48,314,,76,47,258,*76
1396206968786,$GPGSV,5,4,19,75,60,015,,65,63,198,,84,11,059,,83,05,011,*78
1396206968786,$GPGSV,5,5,19,85,03,102,,67,00,000,,72,14,164,*4E
1396206968787,$GPGSA,A,1,,,,,,,,,,,,,,,*1E
1396206968788,$GPVTG,,T,,M,,N,,K,N*2C
1396206968790,$GPRMC,,V,,,,,,,,,,N*53
1396206968791,$GPGGA,,,,,,0,,,,,,,,*66
1396206969498,$GPGSA,A,1,,,,,,,,,,,,,,,*1E
1396206969498,$GPVTG,,T,,M,,N,,K,N*2C
1396206969499,$GPRMC,,V,,,,,,,,,,N*53
1396206969499,$GPGGA,,,,,,0,,,,,,,,*66
1396206969770,$GPGSV,5,1,19,01,00,000,,14,29,113,,16,20,196,,20,37,288,*76
1396206969770,$GPGSV,5,2,19,23,16,303,,25,22,043,,29,16,080,,31,71,018,*79
1396206969770,$GPGSV,5,3,19,32,52,232,,74,12,047,,66,48,314,,76,47,258,*76
1396206969770,$GPGSV,5,4,19,75,60,015,,65,63,198,,84,11,059,,83,05,011,*78
1396206969771,$GPGSV,5,5,19,85,03,102,,67,00,000,,72,14,164,*4E
1396206969771,$GPGSA,A,1,,,,,,,,,,,,,,,*1E
1396206969771,$GPVTG,,T,,M,,N,,K,N*2C
1396206969771,$GPRMC,,V,,,,,,,,,,N*53
1396206969771,$GPGGA,,,,,,0,,,,,,,,*66
1396206970498,$GPGSA,A,1,,,,,,,,,,,,,,,*1E
1396206970499,$GPVTG,,T,,M,,N,,K,N*2C
1396206970499,$GPRMC,,V,,,,,,,,,,N*53
1396206970499,$GPGGA,,,,,,0,,,,,,,,*66
1396206970771,$GPGSV,5,1,19,01,00,000,,14,29,113,,16,20,196,,20,37,288,*76
1396206970771,$GPGSV,5,2,19,23,16,303,,25,22,043,,29,16,080,,31,71,018,*79
1396206970772,$GPGSV,5,3,19,32,52,232,,74,12,047,,66,48,314,,76,47,258,*76
1396206970773,$GPGSV,5,4,19,75,60,015,,65,63,198,,84,11,059,,83,05,011,*78
1396206970775,$GPGSV,5,5,19,85,03,102,,67,00,000,,72,14,164,*4E
1396206970777,$GPGSA,A,1,,,,,,,,,,,,,,,*1E
1396206970778,$GPVTG,,T,,M,,N,,K,N*2C
1396206970778,$GPRMC,,V,,,,,,,,,,N*53
1396206970779,$GPGGA,,,,,,0,,,,,,,,*66
1396206971498,$GPGSA,A,1,,,,,,,,,,,,,,,*1E
1396206971498,$GPVTG,,T,,M,,N,,K,N*2C
1396206971498,$GPRMC,,V,,,,,,,,,,N*53
1396206971498,$GPGGA,,,,,,0,,,,,,,,*66
1396206971771,$GPGSV,5,1,19,01,00,000,,14,29,113,,16,20,196,,20,37,288,*76
1396206971771,$GPGSV,5,2,19,23,16,303,,25,22,043,,29,16,080,,31,71,018,*79
1396206971771,$GPGSV,5,3,19,32,52,232,,74,12,047,,66,48,314,,76,47,258,*76
1396206971772,$GPGSV,5,4,19,75,60,015,,65,63,198,,84,11,059,,83,05,011,*78
1396206971772,$GPGSV,5,5,19,85,03,102,,67,00,000,,72,14,164,*4E
1396206971772,$GPGSA,A,1,,,,,,,,,,,,,,,*1E
1396206971773,$GPVTG,,T,,M,,N,,K,N*2C
1396206971773,$GPRMC,,V,,,,,,,,,,N*53
1396206971773,$GPGGA,,,,,,0,,,,,,,,*66
1396206972498,$GPGSA,A,1,,,,,,,,,,,,,,,*1E
1396206972499,$GPVTG,,T,,M,,N,,K,N*2C
1396206972499,$GPRMC,,V,,,,,,,,,,N*53
1396206972500,$GPGGA,,,,,,0,,,,,,,,*66
1396206972771,$GPGSV,5,1,19,01,00,000,,14,29,113,,16,20,196,,20,37,288,*76
1396206972772,$GPGSV,5,2,19,23,16,303,,25,22,043,,29,16,080,,31,71,018,*79
1396206972773,$GPGSV,5,3,19,32,52,232,,74,12,047,,66,48,314,,76,47,258,*76
1396206972773,$GPGSV,5,4,19,75,60,015,,65,63,198,,84,11,059,,83,05,011,*78
1396206972774,$GPGSV,5,5,19,85,03,102,,67,00,000,,72,14,164,*4E
1396206972774,$GPGSA,A,1,,,,,,,,,,,,,,,*1E
1396206972774,$GPVTG,,T,,M,,N,,K,N*2C
1396206972775,$GPRMC,,V,,,,,,,,,,N*53
1396206972775,$GPGGA,,,,,,0,,,,,,,,*66
1396206973498,$GPGSA,A,1,,,,,,,,,,,,,,,*1E
1396206973498,$GPVTG,,T,,M,,N,,K,N*2C
1396206973499,$GPRMC,,V,,,,,,,,,,N*53
1396206973499,$GPGGA,,,,,,0,,,,,,,,*66
1396206973771,$GPGSV,5,1,19,01,00,000,,14,29,113,,16,20,196,,20,37,288,*76
1396206973772,$GPGSV,5,2,19,23,16,303,,25,22,043,,29,16,080,,31,71,018,*79
1396206973773,$GPGSV,5,3,19,32,52,232,,74,12,047,,66,48,314,,76,47,258,*76
1396206973773,$GPGSV,5,4,19,75,60,015,,65,63,198,,84,11,059,,83,05,011,*78
1396206973774,$GPGSV,5,5,19,85,03,102,,67,00,000,,72,14,164,*4E
1396206973779,$GPGSA,A,1,,,,,,,,,,,,,,,*1E
1396206973780,$GPVTG,,T,,M,,N,,K,N*2C
1396206973781,$GPRMC,,V,,,,,,,,,,N*53
1396206973782,$GPGGA,,,,,,0,,,,,,,,*66
1396206974499,$GPGSA,A,1,,,,,,,,,,,,,,,*1E
1396206974502,$GPVTG,,T,,M,,N,,K,N*2C
1396206974508,$GPRMC,,V,,,,,,,,,,N*53
1396206974508,$GPGGA,,,,,,0,,,,,,,,*66
1396206974771,$GPGSV,5,1,19,01,00,000,,14,29,113,,16,20,196,,20,37,288,*76
1396206974772,$GPGSV,5,2,19,23,16,303,,25,22,043,,29,16,080,,31,71,018,*79
1396206974773,$GPGSV,5,3,19,32,52,232,,74,12,047,,66,48,314,,76,47,258,*76
1396206974773,$GPGSV,5,4,19,75,60,015,,65,63,198,,84,11,059,,83,05,011,*78
1396206974774,$GPGSV,5,5,19,85,03,102,,67,00,000,,72,14,164,*4E
1396206974775,$GPGSA,A,1,,,,,,,,,,,,,,,*1E
1396206974776,$GPVTG,,T,,M,,N,,K,N*2C
1396206974776,$GPRMC,,V,,,,,,,,,,N*53
1396206974776,$GPGGA,,,,,,0,,,,,,,,*66
1396206975498,$GPGSA,A,1,,,,,,,,,,,,,,,*1E
1396206975499,$GPVTG,,T,,M,,N,,K,N*2C
1396206975500,$GPRMC,,V,,,,,,,,,,N*53
1396206975500,$GPGGA,,,,,,0,,,,,,,,*66
1396206975770,$GPGSV,5,1,19,01,00,000,,14,29,113,,16,20,196,,20,37,288,*76
1396206975771,$GPGSV,5,2,19,23,16,303,,25,22,043,,29,16,080,,31,71,018,*79
1396206975771,$GPGSV,5,3,19,32,52,232,,74,12,047,,66,48,314,,76,47,258,*76
1396206975771,$GPGSV,5,4,19,75,60,015,,65,63,198,,84,11,059,,83,05,011,*78
1396206975771,$GPGSV,5,5,19,85,03,102,,67,00,000,,72,14,164,*4E
1396206975771,$GPGSA,A,1,,,,,,,,,,,,,,,*1E
1396206975771,$GPVTG,,T,,M,,N,,K,N*2C
1396206975771,$GPRMC,,V,,,,,,,,,,N*53
1396206975772,$GPGGA,,,,,,0,,,,,,,,*66
1396206976498,$GPGSA,A,1,,,,,,,,,,,,,,,*1E
1396206976498,$GPVTG,,T,,M,,N,,K,N*2C
1396206976499,$GPRMC,,V,,,,,,,,,,N*53
1396206976499,$GPGGA,,,,,,0,,,,,,,,*66
1396206976771,$GPGSV,5,1,19,01,00,000,,14,29,113,,16,20,196,,20,37,288,*76
1396206976771,$GPGSV,5,2,19,23,16,303,,25,22,043,,29,16,080,,31,71,018,*79
1396206976772,$GPGSV,5,3,19,32,52,232,,74,12,047,,66,48,314,,76,47,258,*76
1396206976772,$GPGSV,5,4,19,75,60,015,,65,63,198,,84,11,059,,83,05,011,*78
1396206976772,$GPGSV,5,5,19,85,03,102,,67,00,000,,72,14,164,*4E
1396206976773,$GPGSA,A,1,,,,,,,,,,,,,,,*1E
1396206976773,$GPVTG,,T,,M,,N,,K,N*2C
1396206976773,$GPRMC,,V,,,,,,,,,,N*53
1396206976773,$GPGGA,,,,,,0,,,,,,,,*66
1396206977498,$GPGSA,A,1,,,,,,,,,,,,,,,*1E
1396206977499,$GPVTG,,T,,M,,N,,K,N*2C
1396206977499,$GPRMC,,V,,,,,,,,,,N*53
1396206977499,$GPGGA,,,,,,0,,,,,,,,*66
1396206977771,$GPGSV,5,1,19,01,00,000,,14,29,113,,16,20,196,,20,37,288,*76
1396206977771,$GPGSV,5,2,19,23,16,303,,25,22,043,,29,16,080,,31,71,018,*79
1396206977771,$GPGSV,5,3,19,32,52,232,,74,12,047,,66,48,314,,76,47,258,*76
1396206977771,$GPGSV,5,4,19,75,60,015,,65,63,198,,84,11,059,,83,05,011,*78
1396206977771,$GPGSV,5,5,19,85,03,102,,67,00,000,,72,14,164,*4E
1396206977771,$GPGSA,A,1,,,,,,,,,,,,,,,*1E
1396206977771,$GPVTG,,T,,M,,N,,K,N*2C
1396206977772,$GPRMC,,V,,,,,,,,,,N*53
1396206977772,$GPGGA,,,,,,0,,,,,,,,*66
1396206978498,$GPGSA,A,1,,,,,,,,,,,,,,,*1E
1396206978499,$GPVTG,,T,,M,,N,,K,N*2C
1396206978499,$GPRMC,,V,,,,,,,,,,N*53
1396206978499,$GPGGA,,,,,,0,,,,,,,,*66
1396206978771,$GPGSV,5,1,19,01,00,000,,14,29,113,,16,20,196,,20,37,288,*76
1396206978771,$GPGSV,5,2,19,23,16,303,,25,22,043,,29,16,080,,31,71,018,*79
1396206978771,$GPGSV,5,3,19,32,52,232,,74,12,047,,66,48,314,,76,47,258,*76
1396206978771,$GPGSV,5,4,19,75,60,015,,65,63,198,,84,11,059,,83,05,011,*78
1396206978771,$GPGSV,5,5,19,85,03,102,,67,00,000,,72,14,164,*4E
1396206978771,$GPGSA,A,1,,,,,,,,,,,,,,,*1E
1396206978772,$GPVTG,,T,,M,,N,,K,N*2C
1396206978774,$GPRMC,,V,,,,,,,,,,N*53
1396206978774,$GPGGA,,,,,,0,,,,,,,,*66
1396206979499,$GPGSA,A,1,,,,,,,,,,,,,,,*1E
1396206979499,$GPVTG,,T,,M,,N,,K,N*2C
1396206979501,$GPRMC,,V,,,,,,,,,,N*53
1396206979501,$GPGGA,,,,,,0,,,,,,,,*66
1396206979771,$GPGSV,5,1,19,01,00,000,,14,29,113,,16,20,196,,20,37,288,*76
1396206979772,$GPGSV,5,2,19,23,16,303,,25,22,043,,29,16,080,,31,71,018,*79
1396206979772,$GPGSV,5,3,19,32,52,232,,74,12,047,,66,48,314,,76,47,258,*76
1396206979773,$GPGSV,5,4,19,75,60,015,,65,63,198,,84,11,059,,83,05,011,*78
1396206979773,$GPGSV,5,5,19,85,03,102,,67,00,000,,72,14,164,*4E
1396206979773,$GPGSA,A,1,,,,,,,,,,,,,,,*1E
1396206979774,$GPVTG,,T,,M,,N,,K,N*2C
1396206979774,$GPRMC,,V,,,,,,,,,,N*53
1396206979775,$GPGGA,,,,,,0,,,,,,,,*66
1396206980500,$GPGSA,A,1,,,,,,,,,,,,,,,*1E
1396206980509,$GPVTG,,T,,M,,N,,K,N*2C
1396206980510,$GPRMC,,V,,,,,,,,,,N*53
1396206980510,$GPGGA,,,,,,0,,,,,,,,*66
1396206980772,$GPGSV,5,1,19,01,00,000,,14,29,113,,16,20,196,,20,37,288,*76
1396206980772,$GPGSV,5,2,19,23,16,303,,25,22,043,,29,16,080,,31,71,018,*79
1396206980773,$GPGSV,5,3,19,32,52,232,,74,12,047,,66,48,314,,76,47,258,*76
1396206980773,$GPGSV,5,4,19,75,60,015,,65,63,198,,84,11,059,,83,05,011,*78
1396206980774,$GPGSV,5,5,19,85,03,102,,67,00,000,,72,14,164,*4E
1396206980777,$GPGSA,A,1,,,,,,,,,,,,,,,*1E
1396206980778,$GPVTG,,T,,M,,N,,K,N*2C
1396206980778,$GPRMC,,V,,,,,,,,,,N*53
1396206980779,$GPGGA,,,,,,0,,,,,,,,*66
1396206981499,$GPGSA,A,1,,,,,,,,,,,,,,,*1E
1396206981501,$GPVTG,,T,,M,,N,,K,N*2C
1396206981503,$GPRMC,,V,,,,,,,,,,N*53
1396206981504,$GPGGA,,,,,,0,,,,,,,,*66
1396206981771,$GPGSV,5,1,19,01,00,000,,14,29,113,,16,20,196,,20,37,288,*76
1396206981771,$GPGSV,5,2,19,23,16,303,,25,22,043,,29,16,080,,31,71,018,*79
1396206981776,$GPGSV,5,3,19,32,52,232,,74,12,047,,66,48,314,,76,47,258,*76
1396206981776,$GPGSV,5,4,19,75,60,015,,65,63,198,,84,11,059,,83,05,011,*78
1396206981776,$GPGSV,5,5,19,85,03,102,,67,00,000,,72,14,164,*4E
1396206981777,$GPGSA,A,1,,,,,,,,,,,,,,,*1E
1396206981777,$GPVTG,,T,,M,,N,,K,N*2C
1396206981777,$GPRMC,,V,,,,,,,,,,N*53
1396206981779,$GPGGA,,,,,,0,,,,,,,,*66
1396206982498,$GPGSA,A,1,,,,,,,,,,,,,,,*1E
1396206982500,$GPVTG,,T,,M,,N,,K,N*2C
1396206982500,$GPRMC,,V,,,,,,,,,,N*53
1396206982500,$GPGGA,,,,,,0,,,,,,,,*66
1396206982772,$GPGSV,5,1,19,01,00,000,,14,29,113,,16,20,196,,20,37,288,*76
1396206982773,$GPGSV,5,2,19,23,16,303,,25,22,043,,29,16,080,,31,71,018,*79
1396206982773,$GPGSV,5,3,19,32,52,232,,74,12,047,,66,48,314,,76,47,258,*76
1396206982774,$GPGSV,5,4,19,75,60,015,,65,63,198,,84,11,059,,83,05,011,*78
1396206982777,$GPGSV,5,5,19,85,03,102,,67,00,000,,72,14,164,*4E
1396206982778,$GPGSA,A,1,,,,,,,,,,,,,,,*1E
1396206982779,$GPVTG,,T,,M,,N,,K,N*2C
1396206982779,$GPRMC,,V,,,,,,,,,,N*53
1396206982781,$GPGGA,,,,,,0,,,,,,,,*66
1396206983499,$GPGSA,A,1,,,,,,,,,,,,,,,*1E
1396206983500,$GPVTG,,T,,M,,N,,K,N*2C
1396206983500,$GPRMC,,V,,,,,,,,,,N*53
1396206983501,$GPGGA,,,,,,0,,,,,,,,*66
1396206983771,$GPGSV,5,1,19,01,00,000,,14,29,113,,16,20,196,,20,37,288,*76
1396206983771,$GPGSV,5,2,19,23,16,303,,25,22,043,,29,16,080,,31,71,018,*79
1396206983771,$GPGSV,5,3,19,32,52,232,,74,12,047,,66,48,314,,76,47,258,*76
1396206983771,$GPGSV,5,4,19,75,60,015,,65,63,198,,84,11,059,,83,05,011,*78
1396206983771,$GPGSV,5,5,19,85,03,102,,67,00,000,,72,14,164,*4E
1396206983772,$GPGSA,A,1,,,,,,,,,,,,,,,*1E
1396206983772,$GPVTG,,T,,M,,N,,K,N*2C
1396206983772,$GPRMC,,V,,,,,,,,,,N*53
1396206983772,$GPGGA,,,,,,0,,,,,,,,*66
1396206984499,$GPGSA,A,1,,,,,,,,,,,,,,,*1E
1396206984499,$GPVTG,,T,,M,,N,,K,N*2C
1396206984500,$GPRMC,,V,,,,,,,,,,N*53
1396206984500,$GPGGA,,,,,,0,,,,,,,,*66
1396206984771,$GPGSV,5,1,19,01,00,000,,14,29,113,,16,20,196,,20,37,288,*76
1396206984773,$GPGSV,5,2,19,23,16,303,,25,22,043,,29,16,080,,31,71,018,*79
1396206984774,$GPGSV,5,3,19,32,52,232,,74,12,047,,66,48,314,,76,47,258,*76
1396206984774,$GPGSV,5,4,19,75,60,015,,65,63,198,,84,11,059,,83,05,011,*78
1396206984775,$GPGSV,5,5,19,85,03,102,,67,00,000,,72,14,164,*4E
1396206984777,$GPGSA,A,1,,,,,,,,,,,,,,,*1E
1396206984777,$GPVTG,,T,,M,,N,,K,N*2C
1396206984777,$GPRMC,,V,,,,,,,,,,N*53
1396206984777,$GPGGA,,,,,,0,,,,,,,,*66
1396206985499,$GPGSA,A,1,,,,,,,,,,,,,,,*1E
1396206985503,$GPVTG,,T,,M,,N,,K,N*2C
1396206985504,$GPRMC,,V,,,,,,,,,,N*53
1396206985504,$GPGGA,,,,,,0,,,,,,,,*66
1396206985771,$GPGSV,5,1,19,01,00,000,,14,29,113,,16,20,196,,20,37,288,*76
1396206985771,$GPGSV,5,2,19,23,16,303,,25,22,043,,29,16,080,,31,71,018,*79
1396206985771,$GPGSV,5,3,19,32,52,232,,74,12,047,,66,48,314,,76,47,258,*76
1396206985772,$GPGSV,5,4,19,75,60,015,,65,63,198,,84,11,059,,83,05,011,*78
1396206985772,$GPGSV,5,5,19,85,03,102,,67,00,000,,72,14,164,*4E
1396206985772,$GPGSA,A,1,,,,,,,,,,,,,,,*1E
1396206985772,$GPVTG,,T,,M,,N,,K,N*2C
1396206985773,$GPRMC,,V,,,,,,,,,,N*53
1396206985773,$GPGGA,,,,,,0,,,,,,,,*66
1396206986499,$GPGSA,A,1,,,,,,,,,,,,,,,*1E
1396206986500,$GPVTG,,T,,M,,N,,K,N*2C
1396206986500,$GPRMC,,V,,,,,,,,,,N*53
1396206986501,$GPGGA,,,,,,0,,,,,,,,*66
1396206986773,$GPGSV,5,1,19,01,00,000,,14,29,113,,16,20,196,,20,37,288,*76
1396206986774,$GPGSV,5,2,19,23,16,303,,25,22,043,,29,16,080,,31,71,018,*79
1396206986774,$GPGSV,5,3,19,32,52,232,,74,12,047,,66,48,314,,76,47,258,*76
1396206986775,$GPGSV,5,4,19,75,60,015,,65,63,198,,84,11,059,,83,05,011,*78
1396206986778,$GPGSV,5,5,19,85,03,102,,67,00,000,,72,14,164,*4E
1396206986779,$GPGSA,A,1,,,,,,,,,,,,,,,*1E
1396206986780,$GPVTG,,T,,M,,N,,K,N*2C
1396206986780,$GPRMC,,V,,,,,,,,,,N*53
1396206986781,$GPGGA,,,,,,0,,,,,,,,*66
1396206987499,$GPGSA,A,1,,,,,,,,,,,,,,,*1E
1396206987499,$GPVTG,,T,,M,,N,,K,N*2C
1396206987499,$GPRMC,,V,,,,,,,,,,N*53
1396206987500,$GPGGA,,,,,,0,,,,,,,,*66
1396206987771,$GPGSV,5,1,19,01,00,000,,14,29,113,,16,20,196,,20,37,288,*76
1396206987772,$GPGSV,5,2,19,23,16,303,,25,22,043,,29,16,080,,31,71,018,*79
1396206987772,$GPGSV,5,3,19,32,52,232,,74,12,047,,66,48,314,,76,47,258,*76
1396206987772,$GPGSV,5,4,19,75,60,015,,65,63,198,,84,11,059,,83,05,011,*78
1396206987773,$GPGSV,5,5,19,85,03,102,,67,00,000,,72,14,164,*4E
1396206987773,$GPGSA,A,1,,,,,,,,,,,,,,,*1E
1396206987773,$GPVTG,,T,,M,,N,,K,N*2C
1396206987773,$GPRMC,,V,,,,,,,,,,N*53
1396206987773,$GPGGA,,,,,,0,,,,,,,,*66
1396206988499,$GPGSA,A,1,,,,,,,,,,,,,,,*1E
1396206988499,$GPVTG,,T,,M,,N,,K,N*2C
1396206988501,$GPRMC,,V,,,,,,,,,,N*53
1396206988502,$GPGGA,,,,,,0,,,,,,,,*66
1396206988771,$GPGSV,5,1,19,01,00,000,,14,29,113,,16,20,196,,20,37,288,*76
1396206988771,$GPGSV,5,2,19,23,16,303,,25,22,043,,29,16,080,,31,71,018,*79
1396206988772,$GPGSV,5,3,19,32,52,232,,74,12,047,,66,48,314,,76,47,258,*76
1396206988772,$GPGSV,5,4,19,75,60,015,,65,63,198,,84,11,059,,83,05,011,*78
1396206988772,$GPGSV,5,5,19,85,03,102,,67,00,000,,72,14,164,*4E
1396206988772,$GPGSA,A,1,,,,,,,,,,,,,,,*1E
1396206988774,$GPVTG,,T,,M,,N,,K,N*2C
1396206988774,$GPRMC,,V,,,,,,,,,,N*53
1396206988774,$GPGGA,,,,,,0,,,,,,,,*66
1396206989499,$GPGSA,A,1,,,,,,,,,,,,,,,*1E
1396206989499,$GPVTG,,T,,M,,N,,K,N*2C
1396206989499,$GPRMC,,V,,,,,,,,,,N*53
1396206989500,$GPGGA,,,,,,0,,,,,,,,*66
1396206989772,$GPGSV,5,1,19,01,00,000,,14,29,113,,16,20,196,,20,37,288,*76
1396206989772,$GPGSV,5,2,19,23,16,303,,25,22,043,,29,16,080,,31,71,018,*79
1396206989773,$GPGSV,5,3,19,32,52,232,,74,12,047,,66,48,314,,76,47,258,*76
1396206989775,$GPGSV,5,4,19,75,60,015,,65,63,198,,84,11,059,,83,05,011,*78
1396206989775,$GPGSV,5,5,19,85,03,102,,67,00,000,,72,14,164,*4E
1396206989776,$GPGSA,A,1,,,,,,,,,,,,,,,*1E
1396206989776,$GPVTG,,T,,M,,N,,K,N*2C
1396206989776,$GPRMC,,V,,,,,,,,,,N*53
1396206989776,$GPGGA,,,,,,0,,,,,,,,*66
1396206990499,$GPGSA,A,1,,,,,,,,,,,,,,,*1E
1396206990500,$GPVTG,,T,,M,,N,,K,N*2C
1396206990500,$GPRMC,,V,,,,,,,,,,N*53
1396206990501,$GPGGA,,,,,,0,,,,,,,,*66
1396206990772,$GPGSV,5,1,19,01,00,000,,14,29,113,,16,20,196,,20,37,288,*76
1396206990773,$GPGSV,5,2,19,23,16,303,,25,22,043,,29,16,080,,31,71,018,*79
1396206990773,$GPGSV,5,3,19,32,52,232,,74,12,047,,66,48,314,,76,47,258,*76
1396206990774,$GPGSV,5,4,19,75,60,015,,65,63,198,,84,11,059,,83,05,011,*78
1396206990774,$GPGSV,5,5,19,85,03,102,,67,00,000,,72,14,164,*4E
1396206990775,$GPGSA,A,1,,,,,,,,,,,,,,,*1E
1396206990775,$GPVTG,,T,,M,,N,,K,N*2C
1396206990776,$GPRMC,,V,,,,,,,,,,N*53
1396206990776,$GPGGA,,,,,,0,,,,,,,,*66
1396206991499,$GPGSA,A,1,,,,,,,,,,,,,,,*1E
1396206991500,$GPVTG,,T,,M,,N,,K,N*2C
1396206991500,$GPRMC,,V,,,,,,,,,,N*53
1396206991500,$GPGGA,,,,,,0,,,,,,,,*66
1396206991772,$GPGSV,5,1,19,01,00,000,,14,29,113,,16,20,196,,20,37,288,*76
1396206991772,$GPGSV,5,2,19,23,16,303,,25,22,043,,29,16,080,,31,71,018,*79
1396206991772,$GPGSV,5,3,19,32,52,232,,74,12,047,,66,48,314,,76,47,258,*76
1396206991772,$GPGSV,5,4,19,75,60,015,,65,63,198,,84,11,059,,83,05,011,*78
1396206991772,$GPGSV,5,5,19,85,03,102,,67,00,000,,72,14,164,*4E
1396206991772,$GPGSA,A,1,,,,,,,,,,,,,,,*1E
1396206991773,$GPVTG,,T,,M,,N,,K,N*2C
1396206991773,$GPRMC,,V,,,,,,,,,,N*53
1396206991773,$GPGGA,,,,,,0,,,,,,,,*66
1396206992499,$GPGSA,A,1,,,,,,,,,,,,,,,*1E
1396206992500,$GPVTG,,T,,M,,N,,K,N*2C
1396206992500,$GPRMC,,V,,,,,,,,,,N*53
1396206992500,$GPGGA,,,,,,0,,,,,,,,*66
1396206992773,$GPGSV,5,1,19,01,00,000,,14,29,113,,16,20,196,,20,37,288,*76
1396206992773,$GPGSV,5,2,19,23,16,303,,25,22,043,,29,16,080,,31,71,018,*79
1396206992773,$GPGSV,5,3,19,32,52,232,,74,12,047,,66,48,314,,76,47,258,*76
1396206992773,$GPGSV,5,4,19,75,60,015,,65,63,198,,84,11,059,,83,05,011,*78
1396206992774,$GPGSV,5,5,19,85,03,102,,67,00,000,,72,14,164,*4E
1396206992774,$GPGSA,A,1,,,,,,,,,,,,,,,*1E
1396206992774,$GPVTG,,T,,M,,N,,K,N*2C
1396206992774,$GPRMC,,V,,,,,,,,,,N*53
1396206992774,$GPGGA,,,,,,0,,,,,,,,*66
1396206993499,$GPGSA,A,1,,,,,,,,,,,,,,,*1E
1396206993500,$GPVTG,,T,,M,,N,,K,N*2C
1396206993500,$GPRMC,,V,,,,,,,,,,N*53
1396206993500,$GPGGA,,,,,,0,,,,,,,,*66
1396206993772,$GPGSV,5,1,19,01,00,000,,14,29,113,,16,20,196,,20,37,288,*76
1396206993773,$GPGSV,5,2,19,23,16,303,,25,22,043,,29,16,080,,31,71,018,*79
1396206993773,$GPGSV,5,3,19,32,52,232,,74,12,047,,66,48,314,,76,47,258,*76
1396206993773,$GPGSV,5,4,19,75,60,015,,65,63,198,,84,11,059,,83,05,011,*78
1396206993774,$GPGSV,5,5,19,85,03,102,,67,00,000,,72,14,164,*4E
1396206993774,$GPGSA,A,1,,,,,,,,,,,,,,,*1E
1396206993774,$GPVTG,,T,,M,,N,,K,N*2C
1396206993775,$GPRMC,,V,,,,,,,,,,N*53
1396206993775,$GPGGA,,,,,,0,,,,,,,,*66
1396206994499,$GPGSA,A,1,,,,,,,,,,,,,,,*1E
1396206994500,$GPVTG,,T,,M,,N,,K,N*2C
1396206994500,$GPRMC,,V,,,,,,,,,,N*53
1396206994500,$GPGGA,,,,,,0,,,,,,,,*66
1396206994772,$GPGSV,5,1,19,01,00,000,,14,29,113,,16,20,196,,20,37,288,*76
1396206994773,$GPGSV,5,2,19,23,16,303,,25,22,043,,29,16,080,,31,71,018,*79
1396206994773,$GPGSV,5,3,19,32,52,232,,74,12,047,,66,48,314,,76,47,258,*76
1396206994774,$GPGSV,5,4,19,75,60,015,,65,63,198,,84,11,059,,83,05,011,*78
1396206994775,$GPGSV,5,5,19,85,03,102,,67,00,000,,72,14,164,*4E
1396206994775,$GPGSA,A,1,,,,,,,,,,,,,,,*1E
1396206994775,$GPVTG,,T,,M,,N,,K,N*2C
1396206994776,$GPRMC,,V,,,,,,,,,,N*53
1396206994776,$GPGGA,,,,,,0,,,,,,,,*66
