1396206986962061522,3,0.063934326,-0.021850586,-0.03225708,
1396206986962061522,0,0.052108765,-0.013885498,-0.02444458,0.010604858,0.03253174,-0.0012664795,
1396206986982203123,3,-0.06210327,-0.07312012,0.017410278,
1396206986982203123,0,-0.07392883,-0.06515503,0.025222778,0.022354126,-0.0016479492,-0.0028686523,
1396206987002344725,3,-0.14648438,4.5776367E-5,0.038238525,
1396206987002344725,0,-0.15830994,0.008010864,0.046051025,-0.0075531006,-0.010726929,0.010482788,
1396206987022516844,3,-0.08293152,0.0096588135,0.0259552,
1396206987022516844,0,-0.09475708,0.017623901,0.0337677,-0.04333496,0.010635376,0.011016846,
1396206987042688963,3,0.024414063,0.008056641,0.010467529,
1396206987042688963,0,0.012588501,0.016021729,0.01828003,-0.028915405,0.003692627,0.009414673,
1396206987062891600,3,0.060195923,0.020339966,0.011001587,
1396206987062891600,0,0.04837036,0.028305054,0.018814087,-0.012359619,0.014907837,0.008880615,
1396206987082941648,3,0.026550293,-0.027191162,0.020614624,
1396206987082941648,0,0.014724731,-0.019226074,0.028427124,0.0031280518,0.017578125,3.3569336E-4,
1396206987103083250,3,-0.01083374,-0.03253174,0.03930664,
1396206987103083250,0,-0.022659302,-0.02456665,0.04711914,-0.010757446,0.003692627,0.008346558,
1396206987123163816,3,-0.0049591064,0.012329102,0.021148682,
1396206987123163816,0,-0.016784668,0.02029419,0.028961182,-0.012359619,-0.0069885254,0.015823364,
1396206987143335936,3,-0.010299683,0.03742981,-0.0135650635,
1396206987143335936,0,-0.022125244,0.045394897,-0.0057525635,-0.011291504,0.0084991455,0.016357422,
1396206987163477537,3,-0.0038909912,0.006454468,-0.03439331,
1396206987163477537,0,-0.015716553,0.014419556,-0.02658081,-0.01449585,0.019180298,0.006210327,
1396206987183619139,3,0.0025177002,-0.017578125,-0.0135650635,
1396206987183619139,0,-0.009307861,-0.009613037,-0.0057525635,-0.012359619,0.010101318,-7.324219E-4,
1396206987203791258,3,0.008392334,-0.022384644,0.012069702,
1396206987203791258,0,-0.0034332275,-0.014419556,0.019882202,-0.013961792,0.009567261,0.0024719238,
1396206987223902342,3,0.023880005,-0.03199768,0.024887085,
1396206987223902342,0,0.012054443,-0.024032593,0.032699585,-0.015563965,0.009567261,0.0067443848,
1396206987244074461,3,0.029754639,-0.028793335,0.022216797,
1396206987244074461,0,0.017929077,-0.020828247,0.030029297,-0.010757446,0.0031585693,0.010482788,
1396206987264216063,3,0.03189087,0.008056641,-0.0023498535,
1396206987264216063,0,0.020065308,0.016021729,0.0054626465,-0.013961792,4.8828125E-4,0.01689148,
1396206987284357664,3,0.043640137,0.0016479492,-0.032791138,
1396206987284357664,0,0.031814575,0.009613037,-0.024978638,-0.015029907,0.017578125,0.013153076,
1396206987304468748,3,0.044708252,-0.022918701,-0.03225708,
1396206987304468748,0,0.03288269,-0.014953613,-0.02444458,-0.009689331,0.007965088,0.0030059814,
1396206987324579832,3,0.019607544,-0.0026245117,-0.0076904297,
1396206987324579832,0,0.0077819824,0.005340576,1.2207031E-4,-0.0038146973,4.8828125E-4,8.69751E-4,
1396206987344782469,3,0.01373291,0.010192871,0.01260376,
1396206987344782469,0,0.0019073486,0.018157959,0.02041626,-0.017166138,0.014373779,0.0040740967,
1396206987364924070,3,0.03189087,-0.010635376,0.018478394,
1396206987364924070,0,0.020065308,-0.002670288,0.026290894,-0.020370483,0.002090454,0.0067443848,
1396206987385065672,3,0.06820679,0.036361694,0.01687622,
1396206987385065672,0,0.056381226,0.044326782,0.02468872,-0.016098022,-4.5776367E-5,0.010482788,
1396206987405207273,3,0.075149536,0.029418945,0.007797241,
1396206987405207273,0,0.063323975,0.037384033,0.015609741,-0.010223389,0.01651001,0.008880615,
1396206987425257322,3,0.029754639,0.004852295,0.020614624,
1396206987425257322,0,0.017929077,0.012817383,0.028427124,-0.0118255615,0.007965088,0.0078125,
1396206987445459959,3,0.0073242188,0.00592041,0.002456665,
1396206987445459959,0,-0.004501343,0.013885498,0.010269165,-0.0075531006,0.011169434,0.014221191,
1396206987465540525,3,-0.010299683,-0.011703491,-0.004486084,
1396206987465540525,0,-0.022125244,-0.0037384033,0.003326416,-0.010223389,0.0084991455,0.005142212,
1396206987486078856,3,-0.012969971,-0.0031585693,0.007797241,
1396206987486078856,0,-0.024795532,0.0048065186,0.015609741,-0.013961792,0.006362915,0.0067443848,
1396206987505915281,3,-0.0065612793,0.014465332,0.0019226074,
1396206987505915281,0,-0.01838684,0.02243042,0.009735107,-0.012893677,0.003692627,0.012619019,
1396206987525995848,3,0.0019836426,0.018737793,-0.013031006,
1396206987525995848,0,-0.009841919,0.02670288,-0.005218506,-0.015029907,0.013305664,0.008346558,
1396206987546198484,3,0.009994507,0.0037841797,-0.0023498535,
1396206987546198484,0,-0.0018310547,0.011749268,0.0054626465,-0.010223389,0.010101318,0.0040740967,
1396206987566309568,3,-0.0065612793,0.0011138916,0.009933472,
1396206987566309568,0,-0.01838684,0.0090789795,0.017745972,-0.0064849854,0.006362915,0.0067443848,
1396206987586634275,3,-0.010299683,0.0037841797,0.015274048,
1396206987586634275,0,-0.022125244,0.011749268,0.023086548,-0.01449585,0.011169434,0.0056762695,
1396206987606592772,3,-0.0017547607,-0.010635376,0.015808105,
1396206987606592772,0,-0.013580322,-0.002670288,0.023620605,-0.012359619,0.012771606,0.005142212,
1396206987626703856,3,0.007858276,-0.0058288574,0.023284912,
1396206987626703856,0,-0.003967285,0.0021362305,0.031097412,-0.01449585,0.0015563965,0.006210327,
1396206987647730467,3,0.0035858154,0.010726929,0.020080566,
1396206987647730467,0,-0.008239746,0.018692017,0.027893066,-0.008087158,0.0031585693,0.013687134,
1396206987667017576,3,-0.009765625,0.010726929,-0.011428833,
1396206987667017576,0,-0.021591187,0.018692017,-0.003616333,-0.008621216,0.011703491,0.015289307,
1396206987687494871,3,-0.012435913,-0.0052948,-0.014099121,
1396206987687494871,0,-0.024261475,0.002670288,-0.006286621,-0.01449585,0.011703491,0.0030059814,
1396206987707300779,3,0.0025177002,-0.011703491,0.007797241,
1396206987707300779,0,-0.009307861,-0.0037384033,0.015609741,-0.01449585,0.0031585693,0.0056762695,
1396206987727411863,3,-0.004425049,0.02835083,-0.008224487,
1396206987727411863,0,-0.01625061,0.036315918,-4.119873E-4,-0.008621216,4.8828125E-4,0.013153076,
1396206987747614500,3,-0.009231567,0.008056641,-0.025314331,
1396206987747614500,0,-0.021057129,0.016021729,-0.017501831,-0.011291504,0.022918701,0.0078125,
1396206987767756102,3,-0.017242432,-0.030395508,0.0029907227,
1396206987767756102,0,-0.029067993,-0.02243042,0.010803223,-0.008621216,0.011169434,-0.00340271,
1396206987787897703,3,-0.029525757,-0.017044067,0.035568237,
1396206987787897703,0,-0.04135132,-0.0090789795,0.043380737,-0.011291504,0.0010223389,0.0056762695,
1396206987808039305,3,-0.012969971,-0.01651001,0.022216797,
1396206987808039305,0,-0.024795532,-0.008544922,0.030029297,-0.018234253,0.013305664,0.014755249,
1396206987828150389,3,-0.0038909912,-0.0154418945,0.007797241,
1396206987828150389,0,-0.015716553,-0.0074768066,0.015609741,-0.008087158,0.0015563965,0.0078125,
1396206987848322508,3,-0.032196045,0.016067505,-0.0028839111,
1396206987848322508,0,-0.044021606,0.024032593,0.004928589,-0.0022125244,0.0010223389,0.014221191,
1396206987868464109,3,-0.04447937,0.031021118,-0.025848389,
1396206987868464109,0,-0.05630493,0.038986206,-0.018035889,-0.015563965,0.0074310303,0.008346558,
1396206987888575193,3,-0.01991272,4.5776367E-5,-0.005554199,
1396206987888575193,0,-0.03173828,0.008010864,0.0022583008,-0.019836426,0.018112183,-0.0023345947,
1396206987908747313,3,-0.007095337,-0.02078247,0.016342163,
1396206987908747313,0,-0.018920898,-0.012817383,0.024154663,-0.008087158,0.010101318,0.0067443848,
1396206987928888914,3,-0.023117065,-0.014907837,0.013671875,
1396206987928888914,0,-0.034942627,-0.006942749,0.021484375,-0.0059509277,0.0052948,0.011550903,
1396206987949885008,3,-0.049819946,-0.013839722,0.009933472,
1396206987949885008,0,-0.061645508,-0.005874634,0.017745972,-0.0048828125,0.009567261,0.0067443848,
1396206987969172117,3,-0.057296753,-0.010101318,0.019012451,
1396206987969172117,0,-0.069122314,-0.0021362305,0.026824951,-0.012359619,0.0068969727,0.006210327,
1396206987989313719,3,-0.048217773,0.0021820068,0.014205933,
1396206987989313719,0,-0.060043335,0.010147095,0.022018433,-0.016098022,0.002090454,0.012084961,
1396206988009424803,3,-0.0289917,5.79834E-4,-7.4768066E-4,
1396206988009424803,0,-0.04081726,0.008544922,0.0070648193,-0.017166138,0.013305664,0.008880615,
1396206988029566404,3,-0.0289917,-0.014907837,0.0013885498,
1396206988029566404,0,-0.04081726,-0.006942749,0.00920105,-0.0064849854,0.010635376,0.0067443848,
1396206988049708006,3,-0.038604736,-0.011169434,-0.0034179688,
1396206988049708006,0,-0.050430298,-0.0032043457,0.0043945313,-0.013961792,0.0015563965,0.009414673,
1396206988069819090,3,-0.014572144,0.0021820068,3.2043457E-4,
1396206988069819090,0,-0.026397705,0.010147095,0.008132935,-0.01876831,0.0084991455,0.003540039,
1396206988090357420,3,0.0019836426,0.0043182373,0.015808105,
1396206988090357420,0,-0.009841919,0.012283325,0.023620605,-0.015029907,0.0042266846,0.005142212,
1396206988110132811,3,-1.5258789E-4,0.033691406,0.0259552,
1396206988110132811,0,-0.011978149,0.041656494,0.0337677,-0.008621216,4.8828125E-4,0.0067443848,
1396206988130274412,3,0.0035858154,0.031021118,0.013671875,
1396206988130274412,0,-0.008239746,0.038986206,0.021484375,-0.015563965,0.019180298,0.014755249,
1396206988151117918,3,0.009994507,-0.0052948,-0.0039520264,
1396206988151117918,0,-0.0018310547,0.002670288,0.0038604736,-0.010223389,0.010635376,0.0099487305,
1396206988170557615,3,-0.008163452,0.006454468,-0.0039520264,
1396206988170557615,0,-0.019989014,0.014419556,0.0038604736,-0.0048828125,-4.5776367E-5,0.0067443848,
1396206988190882322,3,-0.01991272,0.028884888,-0.0012817383,
1396206988190882322,0,-0.03173828,0.036849976,0.0065307617,-0.012359619,0.011703491,0.008346558,
1396206988210840818,3,-0.0065612793,0.010192871,0.005126953,
1396206988210840818,0,-0.01838684,0.018157959,0.012939453,-0.016098022,0.011169434,8.69751E-4,
1396206988231129102,3,0.011062622,0.018737793,0.027023315,
1396206988271381788,3,0.021209717,0.011260986,-0.0028839111,
1396206988271381788,0,0.009384155,0.019226074,0.004928589,-0.010757446,0.013305664,0.011016846,
1396206988291706495,3,0.0046539307,0.012863159,0.0029907227,
1396206988291706495,0,-0.007171631,0.020828247,0.010803223,-0.0048828125,0.0031585693,0.0019378662,
1396206988311726026,3,-0.0076293945,0.023544312,0.017410278,
1396206988311726026,0,-0.019454956,0.0315094,0.025222778,-0.0118255615,0.006362915,0.0056762695,
1396206988331867627,3,0.008926392,0.037963867,0.024353027,
1396206988331867627,0,-0.00289917,0.045928955,0.032165527,-0.021972656,0.003692627,0.006210327,
1396206988352558545,3,0.05218506,0.035827637,0.02381897,
1396206988352558545,0,0.040359497,0.043792725,0.03163147,-0.020370483,0.013305664,0.0078125,
1396206988372150830,3,0.051651,0.020339966,0.024887085,
1396206988372150830,0,0.03982544,0.028305054,0.032699585,-0.002746582,0.014907837,0.008880615,
1396206988392292432,3,-0.0060272217,-0.0084991455,0.01687622,
1396206988392292432,0,-0.017852783,-5.340576E-4,0.02468872,0.0036621094,0.0074310303,0.008346558,
1396206988412434034,3,-0.04020691,0.0043182373,0.016342163,
1396206988412434034,0,-0.05203247,0.012283325,0.024154663,-0.011291504,0.006362915,0.0067443848,
1396206988432575635,3,-0.013504028,0.0043182373,0.019012451,
1396206988432575635,0,-0.02532959,0.012283325,0.026824951,-0.024108887,0.012771606,0.009414673,
1396206988453358106,3,0.016937256,-0.004760742,0.01473999,
1396206988453358106,0,0.0051116943,0.0032043457,0.02255249,-0.012893677,0.004760742,0.006210327,
1396206988472919873,3,0.0019836426,0.015533447,0.002456665,
1396206988472919873,0,-0.009841919,0.023498535,0.010269165,-0.004348755,0.0068969727,0.016357422,
1396206988492908887,3,-0.022583008,0.013397217,-0.044540405,
1396206988492908887,0,-0.03440857,0.021362305,-0.036727905,-0.0075531006,0.010101318,0.021697998,
1396206988513111524,3,-0.034332275,0.004852295,-0.071243286,
1396206988513111524,0,-0.046157837,0.012817383,-0.063430786,-0.009689331,0.007965088,0.0056762695,
1396206988533253125,3,-0.018310547,0.0069885254,-0.064834595,
1396206988533253125,0,-0.030136108,0.014953613,-0.057022095,-0.021438599,0.010101318,0.008880615,
1396206988553913526,3,0.01159668,0.017669678,-0.057357788,
1396206988553913526,0,-2.2888184E-4,0.025634766,-0.049545288,-0.016098022,0.0026245117,3.3569336E-4,
1396206988573505811,3,0.018005371,0.012329102,-0.022109985,
1396206988573505811,0,0.0061798096,0.02029419,-0.014297485,-0.010757446,0.013305664,-0.0018005371,
1396206988593922071,3,0.007858276,0.0069885254,0.0061950684,
1396206988593922071,0,-0.003967285,0.014953613,0.014007568,-0.008087158,0.0068969727,0.0040740967,
1396206988613819532,3,-0.023651123,0.007522583,0.013671875,
1396206988613819532,0,-0.035476685,0.015487671,0.021484375,-0.0022125244,0.0074310303,0.008346558,
1396206988633961133,3,-0.0466156,0.0043182373,8.544922E-4,
1396206988633961133,0,-0.058441162,0.012283325,0.008666992,-0.010223389,0.012771606,0.012619019,
1396206988654682569,3,-0.028457642,0.026748657,-0.0135650635,
1396206988654682569,0,-0.040283203,0.034713745,-0.0057525635,-0.019836426,-0.006454468,0.0099487305,
1396206988674244336,3,0.0025177002,0.06253052,-0.00982666,
1396206988674244336,0,-0.009307861,0.070495605,-0.0020141602,-0.017700195,0.0068969727,0.005142212,
1396206988694385938,3,0.01159668,0.056121826,-7.4768066E-4,
1396206988694385938,0,-2.2888184E-4,0.064086914,0.0070648193,-0.010757446,0.014373779,0.0056762695,
1396206988714649610,3,-0.0038909912,0.03262329,-0.0028839111,
1396206988714649610,0,-0.015716553,0.04058838,0.004928589,-0.0059509277,0.011169434,0.0099487305,
1396206988734638623,3,-0.02418518,0.031555176,-7.4768066E-4,
1396206988734638623,0,-0.036010742,0.039520264,0.0070648193,-0.009155273,0.0026245117,0.0067443848,
1396206988755390577,3,-0.027389526,0.036361694,-0.0039520264,
1396206988755390577,0,-0.039215088,0.044326782,0.0038604736,-0.012359619,0.013839722,0.017425537,
1396206988774921827,3,-0.025787354,0.042236328,-0.035461426,
1396206988774921827,0,-0.037612915,0.050201416,-0.027648926,-0.012893677,0.003692627,0.014755249,
1396206988795277051,3,-0.01991272,0.05558777,-0.055221558,
1396206988795277051,0,-0.03173828,0.06355286,-0.047409058,-0.01449585,0.011703491,0.008880615,
1396206988815235547,3,0.0025177002,0.028884888,-0.03652954,
1396206988815235547,0,-0.009307861,0.036849976,-0.028717041,-0.01876831,0.018112183,-1.9836426E-4,
1396206988835377149,3,0.023345947,-0.002090454,0.006729126,
1396206988835377149,0,0.011520386,0.005874634,0.014541626,-0.016098022,0.015975952,-0.005004883,
1396206988855488233,3,0.062332153,0.05558777,0.019546509,
1396206988855488233,0,0.05050659,0.06355286,0.027359009,-0.01449585,-0.021408081,0.011016846,
1396206988875660352,3,0.014266968,0.053451538,-0.014099121,
1396206988875660352,0,0.0024414063,0.061416626,-0.006286621,0.0047302246,0.0084991455,0.015823364,
1396206988895924024,3,-0.033798218,0.034225464,-0.021575928,
1396206988895924024,0,-0.04562378,0.04219055,-0.013763428,-0.008087158,0.009567261,0.0030059814,
1396206988915943555,3,-0.0049591064,0.027816772,0.020080566,
1396206988915943555,0,-0.016784668,0.03578186,0.027893066,-0.024108887,0.010635376,-0.0055389404,
1396206988936115674,3,0.033493042,0.021942139,0.047851563,
1396206988936115674,0,0.02166748,0.029907227,0.055664063,-0.017700195,0.012237549,0.009414673,
1396206988956196241,3,0.015335083,-0.0052948,0.028625488,
1396206988956196241,0,0.0035095215,0.002670288,0.03643799,0.0047302246,0.0084991455,0.015823364,
1396206988976398877,3,-0.061569214,-0.0068969727,0.01687622,
1396206988976398877,0,-0.073394775,0.0010681152,0.02468872,0.006866455,0.013305664,0.0040740967,
1396206988996876172,3,-0.1133728,-0.010635376,0.04411316,
1396206988996876172,0,-0.12519836,-0.002670288,0.05192566,-0.0075531006,0.002090454,-7.324219E-4,
1396206989016682080,3,-0.09788513,0.013931274,0.064941406,
1396206989016682080,0,-0.10971069,0.021896362,0.072753906,-0.024108887,-0.0011138916,0.0072784424,
1396206989036897456,3,-0.050354004,0.050247192,0.05532837,
1396206989036897456,0,-0.062179565,0.05821228,0.06314087,-0.021438599,0.002090454,0.011550903,
1396206989057008540,3,-0.024719238,0.043304443,0.053726196,
1396206989057008540,0,-0.0365448,0.05126953,0.061538696,-0.016098022,0.01651001,0.0046081543,
1396206989077150142,3,-0.014038086,4.5776367E-5,0.07562256,
1396206989077150142,0,-0.025863647,0.008010864,0.08343506,-0.0118255615,0.018112183,0.0019378662,
1396206989097291743,3,-0.0017547607,0.01499939,0.09591675,
1396206989097291743,0,-0.013580322,0.022964478,0.10372925,-0.019836426,-0.010726929,8.69751E-4,
1396206989117372310,3,0.039367676,0.09350586,0.10713196,
1396206989117372310,0,0.027542114,0.10147095,0.11494446,-0.022506714,-0.00592041,0.0099487305,
1396206989137605464,3,0.07835388,0.11380005,0.07295227,
1396206989137605464,0,0.06652832,0.12176514,0.08076477,-0.01876831,0.012237549,0.017425537,
1396206989157747065,3,0.062332153,0.10258484,0.051589966,
1396206989157747065,0,0.05050659,0.11054993,0.059402466,0.0015258789,0.009567261,0.0078125,
1396206989177888667,3,0.0340271,0.083358765,0.069747925,
1396206989177888667,0,0.022201538,0.09132385,0.077560425,-0.0118255615,0.018112183,-7.324219E-4,
1396206989198030269,3,0.037765503,0.023010254,0.08576965,
1396206989198030269,0,0.025939941,0.030975342,0.09358215,-0.012359619,0.022918701,0.0099487305,
1396206989218171870,3,0.058059692,-0.021316528,0.08416748,
1396206989218171870,0,0.04623413,-0.01335144,0.09197998,-0.01876831,0.023452759,0.009414673,
1396206989238282954,3,0.048980713,-0.0896759,0.058532715,
1396206989238282954,0,0.03715515,-0.081710815,0.066345215,-0.0022125244,0.014907837,0.015823364,
1396206989258516108,3,0.041503906,0.0043182373,0.08042908,
1396206989258516108,0,0.029678345,0.012283325,0.08824158,-0.021438599,-0.026748657,0.003540039,
1396206989278566157,3,0.07247925,0.100982666,0.058532715,
1396206989278566157,0,0.060653687,0.108947754,0.066345215,-0.010757446,-0.017669678,0.009414673,
1396206989298738276,3,0.02281189,0.15652466,0.057998657,
1396206989298738276,0,0.010986328,0.16448975,0.06581116,0.00579834,0.01864624,0.0078125,
1396206989318849360,3,-0.03540039,0.09617615,0.08416748,
1396206989318849360,0,-0.047225952,0.104141235,0.09197998,0.0031280518,0.037338257,0.008346558,
1396206989339021479,3,-0.12619019,-0.042144775,0.09484863,
1396206989339021479,0,-0.13801575,-0.034179688,0.10266113,0.014877319,0.042144775,0.005142212,
1396206989359163081,3,-0.22392273,-0.15216064,0.04624939,
1396206989359163081,0,-0.23574829,-0.14419556,0.05406189,0.012207031,0.012237549,0.024902344,
1396206989379304683,3,-0.318985,-0.0544281,0.01687622,
1396206989379304683,0,-0.33081055,-0.046463013,0.02468872,0.0025939941,-0.026748657,0.008346558,
1396206989399720942,3,-0.29174805,0.035827637,0.012069702,
1396206989399720942,0,-0.3035736,0.043792725,0.019882202,-0.035324097,-5.79834E-4,0.008880615,
1396206989419587886,3,-0.17372131,0.013397217,0.0259552,
1396206989419587886,0,-0.18554688,0.021362305,0.0337677,-0.04547119,0.019714355,0.0014038086,
1396206989439729487,3,-0.040740967,-0.0015563965,0.06867981,
1396206989439729487,0,-0.05256653,0.0064086914,0.07649231,-0.042800903,4.8828125E-4,-0.010345459,
1396206989459871089,3,0.059127808,0.060394287,0.1103363,
1396206989459871089,0,0.047302246,0.068359375,0.1181488,-0.029449463,-0.014465332,0.0024719238,
1396206989479951655,3,0.07141113,0.12608337,0.08843994,
1396206989479951655,0,0.05958557,0.13404846,0.09625244,-0.0022125244,0.010635376,0.026504517,
1396206989520265376,3,-0.13366699,0.061462402,-0.049346924,
1396206989520265376,0,-0.14549255,0.06942749,-0.041534424,0.01914978,0.02078247,0.01689148,
1396206989540376460,3,-0.22445679,0.0438385,-0.07337952,
1396206989540376460,0,-0.23628235,0.05180359,-0.06556702,0.0031280518,0.0052948,0.0099487305,
1396206989560548579,3,-0.25382996,0.13623047,-0.07872009,
1396206989560548579,0,-0.26565552,0.14419556,-0.07090759,-0.012359619,-0.0262146,0.0078125,
1396206989580690181,3,-0.1902771,0.19924927,-0.07551575,
1396206989580690181,0,-0.20210266,0.20721436,-0.06770325,-0.044937134,0.019714355,0.003540039,
1396206989600831782,3,-0.10055542,0.14050293,-0.014099121,
1396206989600831782,0,-0.11238098,0.14846802,-0.006286621,-0.022506714,0.029327393,-0.015151978,
1396206989620942866,3,-0.06637573,0.07054138,0.06600952,
1396206989620942866,0,-0.078201294,0.07850647,0.07382202,-0.019302368,0.014907837,-0.0066070557,
1396206989641114985,3,-0.047683716,0.12768555,0.099121094,
1396206989641114985,0,-0.059509277,0.13565063,0.106933594,-0.011291504,-0.02407837,0.005142212,
1396206989662111079,3,-0.051956177,0.20832825,0.08630371,
1396206989662111079,0,-0.06378174,0.21629333,0.09411621,-0.013427734,-0.0011138916,0.011550903,
1396206989681367671,3,-0.034332275,0.18589783,0.05479431,
1396206989681367671,0,-0.046157837,0.19386292,0.06260681,-0.017166138,0.030929565,0.017425537,
1396206989701539790,3,-0.025787354,0.05078125,0.010467529,
1396206989701539790,0,-0.037612915,0.058746338,0.01828003,-0.010757446,0.042144775,0.01689148,
1396206989721711909,3,-0.07652283,-0.0026245117,-2.1362305E-4,
1396206989721711909,0,-0.08834839,0.005340576,0.007598877,0.009002686,0.0058288574,0.006210327,
1396206989741853511,3,-0.12832642,0.035827637,0.024887085,
1396206989741853511,0,-0.14015198,0.043792725,0.032699585,-0.008621216,-0.0037841797,3.3569336E-4,
1396206989761995112,3,-0.14381409,0.056655884,0.06333923,
1396206989761995112,0,-0.15563965,0.06462097,0.07115173,-0.0038146973,0.017044067,-0.0039367676,
1396206989782075679,3,-0.15022278,0.027282715,0.114608765,
1396206989782075679,0,-0.16204834,0.035247803,0.122421265,-0.01876831,0.019714355,-0.009277344,
1396206989802522456,3,-0.092544556,-0.05656433,0.17495728,
1396206989802522456,0,-0.10437012,-0.048599243,0.18276978,-0.03265381,0.038406372,-0.0023345947,
1396206989822419917,3,-0.018310547,-0.10890198,0.17175293,
1396206989822419917,0,-0.030136108,-0.10093689,0.17956543,-0.024642944,0.0010223389,0.01902771,
1396206989842561519,3,0.02494812,-0.05496216,0.11140442,
1396206989842561519,0,0.013122559,-0.04699707,0.11921692,-0.019836426,-0.00592041,0.022766113,
1396206989862703120,3,0.039901733,-0.04374695,0.10499573,
1396206989862703120,0,0.028076172,-0.03578186,0.11280823,-0.013427734,0.014907837,-0.0028686523,
1396206989882905757,3,0.07728577,-0.113708496,0.17816162,
1396206989882905757,0,0.065460205,-0.10574341,0.18597412,-0.026245117,0.03253174,-0.014083862,
1396206989903291499,3,0.13069153,-0.17619324,0.22515869,
1396206989903291499,0,0.11886597,-0.16822815,0.23297119,-0.024108887,0.013839722,0.009414673,
1396206989923127925,3,0.16433716,-0.15589905,0.17602539,
1396206989923127925,0,0.1525116,-0.14793396,0.18383789,-0.015029907,-0.0043182373,0.027572632,
1396206989943269526,3,0.1424408,-0.09715271,0.06867981,
1396206989943269526,0,0.13061523,-0.08918762,0.07649231,0.0047302246,-0.010726929,0.040924072,
1396206989963411128,3,0.045776367,-0.049621582,-0.050949097,
1396206989963411128,0,0.033950806,-0.041656494,-0.043136597,0.012741089,0.0068969727,0.033447266,
1396206989983491694,3,-0.08239746,-0.06297302,-0.10542297,
1396206989983491694,0,-0.09422302,-0.055007935,-0.09761047,0.027694702,0.03413391,0.0099487305,
1396206990003999507,3,-0.19668579,-0.1526947,-0.11503601,
1396206990003999507,0,-0.20851135,-0.14472961,-0.10722351,-0.0011444092,0.024520874,0.0099487305,
1396206990023805415,3,-0.17799377,-0.17779541,-0.12945557,
1396206990023805415,0,-0.18981934,-0.16983032,-0.12164307,-0.028381348,0.003692627,0.010482788,
1396206990043947017,3,-0.1272583,-0.1591034,-0.07978821,
1396206990043947017,0,-0.13908386,-0.1511383,-0.07197571,-0.022506714,0.0031585693,-0.017822266,
1396206990064088618,3,-0.018844604,-0.1943512,0.036102295,
1396206990064088618,0,-0.030670166,-0.18638611,0.043914795,-0.0743103,0.05229187,-0.035446167,
1396206990084199702,3,0.16059875,-0.3075714,0.1519928,
1396206990084199702,0,0.1487732,-0.29960632,0.1598053,-0.049743652,0.019180298,-0.01675415,
1396206990104615962,3,0.3176117,-0.3027649,0.18991089,
1396206990104615962,0,0.30578613,-0.2947998,0.19772339,-0.048675537,-0.0069885254,0.01902771,
1396206990124543940,3,0.36140442,-0.2055664,0.065475464,
1396206990124543940,0,0.34957886,-0.19760132,0.073287964,0.00793457,-0.02407837,0.05267334,
1396206990144593989,3,0.23002625,-0.10676575,-0.10862732,
1396206990144593989,0,0.21820068,-0.09880066,-0.10081482,0.029296875,-0.0053863525,0.04840088,
1396206990164827144,3,0.08796692,-0.11050415,-0.2298584,
1396206990164827144,0,0.07614136,-0.10253906,-0.2220459,0.018615723,0.019714355,0.025436401,
1396206990184907710,3,-0.039138794,-0.1425476,-0.24534607,
1396206990184907710,0,-0.050964355,-0.13458252,-0.23753357,0.020751953,0.007965088,-7.324219E-4,
1396206990205415522,3,-0.14541626,-0.10623169,-0.20368958,
1396206990205415522,0,-0.15724182,-0.0982666,-0.19587708,0.0074005127,-0.010192871,3.3569336E-4,
1396206990225221431,3,-0.1689148,-0.012237549,-0.19728088,
1396206990225221431,0,-0.18074036,-0.004272461,-0.18946838,-0.017166138,-0.017669678,0.011016846,
1396206990245393550,3,-0.117111206,0.05718994,-0.19567871,
1396206990245393550,0,-0.12893677,0.06515503,-0.18786621,-0.030517578,-5.79834E-4,8.69751E-4,
1396206990265535151,3,-0.03967285,0.02407837,-0.1454773,
1396206990265535151,0,-0.051498413,0.032043457,-0.1376648,-0.03425598,0.03253174,-0.014083862,
1396206990285646235,3,0.04951477,-0.080062866,-0.021575928,
1396206990285646235,0,0.03768921,-0.07209778,-0.013763428,-0.030517578,0.035202026,-0.031173706,
1396206990306062495,3,0.09384155,-0.093948364,0.12208557,
1396206990306062495,0,0.08201599,-0.08598328,0.12989807,-0.012893677,-0.012863159,-0.019958496,
1396206990325959956,3,0.070877075,0.0037841797,0.16854858,
1396206990325959956,0,0.059051514,0.011749268,0.17636108,-0.002746582,-0.012329102,0.012619019,
1396206990346101558,3,0.045776367,0.039031982,0.10446167,
1396206990346101558,0,0.033950806,0.04699707,0.11227417,-0.0075531006,0.011169434,0.032913208,
1396206990366243159,3,0.007858276,-4.8828125E-4,0.020614624,
1396206990366243159,0,-0.003967285,0.0074768066,0.028427124,0.0015258789,0.02078247,0.022766113,
1396206990386384761,3,-0.050354004,-0.044815063,-0.022109985,
1396206990386384761,0,-0.062179565,-0.036849976,-0.014297485,0.004196167,0.011703491,0.014221191,
1396206990406526362,3,-0.11444092,-0.04107666,-0.064834595,
1396206990406526362,0,-0.12626648,-0.033111572,-0.057022095,0.005264282,4.8828125E-4,0.022766113,
1396206990426667964,3,-0.17158508,0.029418945,-0.11129761,
1396206990426667964,0,-0.18341064,0.037384033,-0.10348511,-0.0016784668,-0.008056641,0.015823364,
1396206990446809565,3,-0.17799377,0.074279785,-0.11450195,
1396206990446809565,0,-0.18981934,0.08224487,-0.10668945,-0.019836426,-5.79834E-4,-1.9836426E-4,
1396206990467012202,3,-0.12672424,0.10845947,-0.06109619,
1396206990467012202,0,-0.1385498,0.11642456,-0.05328369,-0.027313232,0.0026245117,-0.008743286,
1396206990487092769,3,-0.055160522,0.0892334,0.009933472,
1396206990487092769,0,-0.066986084,0.09719849,0.017745972,-0.030517578,0.0154418945,-0.011413574,
1396206990507203853,3,0.009994507,0.04437256,0.088974,
1396206990507203853,0,-0.0018310547,0.052337646,0.0967865,-0.027313232,0.01864624,-0.005004883,
1396206990527345454,3,0.07354736,0.024612427,0.0750885,
1396206990527345454,0,0.0617218,0.032577515,0.082901,-0.022506714,0.006362915,0.03024292,
1396206990547395503,3,0.10559082,0.05558777,-0.042404175,
1396206990547395503,0,0.09376526,0.06355286,-0.034591675,-0.020370483,-0.008590698,0.043060303,
1396206990568483149,3,0.1387024,0.10418701,-0.15028381,
1396206990568483149,0,0.12687683,0.1121521,-0.14247131,-0.017166138,0.004760742,0.025970459,
1396206990587770259,3,0.12962341,0.11540222,-0.21490479,
1396206990587770259,0,0.11779785,0.12336731,-0.20709229,-0.0016784668,-0.003250122,0.025436401,
1396206990607911860,3,0.086364746,0.18322754,-0.28593445,
1396206990607911860,0,0.074539185,0.19119263,-0.27812195,-0.0011444092,-0.011260986,0.025970459,
1396206990628200083,3,0.091171265,0.28897095,-0.34040833,
1396206990628200083,0,0.0793457,0.29693604,-0.33259583,-0.026245117,-0.02407837,0.014221191,
1396206990648341684,3,0.1499176,0.3765564,-0.3243866,
1396206990648341684,0,0.13809204,0.38452148,-0.3165741,-0.01876831,-0.0016479492,-0.009277344,
1396206990669337778,3,0.13710022,0.3904419,-0.18499756,
1396206990669337778,0,0.12527466,0.39840698,-0.17718506,4.5776367E-4,0.01864624,-0.04185486,
1396206990688594370,3,0.05432129,0.2846985,0.042510986,
1396206990688594370,0,0.042495728,0.29266357,0.050323486,0.013809204,0.049621582,-0.05680847,
1396206990708735972,3,-0.016174316,0.070007324,0.2780304,
1396206990708735972,0,-0.027999878,0.07797241,0.2858429,0.0063323975,0.037872314,-0.0413208,
1396206990789302378,3,-0.3793335,0.60887146,-0.113967896,
1396206990789302378,0,-0.39115906,0.61683655,-0.106155396,-0.1197052,-0.016067505,0.016357422,
1396206990809443979,3,0.07034302,0.5009918,0.045181274,
1396206990809443979,0,0.058517456,0.5089569,0.052993774,-0.11543274,0.08647156,-0.078704834,
1396206990829646616,3,0.3768921,0.081222534,0.43984985,
1396206990829646616,0,0.36506653,0.08918762,0.44766235,-0.05882263,0.11958313,-0.0867157,
1396206990849788218,3,0.35606384,-0.22532654,0.6897888,
1396206990849788218,0,0.34423828,-0.21736145,0.6976013,0.053863525,0.060836792,-0.019424438,
1396206990869990854,3,-0.013504028,-0.3342743,0.6385193,
1396206990869990854,0,-0.02532959,-0.3263092,0.6463318,0.09338379,0.0084991455,0.05961609,
1396206990890071421,3,-0.3755951,-0.2119751,0.36721802,
1396206990890071421,0,-0.38742065,-0.20401001,0.37503052,0.05493164,-0.058258057,0.083114624,
1396206990910213022,3,-0.5016327,0.10258484,0.1028595,
1396206990910213022,0,-0.51345825,0.11054993,0.110672,-0.01663208,-0.06947327,0.05908203,
1396206990930354624,3,-0.3553009,0.26280212,-0.029052734,
1396206990930354624,0,-0.36712646,0.2707672,-0.021240234,-0.07324219,0.010635376,0.026504517,
1396206990950496225,3,-0.10482788,0.15118408,-0.060028076,
1396206990950496225,0,-0.11665344,0.15914917,-0.052215576,-0.0705719,0.050689697,0.005142212,
1396206990970698862,3,0.061798096,0.035827637,-0.024780273,
1396206990970698862,0,0.049972534,0.043792725,-0.016967773,-0.033187866,0.011169434,-0.0066070557,
1396206990990779429,3,0.063934326,0.1207428,0.0013885498,
1396206990990779429,0,0.052108765,0.12870789,0.00920105,9.918213E-4,-0.026748657,0.008880615,
1396206991010890513,3,0.055923462,0.22381592,-0.025314331,
1396206991010890513,0,0.0440979,0.231781,-0.017501831,-0.021972656,4.8828125E-4,0.016357422,
1396206991031032114,3,0.14564514,0.16560364,-0.04988098,
1396206991031032114,0,0.13381958,0.17356873,-0.04206848,-0.042266846,0.040542603,0.0067443848,
1396206991051173716,3,0.23162842,0.036895752,-0.03866577,
1396206991051173716,0,0.21980286,0.04486084,-0.030853271,-0.019302368,0.040008545,0.005142212,
1396206991071345835,3,0.19584656,-0.053894043,-0.054153442,
1396206991071345835,0,0.184021,-0.045928955,-0.046340942,0.012207031,0.01651001,0.018493652,
1396206991091456919,3,0.07408142,-0.042678833,-0.11129761,
1396206991091456919,0,0.06225586,-0.034713745,-0.10348511,0.018615723,0.0042266846,0.024368286,
1396206991111537485,3,0.0073242188,-0.0154418945,-0.13693237,
1396206991111537485,0,-0.004501343,-0.0074768066,-0.12911987,-0.0075531006,0.003692627,8.69751E-4,
1396206991131740122,3,0.033493042,-0.042678833,-0.076049805,
1396206991131740122,0,0.02166748,-0.034713745,-0.068237305,-0.029449463,0.024520874,-0.011947632,
1396206991151881724,3,0.10826111,-0.13079834,-0.029052734,
1396206991151881724,0,0.09643555,-0.12283325,-0.021240234,-0.028381348,0.026123047,0.005142212,
1396206991172175913,3,0.1499176,-0.17245483,-0.032791138,
1396206991172175913,0,0.13809204,-0.16448975,-0.024978638,-0.017700195,0.011169434,0.011016846,
1396206991192195444,3,0.17021179,-0.14414978,-0.032791138,
1396206991192195444,0,0.15838623,-0.13618469,-0.024978638,-0.015563965,-0.003250122,0.0078125,
1396206991212276011,3,0.18463135,-0.11477661,-0.051483154,
1396206991212276011,0,0.17280579,-0.10681152,-0.043670654,-0.016098022,0.004760742,0.020095825,
1396206991232478647,3,0.16593933,-0.11584473,-0.11129761,
1396206991232478647,0,0.15411377,-0.10787964,-0.10348511,0.0036621094,0.004760742,0.022232056,
1396206991252620249,3,0.082092285,-0.08807373,-0.13639832,
1396206991252620249,0,0.07026672,-0.08010864,-0.12858582,0.012741089,4.8828125E-4,0.0056762695,
1396206991273585825,3,-0.031661987,-0.08326721,-0.073913574,
1396206991273585825,0,-0.04348755,-0.075302124,-0.066101074,0.027160645,0.012771606,-0.02796936,
1396206991292872934,3,-0.067977905,-0.100357056,-0.027450562,
1396206991292872934,0,-0.07980347,-0.09239197,-0.019638062,-0.01449585,0.020248413,-0.0028686523,
1396206991312984018,3,-0.005493164,-0.15483093,0.009399414,
1396206991312984018,0,-0.017318726,-0.14686584,0.017211914,-0.026779175,0.012771606,-0.00340271,
1396206991333156138,3,-0.01777649,-0.21731567,0.060134888,
1396206991333156138,0,-0.02960205,-0.20935059,0.06794739,0.00793457,0.01651001,-0.0018005371,
1396206991353297739,3,-0.18386841,-0.20343018,0.06333923,
1396206991353297739,0,-0.19569397,-0.19546509,0.07115173,-0.0118255615,0.007965088,0.0078125,
1396206991373469858,3,-0.27519226,-0.1906128,0.02809143,
1396206991373469858,0,-0.28701782,-0.1826477,0.03590393,-0.0016784668,0.007965088,0.014221191,
1396206991393611460,3,-0.282135,-0.1906128,-0.032791138,
1396206991393611460,0,-0.29396057,-0.1826477,-0.024978638,-0.013961792,0.009033203,0.031311035,
1396206991413692026,3,-0.21858215,-0.16551208,-0.13853455,
1396206991413692026,0,-0.23040771,-0.157547,-0.13072205,-0.048675537,-0.011795044,0.033447266,
1396206991433894663,3,-0.0060272217,-0.10195923,-0.21543884,
1396206991433894663,0,-0.017852783,-0.09399414,-0.20762634,-0.07324219,0.004760742,0.017425537,
1396206991454110272,3,0.17501831,-0.10890198,-0.20529175,
1396206991454110272,0,0.16319275,-0.10093689,-0.19747925,-0.02998352,0.0074310303,-0.0012664795,
1396206991474251873,3,0.10612488,-0.07044983,-0.20262146,
1396206991474251873,0,0.09429932,-0.06248474,-0.19480896,0.035705566,-0.016067505,0.014221191,
1396206991514870770,3,-0.22232056,0.0043182373,-0.26457214,
1396206991514870770,0,-0.23414612,0.012283325,-0.25675964,-0.018234253,0.015975952,-0.005004883,
1396206991534646160,3,-0.16304016,-0.026123047,-0.15348816,
1396206991534646160,0,-0.17486572,-0.018157959,-0.14567566,-0.035858154,0.012237549,-0.028503418,
1396206991554787762,3,-0.041275024,-0.050689697,-0.04133606,
1396206991554787762,0,-0.053100586,-0.04272461,-0.03352356,-0.044403076,0.0154418945,-0.013549805,
1396206991574929363,3,0.070877075,-0.06724548,0.01687622,
1396206991574929363,0,0.059051514,-0.059280396,0.02468872,-0.03265381,0.0074310303,0.005142212,
1396206991595040447,3,0.10345459,-0.040008545,-0.014633179,
1396206991595040447,0,0.09162903,-0.032043457,-0.0068206787,-0.012893677,-0.010192871,0.021697998,
1396206991615395672,3,0.12054443,0.031021118,-0.057357788,
1396206991615395672,0,0.10871887,0.038986206,-0.049545288,-0.022506714,-0.0053863525,0.012084961,
1396206991635354168,3,0.17181396,0.023544312,-0.041870117,
1396206991635354168,0,0.1599884,0.0315094,-0.034057617,-0.024642944,0.022384644,-1.9836426E-4,
1396206991655495770,3,0.20172119,-0.012771606,-0.03492737,
1396206991655495770,0,0.18989563,-0.0048065186,-0.027114868,-0.010757446,0.0074310303,0.015289307,
1396206991676461346,3,0.1600647,0.014465332,-0.08833313,
1396206991676461346,0,0.14823914,0.02243042,-0.08052063,0.0020599365,0.0015563965,0.023834229,
1396206991695778973,3,0.12748718,0.03262329,-0.10702515,
1396206991695778973,0,0.11566162,0.04058838,-0.09921265,-0.010223389,0.007965088,-0.0012664795,
1396206991715890057,3,0.13122559,0.022476196,-0.04827881,
1396206991715890057,0,0.119400024,0.030441284,-0.04046631,-0.013961792,0.0074310303,-0.0066070557,
1396206991736062176,3,0.12054443,0.020874023,-0.007156372,
1396206991736062176,0,0.10871887,0.028839111,6.5612793E-4,-0.0075531006,0.010101318,-7.324219E-4,
1396206991756203777,3,0.1146698,0.024612427,-0.00982666,
1396206991756203777,0,0.10284424,0.032577515,-0.0020141602,-0.010223389,0.0042266846,0.01689148,
1396206991776375897,3,0.10986328,0.08442688,-0.03866577,
1396206991776375897,0,0.09803772,0.09239197,-0.030853271,-0.013961792,-0.016067505,0.012619019,
1396206991796486981,3,0.15472412,0.1485138,-0.044540405,
1396206991796486981,0,0.14289856,0.15647888,-0.036727905,-0.02784729,0.0010223389,0.0067443848,
1396206991816628582,3,0.20706177,0.16560364,-0.028518677,
1396206991816628582,0,0.1952362,0.17356873,-0.020706177,-0.024642944,0.018112183,-0.005004883,
1396206991836770184,3,0.25886536,0.119140625,0.022750854,
1396206991836770184,0,0.2470398,0.12710571,0.030563354,-0.024108887,0.019714355,0.0014038086,
1396206991856911785,3,0.28877258,0.10044861,0.0019226074,
1396206991856911785,0,0.27694702,0.1084137,0.009735107,-0.013427734,0.0042266846,0.017959595,
1396206991877083904,3,0.2658081,0.1383667,-0.023712158,
1396206991877083904,0,0.25398254,0.14633179,-0.015899658,0.0031280518,-0.0069885254,0.010482788,
1396206991897194988,3,0.14938354,0.19551086,-0.046142578,
1396206991897194988,0,0.13755798,0.20347595,-0.038330078,0.028762817,-0.0021820068,0.020095825,
1396206991917611248,3,0.004119873,0.2328949,-0.10702515,
1396206991917611248,0,-0.0077056885,0.24085999,-0.09921265,0.012741089,0.0052948,0.02116394,
1396206991937539227,3,0.005722046,0.25746155,-0.13372803,
1396206991937539227,0,-0.0061035156,0.26542664,-0.12591553,-0.03265381,-0.003250122,0.010482788,
1396206991957650311,3,0.04737854,0.32528687,-0.1251831,
1396206991957650311,0,0.03555298,0.33325195,-0.117370605,-0.007019043,-0.014465332,0.0040740967,
1396206991978615887,3,-0.046081543,0.41127014,-0.14334106,
1396206991978615887,0,-0.057907104,0.41923523,-0.13552856,0.03303528,-0.011795044,0.01902771,
1396206991997902996,3,-0.2922821,0.42088318,-0.14067078,
1396206991997902996,0,-0.30410767,0.42884827,-0.13285828,0.0592041,0.018112183,-0.009277344,
1396206992018014080,3,-0.4663849,0.3210144,0.023284912,
1396206992018014080,0,-0.47821045,0.3289795,0.031097412,-0.0048828125,0.04534912,-0.05253601,
1396206992079293377,3,0.7710266,0.10418701,0.52156067,
1396206992079293377,0,0.75920105,0.1121521,0.52937317,-0.07698059,-0.004852295,0.033447266,
1396206992098611004,3,0.7234955,0.18910217,0.33036804,
1396206992098611004,0,0.7116699,0.19706726,0.33818054,0.07949829,-0.027816772,0.06442261,
1396206992118783123,3,0.15151978,0.20779419,0.13223267,
1396206992118783123,0,0.13969421,0.21575928,0.14004517,0.16334534,0.030395508,0.048934937,
1396206992138924725,3,-0.46424866,0.00592041,0.020614624,
1396206992138924725,0,-0.47607422,0.013885498,0.028427124,0.10513306,0.072052,0.022766113,
1396206992159066326,3,-0.63461304,0.0096588135,0.017410278,
1396206992159066326,0,-0.6464386,0.017623901,0.025222778,-0.042800903,-0.049179077,0.0014038086,
1396206992179207928,3,-0.33554077,0.20993042,-0.019439697,
1396206992179207928,0,-0.34736633,0.21789551,-0.011627197,-0.11116028,-0.023010254,0.029708862,
1396206992199257977,3,-0.05142212,0.24945068,-0.05682373,
1396206992199257977,0,-0.06324768,0.25741577,-0.04901123,-0.042800903,0.02078247,0.0019378662,
1396206992219491131,3,-0.05836487,0.1912384,0.0259552,
1396206992219491131,0,-0.07019043,0.19920349,0.0337677,0.0047302246,0.019180298,-0.01889038,
1396206992239571697,3,-0.0743866,0.16453552,0.08256531,
1396206992239571697,0,-0.08621216,0.17250061,0.09037781,-0.020904541,0.006362915,0.0067443848,
1396206992259743816,3,-0.034332275,0.17575073,0.04624939,
1396206992259743816,0,-0.046157837,0.18371582,0.05406189,-0.018234253,0.007965088,0.024902344,
1396206992280739910,3,-0.008163452,0.18536377,0.01260376,
1396206992280739910,0,-0.019989014,0.19332886,0.02041626,-0.019836426,0.0058288574,0.008346558,
1396206992300027020,3,0.034561157,0.16506958,0.0035247803,
1396206992300027020,0,0.022735596,0.17303467,0.01133728,-0.025177002,0.01651001,0.015289307,
1396206992320382244,3,0.035629272,0.12768555,-0.035995483,
1396206992320382244,0,0.023803711,0.13565063,-0.028182983,0.0025939941,0.019714355,0.018493652,
1396206992340249188,3,-0.031661987,0.06359863,-0.054153442,
1396206992340249188,0,-0.04348755,0.07156372,-0.046340942,0.0047302246,0.030395508,0.0014038086,
1396206992360451824,3,-0.083465576,-0.035736084,-0.010360718,
1396206992360451824,0,-0.09529114,-0.027770996,-0.0025482178,-0.0032806396,0.03466797,-0.0028686523,
1396206992381386883,3,-0.059432983,-0.100357056,0.018478394,
1396206992381386883,0,-0.071258545,-0.09239197,0.026290894,-0.035858154,0.015975952,0.003540039,
1396206992400735027,3,0.060195923,-0.1211853,0.030761719,
1396206992400735027,0,0.04837036,-0.113220215,0.03857422,-0.047607422,0.003692627,0.009414673,
1396206992420876629,3,0.20652771,-0.13987732,0.0056610107,
1396206992420876629,0,0.19470215,-0.13191223,0.013473511,-0.049743652,0.012771606,0.020629883,
1396206992440987713,3,0.31173706,-0.09234619,-0.057357788,
1396206992440987713,0,0.2999115,-0.0843811,-0.049545288,-0.017166138,-0.008056641,0.02810669,
1396206992461159832,3,0.24337769,-0.023452759,-0.14334106,
1396206992461159832,0,0.23155212,-0.015487671,-0.13552856,0.023422241,-0.008590698,0.026504517,
1396206992481331951,3,0.075683594,-0.03627014,-0.170578,
1396206992481331951,0,0.06385803,-0.028305054,-0.1627655,0.030899048,0.026657104,0.0014038086,
1396206992501443035,3,-0.09788513,-0.12011719,-0.11557007,
1396206992501443035,0,-0.10971069,-0.1121521,-0.10775757,0.029296875,0.025054932,-0.009811401,
1396206992521584637,3,-0.22819519,-0.15162659,-0.029586792,
1396206992521584637,0,-0.24002075,-0.1436615,-0.021774292,0.015411377,0.015975952,-0.01889038,
1396206992541695721,3,-0.28373718,-0.18206787,0.0713501,
1396206992541695721,0,-0.29556274,-0.17410278,0.0791626,-0.012359619,0.021850586,-0.013015747,
1396206992561867840,3,-0.19454956,-0.25416565,0.16694641,
1396206992561867840,0,-0.20637512,-0.24620056,0.17475891,-0.05455017,0.02986145,-0.01675415,
1396206992582039959,3,-0.023117065,-0.3743286,0.2577362,
1396206992582039959,0,-0.034942627,-0.36636353,0.2655487,-0.047607422,0.031463623,-0.010345459,
1396206992602151043,3,0.104522705,-0.35403442,0.2892456,
1396206992602151043,0,0.09269714,-0.34606934,0.2970581,-0.047073364,-0.0262146,0.015823364,
1396206992622292645,3,0.22575378,-0.14575195,0.19418335,
1396206992622292645,0,0.21392822,-0.13778687,0.20199585,-0.030517578,-0.051849365,0.048934937,
1396206992642373211,3,0.21026611,-0.0015563965,0.004058838,
1396206992642373211,0,0.19844055,0.0064086914,0.011871338,0.011672974,-0.008056641,0.054275513,
1396206992662575848,3,0.035095215,-0.030929565,-0.170578,
1396206992662575848,0,0.023269653,-0.022964478,-0.1627655,0.07469177,0.055496216,0.06549072,
1396206992682747967,3,-0.16517639,-0.14468384,-0.2688446,
1396206992682747967,0,-0.17700195,-0.13671875,-0.2610321,0.022888184,0.0154418945,0.008880615,
1396206992702859051,3,-0.28907776,-0.12973022,-0.22077942,
1396206992702859051,0,-0.30090332,-0.12176514,-0.21296692,0.011138916,-0.0016479492,-0.012481689,
1396206992723031170,3,-0.30189514,-0.13346863,-0.13586426,
1396206992723031170,0,-0.3137207,-0.12550354,-0.12805176,-0.028381348,0.015975952,-0.013015747,
1396206992743111736,3,-0.1763916,-0.14735413,-0.04988098,
1396206992743111736,0,-0.18821716,-0.13938904,-0.04206848,-0.053482056,0.0031585693,-0.010345459,
1396206992763314373,3,-0.012969971,-0.13079834,-0.009292603,
1396206992763314373,0,-0.024795532,-0.12283325,-0.0014801025,-0.049209595,0.004760742,0.003540039,
1396206992783455975,3,0.08583069,-0.17192078,0.0035247803,
1396206992783455975,0,0.07400513,-0.16395569,0.01133728,-0.021972656,0.023452759,0.0056762695,
1396206992803597576,3,0.07034302,-0.17619324,-0.0066223145,
1396206992803597576,0,0.058517456,-0.16822815,0.0011901855,9.918213E-4,-0.0053863525,0.011550903,
1396206992823830731,3,0.037765503,-0.12545776,-0.025848389,
1396206992823830731,0,0.025939941,-0.117492676,-0.018035889,-0.011291504,-0.0016479492,0.012619019,
1396206992843880779,3,0.056991577,-0.10195923,-0.05255127,
1396206992843880779,0,0.045166016,-0.09399414,-0.04473877,-0.015563965,0.0015563965,0.01689148,
1396206992864022381,3,0.051116943,-0.09074402,-0.0861969,
1396206992864022381,0,0.03929138,-0.08277893,-0.0783844,-0.0032806396,0.012771606,0.018493652,
1396206992884163982,3,-0.024719238,-0.127594,-0.113967896,
1396206992884163982,0,-0.0365448,-0.119628906,-0.106155396,0.015945435,0.02078247,0.0078125,
1396206992904305584,3,-0.11550903,-0.18740845,-0.107559204,
1396206992904305584,0,-0.1273346,-0.17944336,-0.099746704,0.0031280518,0.02078247,0.0067443848,
1396206992924447186,3,-0.13313293,-0.1804657,-0.13105774,
1396206992924447186,0,-0.1449585,-0.17250061,-0.12324524,-0.020904541,-0.0096588135,0.019561768,
1396206992944588787,3,-0.063705444,-0.0821991,-0.170578,
1396206992944588787,0,-0.075531006,-0.07423401,-0.1627655,-0.028381348,-0.022476196,0.014221191,
1396206992964730389,3,-0.039138794,0.0096588135,-0.15509033,
1396206992964730389,0,-0.050964355,0.017623901,-0.14727783,-0.013427734,-0.006454468,-1.9836426E-4,
1396206992984871990,3,0.022277832,0.06253052,-0.08299255,
1396206992984871990,0,0.0104522705,0.070495605,-0.07518005,-0.039596558,0.0015563965,-0.015686035,
1396206993005013592,3,0.16860962,0.0438385,0.008865356,
1396206993005013592,0,0.15678406,0.05180359,0.016677856,-0.0566864,0.024520874,-0.012481689,
1396206993025155193,3,0.33683777,-0.05923462,0.049987793,
1396206993025155193,0,0.3250122,-0.05126953,0.057800293,-0.040130615,0.033599854,0.0072784424,
1396206993045474673,3,0.33790588,-0.05656433,0.029159546,
1396206993045474673,0,0.32608032,-0.048599243,0.036972046,0.015411377,-0.01713562,0.017425537,
1396206993065585757,3,0.14778137,0.08442688,-0.027450562,
1396206993065585757,0,0.13595581,0.09239197,-0.019638062,0.053863525,-0.032089233,0.024902344,
1396206993085727359,3,-0.11444092,0.22488403,-0.09954834,
1396206993085727359,0,-0.12626648,0.23284912,-0.09173584,0.04585266,-0.020874023,0.024368286,
1396206993126407290,3,-0.11657715,0.19070435,0.0115356445,
1396206993126407290,0,-0.12840271,0.19866943,0.019348145,-0.03425598,0.040008545,-0.03224182,
1396206993146182681,3,-0.17372131,0.048110962,0.14344788,
1396206993146182681,0,-0.18554688,0.05607605,0.15126038,0.047454834,0.049087524,-0.017822266,
1396206993166324282,3,-0.4850769,-0.027191162,0.18991089,
1396206993166324282,0,-0.49690247,-0.019226074,0.19772339,0.07362366,0.0026245117,0.013687134,
1396206993186465884,3,-0.68481445,0.029418945,0.15733337,
1396206993186465884,0,-0.69664,0.037384033,0.16514587,-0.010757446,-0.014465332,0.013153076,
1396206993206607485,3,-0.50216675,0.041168213,0.16000366,
1396206993206607485,0,-0.5139923,0.0491333,0.16781616,-0.10902405,0.03253174,8.69751E-4,
1396206993226871157,3,0.055923462,0.042236328,0.21234131,
1396206993226871157,0,0.0440979,0.050201416,0.22015381,-0.17578125,-0.017669678,-0.004470825,
1396206993246890689,3,0.50453186,0.10525513,0.20326233,
1396206993246890689,0,0.4927063,0.113220215,0.21107483,-0.056152344,0.0154418945,0.020629883,
1396206993267032290,3,0.45166016,0.039031982,0.1343689,
1396206993267032290,0,0.4398346,0.04699707,0.1421814,0.050125122,0.030395508,0.027572632,
1396206993287967349,3,0.032958984,-0.019714355,0.06654358,
1396206993287967349,0,0.021133423,-0.011749268,0.07435608,0.12809753,0.01864624,0.019561768,
1396206993307284976,3,-0.44288635,-0.012237549,0.011001587,
1396206993307284976,0,-0.4547119,-0.004272461,0.018814087,0.06774902,-0.008056641,0.022766113,
1396206993327426577,3,-0.5219269,0.05558777,-0.046676636,
1396206993367709780,3,0.035095215,0.040100098,-0.00982666,
1396206993367709780,0,0.023269653,0.048065186,-0.0020141602,-0.04386902,0.030395508,-0.0012664795,
1396206993387881900,3,0.028686523,-0.011703491,0.006729126,
1396206993387881900,0,0.016860962,-0.0037384033,0.014541626,0.011672974,0.0010223389,0.0078125,
1396206993407962466,3,-0.041809082,0.067871094,-0.0028839111,
1396206993407962466,0,-0.053634644,0.07583618,0.004928589,-0.00541687,-0.014465332,0.0099487305,
1396206993428317691,3,0.0019836426,0.15919495,-2.1362305E-4,
1396206993428317691,0,-0.009841919,0.16716003,0.007598877,-0.040664673,-0.01499939,0.0030059814,
1396206993448245669,3,0.15419006,0.21046448,0.03717041,
1396206993448245669,0,0.1423645,0.21842957,0.04498291,-0.05508423,0.014907837,-0.0055389404,
1396206993468387271,3,0.2935791,0.09991455,0.08683777,
1396206993468387271,0,0.28175354,0.10787964,0.09465027,-0.033187866,0.042144775,-0.0028686523,
1396206993489413882,3,0.28823853,-0.02772522,0.11193848,
1396206993489413882,0,0.27641296,-0.019760132,0.11975098,0.008468628,0.033065796,0.011550903,
1396206993508762026,3,0.17234802,-0.05870056,0.044647217,
1396206993508762026,0,0.16052246,-0.050735474,0.052459717,0.022888184,0.0010223389,0.033981323,
1396206993528812075,3,0.075149536,-0.04534912,-0.04827881,
1396206993528812075,0,0.063323975,-0.037384033,-0.04046631,-0.0016784668,0.007965088,0.02116394,
1396206993548984194,3,0.09651184,-0.052825928,-0.046142578,
1396206993548984194,0,0.08468628,-0.04486084,-0.038330078,-0.031585693,0.010101318,-0.0066070557,
1396206993569095278,3,0.19050598,-0.07472229,0.033966064,
1396206993569095278,0,0.17868042,-0.0667572,0.041778564,-0.03479004,0.021316528,-0.010879517,
1396206993589297915,3,0.2342987,-0.15002441,0.053726196,
1396206993589297915,0,0.22247314,-0.14205933,0.061538696,-0.009155273,0.029327393,0.019561768,
1396206993609378482,3,0.16593933,-0.18367004,-0.052017212,
1396206993609378482,0,0.15411377,-0.17570496,-0.044204712,0.022888184,0.0084991455,0.045196533,
1396206993629489566,3,-0.04447937,-0.12545776,-0.1769867,
1396206993629489566,0,-0.05630493,-0.117492676,-0.1691742,0.051727295,-0.017669678,0.029174805,
1396206993649692202,3,-0.207901,-0.04107666,-0.21437073,
1396206993649692202,0,-0.21972656,-0.033111572,-0.20655823,-0.0016784668,-0.0037841797,0.0046081543,
1396206993669803286,3,-0.14648438,-0.033599854,-0.1353302,
1396206993669803286,0,-0.15830994,-0.025634766,-0.1275177,-0.044937134,0.023986816,-0.03277588,
1396206993690799380,3,-0.034866333,-0.19007874,0.060668945,
1396206993690799380,0,-0.046691895,-0.18211365,0.068481445,-0.03479004,0.05656433,-0.040786743,
1396206993710117007,3,0.023345947,-0.33374023,0.17121887,
1396206993710117007,0,0.011520386,-0.32577515,0.17903137,-0.015029907,0.03466797,0.0024719238,
1396206993730289126,3,0.001449585,-0.34121704,0.14878845,
1396206993730289126,0,-0.010375977,-0.33325195,0.15660095,-0.0038146973,-0.010192871,0.022766113,
1396206993750430728,3,-0.034866333,-0.21304321,0.06814575,
1396206993750430728,0,-0.046691895,-0.20507813,0.07595825,-0.0038146973,-0.040100098,0.029708862,
1396206993770511294,3,0.021209717,-0.040542603,-0.009292603,
1396206993770511294,0,0.009384155,-0.032577515,-0.0014801025,-0.05241394,-0.023544312,0.022766113,
1396206993790713931,3,0.20599365,0.006454468,-0.040267944,
1396206993790713931,0,0.19416809,0.014419556,-0.032455444,-0.05241394,0.014907837,0.0067443848,
1396206993810825015,3,0.23536682,-0.06137085,-0.028518677,
1396206993810825015,0,0.22354126,-0.05340576,-0.020706177,0.018615723,0.031463623,0.003540039,
1396206993830966616,3,-6.866455E-4,-0.11264038,-0.042404175,
1396206993830966616,0,-0.012512207,-0.10467529,-0.034591675,0.06774902,0.012237549,0.019561768,
1396206993851138735,3,-0.3264618,-0.11317444,-0.12197876,
1396206993851138735,0,-0.33828735,-0.10520935,-0.11416626,0.062408447,-0.0021820068,0.028640747,
1396206993871262872,3,-0.51338196,-0.05709839,-0.14974976,
1396206993871262872,0,-0.5252075,-0.0491333,-0.14193726,0.00579834,-0.00592041,8.69751E-4,
1396206993891465509,3,-0.45463562,-0.014373779,-0.09313965,
1396206993891465509,0,-0.46646118,-0.0064086914,-0.08532715,-0.05508423,4.8828125E-4,-0.007675171,
1396206993911607110,3,-0.25276184,-0.007965088,-0.060028076,
1396206993911607110,0,-0.2645874,0.0,-0.052215576,-0.062561035,0.019714355,0.006210327,
1396206993931748712,3,-0.09147644,-0.03413391,-0.07070923,
1396206993931748712,0,-0.103302,-0.026168823,-0.06289673,-0.0390625,0.022384644,0.01689148,
1396206993951890313,3,-0.031661987,-0.042144775,-0.09100342,
1396206993951890313,0,-0.04348755,-0.034179688,-0.08319092,-0.01663208,-0.0027160645,0.012619019,
1396206993972031915,3,0.010528564,-0.033065796,-0.06109619,
1396206993972031915,0,-0.0012969971,-0.025100708,-0.05328369,-0.038528442,0.011703491,-0.020492554,
1396206993992234552,3,0.11680603,-0.013839722,-0.0018157959,
1396206993992234552,0,0.10498047,-0.005874634,0.005996704,-0.042266846,0.009567261,0.003540039,
1396206994012284600,3,0.20492554,-0.040542603,0.020080566,
1396206994012284600,0,0.19309998,-0.032577515,0.027893066,-0.020370483,0.012771606,0.006210327,
1396206994032365167,3,0.1712799,-0.066711426,-0.011428833,
1396206994032365167,0,0.15945435,-0.058746338,-0.003616333,0.010070801,0.010101318,0.021697998,
1396206994052567804,3,0.084228516,-0.093948364,-0.085128784,
1396206994052567804,0,0.072402954,-0.08598328,-0.077316284,9.918213E-4,0.020248413,0.023834229,
1396206994072678888,3,0.05645752,-0.10783386,-0.11236572,
1396206994072678888,0,0.044631958,-0.099868774,-0.10455322,-0.010757446,0.0052948,0.0072784424,
1396206994093583429,3,0.061264038,-0.100357056,-0.096343994,
1396206994093583429,0,0.049438477,-0.09239197,-0.088531494,-0.015563965,0.009567261,-1.9836426E-4,
1396206994112992608,3,0.13389587,-0.10089111,-0.03919983,
1396206994112992608,0,0.12207031,-0.092926025,-0.03138733,-0.040130615,0.004760742,-0.010345459,
1396206994133317315,3,0.25619507,-0.107299805,0.04144287,
1396206994133317315,0,0.2443695,-0.09933472,0.04925537,-0.047073364,0.01651001,-0.0066070557,
1396206994153275811,3,0.38276672,-0.12812805,0.06707764,
1396206994153275811,0,0.37094116,-0.120162964,0.07489014,-0.035858154,0.002090454,0.011550903,
1396206994173447930,3,0.44631958,-0.04588318,-0.024246216,
1396206994173447930,0,0.43449402,-0.03791809,-0.016433716,-0.02357483,-0.01499939,0.053741455,
1396206994194382989,3,0.44952393,5.79834E-4,-0.22291565,
1396206994194382989,0,0.43769836,0.008544922,-0.21510315,0.005264282,0.007965088,0.05053711,
1396206994213700616,3,0.29678345,-0.023986816,-0.29501343,
1396206994213700616,0,0.2849579,-0.016021729,-0.28720093,0.04798889,0.017578125,0.006210327,
1396206994233842218,3,9.1552734E-4,-0.026123047,-0.28326416,
1396206994233842218,0,-0.010910034,-0.018157959,-0.27545166,0.0693512,-0.010192871,0.0072784424,
1396206994253922784,3,-0.26611328,0.105789185,-0.300354,
1396206994253922784,0,-0.27793884,0.11375427,-0.2925415,0.03730774,-0.028884888,0.01902771,
1396206994274125421,3,-0.36064148,0.1736145,-0.29447937,
1396206994274125421,0,-0.37246704,0.18157959,-0.28666687,-0.01449585,0.011169434,-0.01461792,
1396206994294785821,3,-0.26504517,0.0716095,-0.13372803,
1396206994294785821,0,-0.27687073,0.079574585,-0.12591553,-0.05027771,0.05656433,-0.04612732,
1396206994314408624,3,-0.16090393,-0.16070557,0.0750885,
1396206994314408624,0,-0.17272949,-0.15274048,0.082901,-0.021972656,0.058166504,-0.03918457,
1396206994334550225,3,-0.15716553,-0.24989319,0.18830872,
1396206994334550225,0,-0.16899109,-0.2419281,0.19612122,-0.0064849854,0.0010223389,-0.0028686523,
1396206994354691827,3,-0.12512207,-0.1628418,0.21875,
1396206994354691827,0,-0.13694763,-0.15487671,0.2265625,-0.04386902,-0.021942139,0.0019378662,
1396206994374833429,3,0.079956055,-0.033599854,0.17015076,
1396206994374833429,0,0.06813049,-0.025634766,0.17796326,-0.069503784,-0.021942139,0.03451538,
1396206994395615899,3,0.20118713,0.045440674,0.08950806,
1396206994395615899,0,0.18936157,0.05340576,0.09732056,-0.01449585,0.003692627,0.017959595,
1396206994415147149,3,0.14457703,-0.014373779,0.065475464,
1396206994415147149,0,0.13275146,-0.0064086914,0.073287964,0.020751953,0.042144775,0.008880615,
1396206994435288751,3,-0.06317139,-0.20983887,0.09965515,
1396206994435288751,0,-0.07499695,-0.20187378,0.10746765,0.053329468,0.06137085,-0.005004883,
1396206994455430352,3,-0.31845093,-0.32359314,0.13597107,
1396206994455430352,0,-0.3302765,-0.31562805,0.14378357,0.04371643,0.0031585693,0.0046081543,
1396206994475571954,3,-0.4386139,-0.19595337,0.118881226,
1396206994475571954,0,-0.45043945,-0.18798828,0.12669373,-0.009155273,-0.042236328,0.020629883,
1396206994496323907,3,-0.34194946,-0.046951294,0.076156616,
1396206994496323907,0,-0.35377502,-0.038986206,0.083969116,-0.059890747,-0.011795044,0.012084961,
1396206994515824639,3,-0.12619019,-0.037872314,0.09164429,
1396206994515824639,0,-0.13801575,-0.029907227,0.09945679,-0.06629944,0.031463623,-0.0012664795,
1396206994535935723,3,0.051116943,-0.13346863,0.13330078,
1396206994535935723,0,0.03929138,-0.12550354,0.14111328,-0.042800903,0.017044067,-0.0012664795,
1396206994556107843,3,0.12374878,-0.075790405,0.13703918,
1396206994556107843,0,0.11192322,-0.06782532,0.14485168,-0.018234253,-0.01713562,0.011016846,
1396206994576249444,3,0.11199951,0.029953003,0.07989502,
1396206994576249444,0,0.10017395,0.03791809,0.08770752,-7.6293945E-5,-0.012863159,0.033981323,
1396206994596940362,3,0.057525635,0.094573975,-0.014099121,
1396206994596940362,0,0.045700073,0.10253906,-0.006286621,-0.0011444092,-0.004852295,0.024368286,
1396206994616532647,3,0.057525635,0.092437744,-0.017837524,
1396206994616532647,0,0.045700073,0.10040283,-0.010025024,-0.026779175,0.033599854,-0.006072998,
1396206994636674249,3,0.12695313,-0.044815063,0.05479431,
1396206994636674249,0,0.11512756,-0.036849976,0.06260681,-0.026779175,0.044815063,-0.009277344,
1396206994656785333,3,0.10398865,-0.15109253,0.069747925,
1396206994656785333,0,0.092163086,-0.14312744,0.077560425,0.016479492,0.023986816,0.018493652,
1396206994676957452,3,-0.030593872,-0.15696716,0.008331299,
1396206994676957452,0,-0.042419434,-0.14900208,0.016143799,0.016479492,-0.0011138916,0.022232056,
1396206994697526300,3,-0.067977905,-0.11424255,-0.017837524,
1396206994697526300,0,-0.07980347,-0.106277466,-0.010025024,-0.01663208,0.010635376,0.0067443848,
1396206994717240655,3,0.011062622,-0.18527222,0.019546509,
1396206994717240655,0,-7.6293945E-4,-0.17730713,0.027359009,-0.04547119,0.03253174,-0.009277344,
1396206994737382257,3,0.1563263,-0.26805115,0.076690674,
1396206994737382257,0,0.14450073,-0.26008606,0.084503174,-0.04547119,0.018112183,-0.0012664795,
1396206994757523858,3,0.26153564,-0.25202942,0.054260254,
1396206994757523858,0,0.24971008,-0.24406433,0.062072754,-0.021438599,-0.0011138916,0.028640747,
1396206994777665460,3,0.17181396,-0.21838379,-0.06430054,
1396206994777665460,0,0.1599884,-0.2104187,-0.056488037,0.040512085,0.0058288574,0.04359436,
1396206994797776544,3,-0.012969971,-0.22799683,-0.17858887,
1396206994797776544,0,-0.024795532,-0.22003174,-0.17077637,0.015945435,0.009033203,0.031845093,
1396206994817948663,3,-0.077056885,-0.19915771,-0.21917725,
1396206994817948663,0,-0.08888245,-0.19119263,-0.21136475,-0.00541687,-0.008056641,-0.004470825,
1396206994838090264,3,-0.05996704,-0.12545776,-0.12678528,
1396206994838090264,0,-0.0717926,-0.117492676,-0.11897278,-0.021438599,4.8828125E-4,-0.01889038,
1396206994858231866,3,-0.015106201,-0.1804657,-0.04827881,
1396206994858231866,0,-0.026931763,-0.17250061,-0.04046631,-0.004348755,0.049087524,-0.0023345947,
1396206994878495538,3,-0.19615173,-0.34655762,0.076156616,
1396206994878495538,0,-0.2079773,-0.33859253,0.083969116,0.038909912,0.0154418945,-0.029571533,
1396206994899247491,3,-0.41137695,-0.3972931,0.13169861,
1396206994899247491,0,-0.4232025,-0.389328,0.13951111,0.034103394,0.0031585693,0.0099487305,
1396206994918656671,3,-0.49575806,-0.3743286,0.09378052,
1396206994918656671,0,-0.5075836,-0.36636353,0.10159302,-0.016098022,-0.0037841797,0.027572632,
1396206994938798272,3,-0.3488922,-0.29956055,0.029159546,
1396206994938798272,0,-0.36071777,-0.29159546,0.036972046,-0.07858276,-0.017669678,0.018493652,
1396206994958939874,3,-0.08453369,-0.23280334,0.002456665,
1396206994958939874,0,-0.09635925,-0.22483826,0.010269165,-0.071640015,0.0010223389,0.018493652,
1396206994979081475,3,0.06500244,-0.22265625,-0.069107056,
1396206994979081475,0,0.05317688,-0.21469116,-0.061294556,-0.02357483,0.0026245117,0.018493652,
