1396205908397485235,2,-27.539063,-53.09906,-6.1187744,
1396205908397485235,-80,28.889465,-73.82355,38.554382,56.27899,-19.918823,46.37909,
1396205908417382696,2,-27.598572,-53.03955,-6.1798096,
1396205908417382696,-80,28.889465,-72.81494,40.194702,56.27899,-19.918823,46.37909,
1396205908456841925,2,-27.479553,-53.09906,-6.1187744,
1396205908456841925,-80,28.388977,-73.32001,40.359497,56.27899,-19.918823,46.37909,
1396205908477044561,2,-27.598572,-53.15857,-6.4193726,
1396205908477044561,-80,29.223633,-73.150635,39.538574,56.27899,-19.918823,46.37909,
1396205908497735479,2,-27.359009,-53.15857,-6.539917,
1396205908497735479,-80,28.723145,-73.6557,40.359497,56.27899,-19.918823,46.37909,
1396205908518060186,2,-27.539063,-52.919006,-6.298828,
1396205908518060186,-80,28.05481,-71.63849,41.34369,56.27899,-19.918823,46.37909,
1396205908537469366,2,-27.479553,-53.03955,-6.3598633,
1396205908537469366,-80,29.057312,-72.98279,40.031433,56.27899,-19.918823,46.37909,
1396205908557549932,2,-27.359009,-52.919006,-5.9387207,
1396205908557549932,-80,29.724121,-72.647095,41.999817,56.27899,-19.918823,46.37909,
1396205908577752569,2,-27.418518,-52.799988,-5.819702,
1396205908577752569,-80,28.388977,-71.97418,41.34369,56.27899,-19.918823,46.37909,
1396205908598474005,2,-27.659607,-52.679443,-5.758667,
1396205908598474005,-80,28.22113,-71.806335,41.18042,56.27899,-19.918823,46.37909,
1396205908618768194,2,-27.359009,-52.679443,-5.819702,
1396205908618768194,-80,30.726624,-73.32001,39.70337,56.27899,-19.918823,46.37909,
1396205908638238409,2,-27.359009,-52.619934,-5.6396484,
1396205908638238409,-80,29.223633,-72.47925,41.18042,56.27899,-19.918823,46.37909,
1396205908658196905,2,-27.359009,-52.319336,-5.519104,
1396205908658196905,-80,29.057312,-71.63849,41.015625,56.27899,-19.918823,46.37909,
1396205908678521612,2,-27.23999,-52.49939,-5.758667,
1396205908678521612,-80,28.889465,-72.81494,39.86664,56.27899,-19.918823,46.37909,
1396205908699609259,2,-27.178955,-52.5589,-5.4595947,
1396205908699609259,-80,29.5578,-73.487854,42.16461,56.27899,-19.918823,46.37909,
1396205908718865850,2,-27.178955,-52.5589,-5.6396484,
1396205908718865850,-80,29.5578,-72.81494,40.522766,56.27899,-19.918823,46.37909,
1396205908738946417,2,-27.119446,-52.738953,-5.758667,
1396205908738946417,-80,28.889465,-73.150635,40.194702,56.27899,-19.918823,46.37909,
1396205908758752325,2,-27.178955,-52.859497,-5.9387207,
1396205908758752325,-80,27.720642,-72.647095,40.031433,56.27899,-19.918823,46.37909,
1396205908779229620,2,-27.479553,-52.738953,-5.819702,
1396205908779229620,-80,28.388977,-72.647095,40.359497,56.27899,-19.918823,46.37909,
1396205908799951056,2,-27.539063,-52.738953,-5.9387207,
1396205908799951056,-80,28.889465,-72.47925,40.194702,56.27899,-19.918823,46.37909,
1396205908819573858,2,-27.418518,-53.03955,-5.999756,
1396205908819573858,-80,29.5578,-73.82355,40.85083,56.27899,-19.918823,46.37909,
1396205908839654425,2,-27.418518,-53.15857,-5.9387207,
1396205908839654425,-80,29.057312,-73.6557,40.031433,56.27899,-19.918823,46.37909,
1396205908859460333,2,-27.598572,-53.03955,-6.1187744,
1396205908859460333,-80,28.05481,-72.309875,40.68756,56.27899,-19.918823,46.37909,
1396205908879937628,2,-27.659607,-52.919006,-6.298828,
1396205908879937628,-80,29.223633,-72.14203,39.538574,56.27899,-19.918823,46.37909,
1396205908900628546,2,-27.659607,-52.978516,-6.059265,
1396205908900628546,-80,29.223633,-73.487854,41.836548,56.27899,-19.918823,46.37909,
1396205908920922735,2,-27.479553,-52.919006,-5.9387207,
1396205908920922735,-80,29.057312,-72.309875,41.015625,56.27899,-19.918823,46.37909,
1396205908940362432,2,-27.418518,-53.15857,-5.819702,
1396205908940362432,-80,29.057312,-74.32861,41.34369,56.27899,-19.918823,46.37909,
1396205908961419561,2,-27.23999,-53.15857,-5.6991577,
1396205908961419561,-80,30.226135,-72.47925,41.18042,56.27899,-19.918823,46.37909,
1396205908980645636,2,-27.418518,-52.978516,-5.5786133,
1396205908980645636,-80,28.05481,-72.647095,41.999817,56.27899,-19.918823,46.37909,
1396205909001794317,2,-27.2995,-52.919006,-5.519104,
1396205909001794317,-80,30.058289,-73.32001,40.359497,56.27899,-19.918823,46.37909,
1396205909020928839,2,-27.178955,-53.09906,-5.519104,
1396205909020928839,-80,28.889465,-73.82355,40.522766,56.27899,-19.918823,46.37909,
1396205909041009405,2,-27.2995,-53.219604,-5.218506,
1396205909041009405,-80,28.22113,-72.81494,41.836548,56.27899,-19.918823,46.37909,
1396205909060876348,2,-27.479553,-53.219604,-5.3390503,
1396205909060876348,-80,27.554321,-73.487854,40.85083,56.27899,-19.918823,46.37909,
1396205909081292608,2,-27.418518,-53.15857,-5.3985596,
1396205909081292608,-80,29.5578,-72.14203,40.522766,56.27899,-19.918823,46.37909,
1396205909101983526,2,-27.418518,-53.03955,-5.3390503,
1396205909101983526,-80,29.223633,-73.150635,41.836548,56.27899,-19.918823,46.37909,
1396205909121575811,2,-27.539063,-53.03955,-5.3390503,
1396205909121575811,-80,29.223633,-72.81494,41.18042,56.27899,-19.918823,46.37909,
1396205909141717413,2,-27.2995,-53.09906,-5.3985596,
1396205909141717413,-80,29.724121,-72.98279,41.34369,56.27899,-19.918823,46.37909,
1396205909161645391,2,-27.2995,-53.15857,-5.279541,
1396205909161645391,-80,30.226135,-73.82355,41.836548,56.27899,-19.918823,46.37909,
1396205909182135411,2,-27.2995,-53.15857,-5.218506,
1396205909182135411,-80,29.057312,-73.6557,41.015625,56.27899,-19.918823,46.37909,
1396205909202826329,2,-27.119446,-53.15857,-5.3985596,
1396205909202826329,-80,29.724121,-72.98279,40.359497,56.27899,-19.918823,46.37909,
1396205909223120519,2,-26.939392,-53.09906,-5.0994873,
1396205909223120519,-80,28.723145,-72.647095,42.98401,56.27899,-19.918823,46.37909,
1396205909242560216,2,-26.879883,-53.15857,-4.9194336,
1396205909242560216,-80,30.058289,-72.647095,41.999817,56.27899,-19.918823,46.37909,
1396205909263159581,2,-26.939392,-53.09906,-4.9194336,
1396205909263159581,-80,28.889465,-72.81494,42.16461,56.27899,-19.918823,46.37909,
1396205909282812901,2,-26.818848,-53.09906,-4.8599243,
1396205909282812901,-80,30.058289,-72.98279,41.671753,56.27899,-19.918823,46.37909,
1396205909303992101,2,-26.879883,-53.15857,-4.8599243,
1396205909303992101,-80,29.223633,-73.487854,41.18042,56.27899,-19.918823,46.37909,
1396205909323828526,2,-26.998901,-53.09906,-4.978943,
1396205909323828526,-80,29.223633,-73.150635,40.85083,56.27899,-19.918823,46.37909,
1396205909343268224,2,-26.998901,-52.978516,-4.978943,
1396205909343268224,-80,29.389954,-72.98279,41.015625,56.27899,-19.918823,46.37909,
1396205909363379308,2,-27.059937,-52.978516,-4.73938,
1396205909363379308,-80,29.057312,-72.647095,42.32788,56.27899,-19.918823,46.37909,
1396205909383551427,2,-26.939392,-52.978516,-4.798889,
1396205909383551427,-80,30.058289,-72.98279,42.32788,56.27899,-19.918823,46.37909,
1396205909404303380,2,-26.939392,-53.03955,-4.8599243,
1396205909404303380,-80,29.724121,-72.98279,41.671753,56.27899,-19.918823,46.37909,
1396205909424536534,2,-26.879883,-53.09906,-4.9194336,
1396205909424536534,-80,29.5578,-73.150635,41.508484,56.27899,-19.918823,46.37909,
1396205909443976232,2,-27.059937,-53.09906,-4.73938,
1396205909443976232,-80,28.723145,-73.32001,42.98401,56.27899,-19.918823,46.37909,
1396205909464087316,2,-26.998901,-52.919006,-4.6188354,
1396205909464087316,-80,29.5578,-72.14203,42.16461,56.27899,-19.918823,46.37909,
1396205909484259435,2,-27.059937,-53.03955,-4.559326,
1396205909484259435,-80,28.723145,-73.6557,41.671753,56.27899,-19.918823,46.37909,
1396205909504980870,2,-27.119446,-52.978516,-4.3792725,
1396205909504980870,-80,28.889465,-72.47925,42.16461,56.27899,-19.918823,46.37909,
1396205909525305577,2,-26.998901,-53.03955,-4.4387817,
1396205909525305577,-80,29.5578,-73.150635,41.836548,56.27899,-19.918823,46.37909,
1396205909544684239,2,-27.119446,-53.09906,-4.559326,
1396205909544684239,-80,29.389954,-73.6557,41.671753,56.27899,-19.918823,46.37909,
1396205909565924474,2,-27.119446,-53.279114,-4.559326,
1396205909565924474,-80,29.5578,-74.49646,41.508484,56.27899,-19.918823,46.37909,
1396205909584936925,2,-27.178955,-53.15857,-4.499817,
1396205909584936925,-80,29.223633,-72.14203,42.16461,56.27899,-19.918823,46.37909,
1396205909606055089,2,-27.178955,-53.09906,-4.559326,
1396205909606055089,-80,28.889465,-72.81494,42.16461,56.27899,-19.918823,46.37909,
1396205909626196691,2,-27.178955,-53.279114,-4.499817,
1396205909626196691,-80,29.5578,-73.150635,42.82074,56.27899,-19.918823,46.37909,
1396205909645361730,2,-27.178955,-53.219604,-4.559326,
1396205909645361730,-80,28.723145,-73.32001,41.34369,56.27899,-19.918823,46.37909,
1396205909665564366,2,-27.119446,-53.219604,-4.6188354,
1396205909665564366,-80,29.389954,-72.647095,41.671753,56.27899,-19.918823,46.37909,
1396205909685583898,2,-27.2995,-53.338623,-4.499817,
1396205909685583898,-80,28.05481,-73.99292,42.655945,56.27899,-19.918823,46.37909,
1396205909706274816,2,-27.23999,-53.39966,-4.319763,
1396205909706274816,-80,29.724121,-74.32861,42.98401,56.27899,-19.918823,46.37909,
1396205909725897618,2,-27.2995,-53.15857,-4.258728,
1396205909725897618,-80,29.389954,-72.647095,41.999817,56.27899,-19.918823,46.37909,
1396205909746039220,2,-27.2995,-53.279114,-4.258728,
1396205909746039220,-80,29.223633,-72.81494,42.492676,56.27899,-19.918823,46.37909,
1396205909766089269,2,-27.2995,-53.459167,-4.1397095,
1396205909766089269,-80,28.889465,-74.49646,43.148804,56.27899,-19.918823,46.37909,
1396205909786169835,2,-27.359009,-53.459167,-4.1397095,
1396205909786169835,-80,28.889465,-73.150635,42.492676,56.27899,-19.918823,46.37909,
1396205909807104894,2,-27.359009,-53.219604,-4.1397095,
1396205909807104894,-80,29.057312,-71.30127,41.34369,56.27899,-19.918823,46.37909,
1396205909826666661,2,-27.479553,-53.279114,-4.1992188,
1396205909826666661,-80,28.22113,-72.81494,41.508484,56.27899,-19.918823,46.37909,
1396205909846808263,2,-27.059937,-53.15857,-4.1992188,
1396205909846808263,-80,31.060791,-73.32001,42.32788,56.27899,-19.918823,46.37909,
1396205909867316075,2,-27.178955,-52.919006,-4.3792725,
1396205909867316075,-80,29.057312,-72.647095,41.671753,56.27899,-19.918823,46.37909,
1396205909886847325,2,-27.23999,-52.859497,-4.1992188,
1396205909886847325,-80,28.889465,-72.14203,43.476868,56.27899,-19.918823,46.37909,
1396205909908331700,2,-27.359009,-52.859497,-4.258728,
1396205909908331700,-80,28.05481,-72.647095,41.999817,56.27899,-19.918823,46.37909,
1396205909928076573,2,-27.359009,-52.738953,-4.4387817,
1396205909928076573,-80,29.057312,-73.6557,41.671753,56.27899,-19.918823,46.37909,
1396205909947516271,2,-27.359009,-52.799988,-4.4387817,
1396205909947516271,-80,28.889465,-73.487854,42.82074,56.27899,-19.918823,46.37909,
1396205909967627355,2,-27.418518,-53.03955,-4.258728,
1396205909967627355,-80,28.555298,-73.150635,42.82074,56.27899,-19.918823,46.37909,
1396205909987585851,2,-27.2995,-53.09906,-4.1397095,
1396205909987585851,-80,29.057312,-73.32001,42.32788,56.27899,-19.918823,46.37909,
1396205910008704015,2,-27.539063,-53.15857,-4.1992188,
1396205910008704015,-80,29.389954,-73.6557,41.671753,56.27899,-19.918823,46.37909,
1396205910028082677,2,-27.598572,-53.279114,-4.1397095,
1396205910028082677,-80,28.723145,-73.6557,42.32788,56.27899,-19.918823,46.37909,
1396205910048224278,2,-27.598572,-53.338623,-4.258728,
1396205910048224278,-80,28.889465,-72.81494,42.16461,56.27899,-19.918823,46.37909,
1396205910068335362,2,-27.479553,-53.39966,-4.319763,
1396205910068335362,-80,28.889465,-72.81494,41.836548,56.27899,-19.918823,46.37909,
1396205910088293858,2,-27.359009,-53.279114,-4.1992188,
1396205910088293858,-80,30.058289,-72.98279,42.32788,56.27899,-19.918823,46.37909,
1396205910109289952,2,-27.359009,-53.338623,-4.1992188,
1396205910109289952,-80,29.057312,-73.6557,42.655945,56.27899,-19.918823,46.37909,
1396205910128790685,2,-27.23999,-53.279114,-4.258728,
1396205910128790685,-80,29.223633,-72.81494,42.492676,56.27899,-19.918823,46.37909,
1396205910148932286,2,-27.359009,-53.279114,-4.3792725,
1396205910148932286,-80,28.388977,-73.32001,41.34369,56.27899,-19.918823,46.37909,
1396205910170142003,2,-27.359009,-53.279114,-4.319763,
1396205910170142003,-80,29.223633,-73.82355,42.16461,56.27899,-19.918823,46.37909,
1396205910189062901,2,-27.359009,-53.219604,-4.3792725,
1396205910189062901,-80,28.388977,-72.98279,41.999817,56.27899,-19.918823,46.37909,
1396205910210455724,2,-27.2995,-53.279114,-4.319763,
1396205910210455724,-80,29.5578,-73.487854,42.492676,56.27899,-19.918823,46.37909,
1396205910229498692,2,-27.2995,-53.459167,-4.319763,
1396205910229498692,-80,29.057312,-74.32861,41.999817,56.27899,-19.918823,46.37909,
1396205910249579259,2,-27.539063,-53.459167,-4.499817,
1396205910249579259,-80,28.05481,-72.98279,40.68756,56.27899,-19.918823,46.37909,
1396205910269781896,2,-27.598572,-53.15857,-4.499817,
1396205910269781896,-80,28.555298,-71.46912,42.82074,56.27899,-19.918823,46.37909,
1396205910289618321,2,-27.418518,-53.15857,-4.499817,
1396205910289618321,-80,30.560303,-72.47925,42.492676,56.27899,-19.918823,46.37909,
1396205910311682530,2,-27.359009,-53.219604,-4.4387817,
1396205910311682530,-80,29.057312,-73.6557,41.999817,56.27899,-19.918823,46.37909,
1396205910330817052,2,-27.359009,-53.03955,-4.258728,
1396205910330817052,-80,29.057312,-72.647095,43.640137,56.27899,-19.918823,46.37909,
1396205910350287267,2,-27.119446,-52.978516,-4.4387817,
1396205910350287267,-80,30.392456,-72.309875,40.68756,56.27899,-19.918823,46.37909,
1396205910370398351,2,-27.178955,-52.919006,-4.559326,
1396205910370398351,-80,29.223633,-72.81494,41.18042,56.27899,-19.918823,46.37909,
1396205910390631505,2,-27.178955,-52.738953,-4.559326,
1396205910390631505,-80,28.723145,-72.98279,41.999817,56.27899,-19.918823,46.37909,
1396205910411200353,2,-27.178955,-52.799988,-4.4387817,
1396205910411200353,-80,28.388977,-73.32001,41.999817,56.27899,-19.918823,46.37909,
1396205910431555577,2,-27.178955,-52.919006,-4.499817,
1396205910431555577,-80,28.555298,-72.81494,42.16461,56.27899,-19.918823,46.37909,
1396205910450995275,2,-27.479553,-53.03955,-4.3792725,
1396205910450995275,-80,28.05481,-73.32001,43.312073,56.27899,-19.918823,46.37909,
1396205910471258946,2,-27.418518,-52.919006,-4.258728,
1396205910471258946,-80,29.389954,-72.647095,42.98401,56.27899,-19.918823,46.37909,
1396205910491278478,2,-27.2995,-52.978516,-4.559326,
1396205910491278478,-80,29.891968,-73.150635,41.18042,56.27899,-19.918823,46.37909,
1396205910512488194,2,-27.598572,-53.03955,-4.258728,
1396205910512488194,-80,28.22113,-73.150635,43.148804,56.27899,-19.918823,46.37909,
1396205910532263585,2,-27.778625,-53.219604,-4.019165,
1396205910532263585,-80,27.386475,-73.99292,42.98401,56.27899,-19.918823,46.37909,
1396205910551703282,2,-27.83966,-53.15857,-3.8986206,
1396205910551703282,-80,28.388977,-72.309875,42.98401,56.27899,-19.918823,46.37909,
1396205910571875401,2,-27.89917,-53.219604,-3.779602,
1396205910571875401,-80,28.05481,-73.6557,42.98401,56.27899,-19.918823,46.37909,
1396205910592047521,2,-27.89917,-53.219604,-3.718567,
1396205910592047521,-80,28.555298,-72.81494,42.492676,56.27899,-19.918823,46.37909,
1396205910612860509,2,-27.83966,-53.15857,-3.8391113,
1396205910612860509,-80,28.22113,-73.150635,42.492676,56.27899,-19.918823,46.37909,
1396205910632971593,2,-27.95868,-53.219604,-3.779602,
1396205910632971593,-80,28.22113,-72.81494,43.476868,56.27899,-19.918823,46.37909,
1396205910652411290,2,-28.079224,-53.39966,-3.5385132,
1396205910652411290,-80,29.389954,-74.66431,42.98401,56.27899,-19.918823,46.37909,
1396205910672613927,2,-27.778625,-53.459167,-3.5995483,
1396205910672613927,-80,30.726624,-73.6557,42.98401,56.27899,-19.918823,46.37909,
1396205910692694493,2,-27.479553,-53.459167,-3.6590576,
1396205910692694493,-80,29.5578,-74.16077,42.492676,56.27899,-19.918823,46.37909,
1396205910713049718,2,-27.418518,-53.63922,-3.8391113,
1396205910713049718,-80,28.889465,-73.487854,41.508484,56.27899,-19.918823,46.37909,
1396205910732794591,2,-27.119446,-53.579712,-3.8391113,
1396205910732794591,-80,30.560303,-73.487854,42.82074,56.27899,-19.918823,46.37909,
1396205910752844640,2,-26.998901,-53.759766,-3.779602,
1396205910752844640,-80,29.5578,-74.16077,43.148804,56.27899,-19.918823,46.37909,
1396205910774206944,2,-26.939392,-53.759766,-3.779602,
1396205910774206944,-80,28.889465,-73.150635,42.492676,56.27899,-19.918823,46.37909,
1396205910793640909,2,-26.818848,-53.69873,-4.019165,
1396205910793640909,-80,29.389954,-72.647095,41.671753,56.27899,-19.918823,46.37909,
1396205910814759073,2,-26.818848,-53.579712,-4.0786743,
1396205910814759073,-80,28.889465,-73.487854,42.492676,56.27899,-19.918823,46.37909,
1396205910834595499,2,-26.998901,-53.579712,-4.0786743,
1396205910834595499,-80,29.389954,-73.6557,42.655945,56.27899,-19.918823,46.37909,
1396205910854065714,2,-27.178955,-53.459167,-4.1397095,
1396205910854065714,-80,28.388977,-73.32001,41.999817,56.27899,-19.918823,46.37909,
1396205910874268351,2,-27.119446,-53.459167,-4.019165,
1396205910874268351,-80,29.223633,-73.487854,42.492676,56.27899,-19.918823,46.37909,
1396205910894348917,2,-27.178955,-53.459167,-4.1397095,
1396205910894348917,-80,29.891968,-73.487854,41.836548,56.27899,-19.918823,46.37909,
1396205910914856730,2,-27.2995,-53.39966,-4.559326,
1396205910914856730,-80,29.057312,-73.6557,40.031433,56.27899,-19.918823,46.37909,
1396205910935272989,2,-26.998901,-53.579712,-4.6188354,
1396205910935272989,-80,31.060791,-74.32861,41.999817,56.27899,-19.918823,46.37909,
1396205910954407511,2,-26.939392,-53.819275,-4.4387817,
1396205910954407511,-80,29.724121,-74.66431,43.312073,56.27899,-19.918823,46.37909,
1396205911015412149,2,-26.759338,-53.878784,-4.4387817,
1396205911015412149,-80,29.389954,-74.32861,43.312073,56.27899,-19.918823,46.37909,
1396205911035279093,2,-26.998901,-53.878784,-4.4387817,
1396205911035279093,-80,27.386475,-73.32001,42.655945,56.27899,-19.918823,46.37909,
1396205911055390177,2,-27.119446,-53.759766,-4.4387817,
1396205911055390177,-80,28.889465,-72.81494,41.836548,56.27899,-19.918823,46.37909,
1396205911075653849,2,-27.178955,-53.69873,-4.1397095,
1396205911075653849,-80,28.388977,-72.98279,42.32788,56.27899,-19.918823,46.37909,
1396205911095703898,2,-27.539063,-53.69873,-4.1397095,
1396205911095703898,-80,28.388977,-74.32861,41.999817,56.27899,-19.918823,46.37909,
1396205911116486368,2,-27.479553,-53.338623,-4.4387817,
1396205911116486368,-80,29.891968,-71.806335,40.85083,56.27899,-19.918823,46.37909,
1396205911135987101,2,-27.479553,-53.219604,-4.3792725,
1396205911135987101,-80,29.389954,-72.98279,41.34369,56.27899,-19.918823,46.37909,
1396205911156128702,2,-27.479553,-53.219604,-4.3792725,
1396205911156128702,-80,29.5578,-72.81494,42.82074,56.27899,-19.918823,46.37909,
1396205911176300821,2,-27.539063,-53.03955,-4.559326,
1396205911176300821,-80,29.057312,-72.98279,41.999817,56.27899,-19.918823,46.37909,
1396205911196259317,2,-27.2995,-53.03955,-4.559326,
1396205911196259317,-80,29.223633,-73.487854,42.492676,56.27899,-19.918823,46.37909,
1396205911216950235,2,-27.23999,-53.03955,-4.6188354,
1396205911216950235,-80,29.5578,-72.47925,41.508484,56.27899,-19.918823,46.37909,
1396205911236542521,2,-27.23999,-53.03955,-4.6798706,
1396205911236542521,-80,28.22113,-73.150635,41.836548,56.27899,-19.918823,46.37909,
1396205911256623087,2,-27.119446,-53.09906,-4.6798706,
1396205911256623087,-80,29.389954,-74.66431,41.999817,56.27899,-19.918823,46.37909,
1396205911276825724,2,-27.119446,-53.338623,-4.73938,
1396205911276825724,-80,30.058289,-73.6557,40.359497,56.27899,-19.918823,46.37909,
1396205911296967325,2,-27.178955,-53.39966,-4.6188354,
1396205911296967325,-80,28.555298,-73.487854,42.16461,56.27899,-19.918823,46.37909,
1396205911317566690,2,-27.23999,-53.39966,-4.6188354,
1396205911317566690,-80,29.057312,-72.98279,42.98401,56.27899,-19.918823,46.37909,
1396205911337250528,2,-27.2995,-53.219604,-4.6798706,
1396205911337250528,-80,28.723145,-71.63849,41.34369,56.27899,-19.918823,46.37909,
1396205911357331095,2,-27.178955,-52.919006,-4.798889,
1396205911357331095,-80,30.058289,-70.965576,41.671753,56.27899,-19.918823,46.37909,
1396205911377442179,2,-27.178955,-52.978516,-4.3792725,
1396205911377442179,-80,29.724121,-72.98279,44.62433,56.27899,-19.918823,46.37909,
1396205911397644815,2,-26.998901,-52.859497,-4.4387817,
1396205911397644815,-80,29.5578,-72.14203,41.18042,56.27899,-19.918823,46.37909,
1396205911418610392,2,-26.879883,-52.43988,-4.1992188,
1396205911418610392,-80,30.226135,-71.46912,43.80493,56.27899,-19.918823,46.37909,
1396205911437928019,2,-27.059937,-52.259827,-3.718567,
1396205911437928019,-80,28.889465,-72.14203,44.132996,56.27899,-19.918823,46.37909,
1396205911458252726,2,-26.818848,-51.95923,-3.6590576,
1396205911458252726,-80,30.392456,-70.965576,42.98401,56.27899,-19.918823,46.37909,
1396205911478455362,2,-26.638794,-51.719666,-3.779602,
1396205911478455362,-80,30.226135,-71.13342,41.836548,56.27899,-19.918823,46.37909,
1396205911498535929,2,-26.519775,-51.838684,-3.6590576,
1396205911498535929,-80,29.724121,-72.309875,42.32788,56.27899,-19.918823,46.37909,
1396205911520264444,2,-26.69983,-51.838684,-3.779602,
1396205911520264444,-80,28.889465,-71.46912,40.85083,56.27899,-19.918823,46.37909,
1396205911538880167,2,-26.638794,-51.65863,-4.1992188,
1396205911538880167,-80,29.891968,-71.46912,41.18042,56.27899,-19.918823,46.37909,
1396205911558960733,2,-26.579285,-51.478577,-4.258728,
1396205911558960733,-80,30.392456,-70.62836,40.68756,56.27899,-19.918823,46.37909,
1396205911579102335,2,-26.69983,-51.478577,-4.6798706,
1396205911579102335,-80,29.223633,-71.46912,40.522766,56.27899,-19.918823,46.37909,
1396205911599287029,2,-26.579285,-51.298523,-4.978943,
1396205911599287029,-80,29.891968,-70.46051,41.836548,56.27899,-19.918823,46.37909,
1396205911619977947,2,-26.69983,-51.239014,-4.8599243,
1396205911619977947,-80,29.223633,-70.46051,43.80493,56.27899,-19.918823,46.37909,
1396205911639356609,2,-26.998901,-51.239014,-4.798889,
1396205911639356609,-80,27.886963,-71.13342,42.16461,56.27899,-19.918823,46.37909,
1396205911659437175,2,-26.998901,-51.05896,-4.73938,
1396205911659437175,-80,30.058289,-71.30127,42.655945,56.27899,-19.918823,46.37909,
1396205911680097575,2,-26.998901,-51.05896,-4.4387817,
1396205911680097575,-80,28.723145,-71.30127,43.640137,56.27899,-19.918823,46.37909,
1396205911699995036,2,-27.059937,-50.878906,-4.4387817,
1396205911699995036,-80,29.5578,-70.12482,41.18042,56.27899,-19.918823,46.37909,
1396205911721143718,2,-27.119446,-50.878906,-4.4387817,
1396205911721143718,-80,29.5578,-70.46051,40.522766,56.27899,-19.918823,46.37909,
1396205911740339275,2,-27.119446,-50.698853,-4.258728,
1396205911740339275,-80,29.223633,-69.7876,41.836548,56.27899,-19.918823,46.37909,
1396205911760541911,2,-27.119446,-50.639343,-4.499817,
1396205911760541911,-80,30.226135,-70.12482,40.194702,56.27899,-19.918823,46.37909,
1396205911780561443,2,-27.119446,-50.5188,-4.8599243,
1396205911780561443,-80,29.223633,-69.451904,40.85083,56.27899,-19.918823,46.37909,
1396205911800703044,2,-26.818848,-50.39978,-5.039978,
1396205911800703044,-80,29.724121,-69.95697,41.015625,56.27899,-19.918823,46.37909,
1396205911822828288,2,-26.759338,-50.279236,-5.218506,
1396205911822828288,-80,30.726624,-70.29266,41.015625,56.27899,-19.918823,46.37909,
1396205911841108318,2,-26.69983,-50.039673,-5.279541,
1396205911841108318,-80,29.389954,-69.61975,43.312073,56.27899,-19.918823,46.37909,
1396205911860975261,2,-26.759338,-49.978638,-4.978943,
1396205911860975261,-80,29.389954,-69.61975,43.312073,56.27899,-19.918823,46.37909,
1396205911881116863,2,-26.759338,-49.91913,-4.9194336,
1396205911881116863,-80,29.5578,-70.12482,41.18042,56.27899,-19.918823,46.37909,
1396205911901258464,2,-26.759338,-49.91913,-4.73938,
1396205911901258464,-80,28.889465,-69.451904,43.148804,56.27899,-19.918823,46.37909,
1396205911921888347,2,-27.059937,-49.85962,-4.4387817,
1396205911921888347,-80,27.886963,-69.451904,42.492676,56.27899,-19.918823,46.37909,
1396205911942457195,2,-27.059937,-49.85962,-4.4387817,
1396205911942457195,-80,29.223633,-69.7876,40.85083,56.27899,-19.918823,46.37909,
1396205911962018962,2,-27.119446,-49.61853,-4.4387817,
1396205911962018962,-80,29.223633,-67.770386,41.18042,56.27899,-19.918823,46.37909,
1396205911982923503,2,-27.359009,-49.55902,-4.3792725,
1396205911982923503,-80,29.057312,-69.95697,41.671753,56.27899,-19.918823,46.37909,
1396205912002180095,2,-27.2995,-49.438477,-4.6798706,
1396205912002180095,-80,29.5578,-68.77899,40.522766,56.27899,-19.918823,46.37909,
1396205912023328777,2,-27.479553,-49.378967,-4.9194336,
1396205912023328777,-80,27.886963,-69.114685,41.508484,56.27899,-19.918823,46.37909,
1396205912043104167,2,-27.598572,-49.198914,-4.8599243,
1396205912043104167,-80,28.723145,-68.611145,41.999817,56.27899,-19.918823,46.37909,
1396205912062635417,2,-27.418518,-49.079895,-5.218506,
1396205912062635417,-80,30.392456,-68.611145,40.031433,56.27899,-19.918823,46.37909,
1396205912082746501,2,-27.359009,-49.01886,-5.4595947,
1396205912082746501,-80,28.555298,-69.114685,40.522766,56.27899,-19.918823,46.37909,
1396205912102613445,2,-27.359009,-48.779297,-5.3390503,
1396205912102613445,-80,28.889465,-68.10608,41.836548,56.27899,-19.918823,46.37909,
1396205912124128337,2,-27.418518,-48.719788,-5.039978,
1396205912124128337,-80,29.057312,-67.26532,43.640137,56.27899,-19.918823,46.37909,
1396205912142927165,2,-27.418518,-48.539734,-4.978943,
1396205912142927165,-80,28.889465,-68.10608,42.16461,56.27899,-19.918823,46.37909,
1396205912163251872,2,-27.598572,-48.4787,-4.73938,
1396205912163251872,-80,28.05481,-68.611145,42.32788,56.27899,-19.918823,46.37909,
1396205912183332439,2,-27.539063,-48.4787,-4.6798706,
1396205912183332439,-80,28.388977,-68.94684,41.999817,56.27899,-19.918823,46.37909,
1396205912203504558,2,-27.659607,-48.599243,-4.6188354,
1396205912203504558,-80,27.886963,-69.451904,42.492676,56.27899,-19.918823,46.37909,
1396205912224256511,2,-27.778625,-48.658752,-4.258728,
1396205912224256511,-80,29.223633,-69.114685,42.82074,56.27899,-19.918823,46.37909,
1396205912325391765,2,-27.479553,-48.539734,-4.6798706,
1396205912325391765,-80,28.22113,-68.10608,42.16461,56.27899,-19.918823,46.37909,
1396205912344343181,2,-27.479553,-48.298645,-4.559326,
1396205912344343181,-80,28.555298,-67.09747,42.492676,56.27899,-19.918823,46.37909,
1396205912364454265,2,-27.479553,-48.11859,-4.6188354,
1396205912364454265,-80,27.886963,-67.770386,42.16461,56.27899,-19.918823,46.37909,
1396205912384840007,2,-27.539063,-47.938538,-4.6798706,
1396205912384840007,-80,28.388977,-67.60254,42.32788,56.27899,-19.918823,46.37909,
1396205912405012126,2,-27.539063,-47.698975,-4.499817,
1396205912405012126,-80,29.724121,-67.26532,42.98401,56.27899,-19.918823,46.37909,
1396205912425733562,2,-27.659607,-47.938538,-4.258728,
1396205912425733562,-80,29.5578,-68.4433,43.148804,56.27899,-19.918823,46.37909,
1396205912445753093,2,-27.539063,-47.698975,-4.0786743,
1396205912445753093,-80,28.388977,-66.92963,43.312073,56.27899,-19.918823,46.37909,
1396205912485578532,2,-27.418518,-47.698975,-3.239441,
1396205912485578532,-80,29.891968,-68.10608,44.132996,56.27899,-19.918823,46.37909,
1396205912505659099,2,-27.359009,-47.579956,-2.999878,
1396205912505659099,-80,28.889465,-66.42456,44.789124,56.27899,-19.918823,46.37909,
1396205912526319499,2,-27.119446,-47.579956,-2.6992798,
1396205912526319499,-80,29.891968,-67.770386,44.132996,56.27899,-19.918823,46.37909,
1396205912546400066,2,-26.998901,-47.51892,-2.4597168,
1396205912546400066,-80,29.389954,-66.92963,44.296265,56.27899,-19.918823,46.37909,
1396205912566022868,2,-27.059937,-47.579956,-2.218628,
1396205912566022868,-80,29.389954,-67.93823,44.952393,56.27899,-19.918823,46.37909,
1396205912586042400,2,-27.059937,-47.639465,-1.979065,
1396205912586042400,-80,29.5578,-69.114685,45.117188,56.27899,-19.918823,46.37909,
1396205912606214519,2,-27.059937,-47.87903,-1.8585205,
1396205912606214519,-80,28.22113,-68.77899,44.132996,56.27899,-19.918823,46.37909,
1396205912627241130,2,-26.818848,-48.11859,-1.979065,
1396205912627241130,-80,31.227112,-69.7876,44.46106,56.27899,-19.918823,46.37909,
1396205912646497722,2,-26.818848,-48.059082,-1.8585205,
1396205912646497722,-80,30.226135,-67.770386,45.117188,56.27899,-19.918823,46.37909,
1396205912666761394,2,-26.638794,-48.11859,-1.979065,
1396205912666761394,-80,29.891968,-66.76178,43.80493,56.27899,-19.918823,46.37909,
1396205912687055583,2,-26.579285,-48.059082,-1.8585205,
1396205912687055583,-80,30.392456,-66.92963,44.952393,56.27899,-19.918823,46.37909,
1396205912707136150,2,-26.519775,-47.999573,-1.6799927,
1396205912707136150,-80,30.226135,-66.42456,46.10138,56.27899,-19.918823,46.37909,
1396205912729230876,2,-26.579285,-47.81952,-1.499939,
1396205912729230876,-80,28.723145,-66.59241,45.93811,56.27899,-19.918823,46.37909,
1396205912747755046,2,-26.69983,-47.579956,-1.499939,
1396205912747755046,-80,28.555298,-67.09747,45.44525,56.27899,-19.918823,46.37909,
1396205912767652507,2,-26.519775,-47.45941,-1.2588501,
1396205912767652507,-80,29.5578,-67.770386,46.10138,56.27899,-19.918823,46.37909,
1396205912787641521,2,-26.69983,-46.91925,-1.0192871,
1396205912787641521,-80,29.724121,-65.5838,46.266174,56.27899,-19.918823,46.37909,
1396205912828168865,2,-26.818848,-46.91925,-0.5996704,
1396205912828168865,-80,29.389954,-66.92963,46.266174,56.27899,-19.918823,46.37909,
1396205912847883220,2,-26.759338,-47.099304,-0.4196167,
1396205912847883220,-80,30.560303,-68.4433,46.429443,56.27899,-19.918823,46.37909,
1396205912867933269,2,-26.939392,-47.099304,-0.47912598,
1396205912867933269,-80,28.889465,-66.42456,45.44525,56.27899,-19.918823,46.37909,
1396205912888532634,2,-26.818848,-46.91925,-0.6591797,
1396205912888532634,-80,29.891968,-65.415955,44.789124,56.27899,-19.918823,46.37909,
1396205912908491130,2,-26.69983,-46.798706,-0.7797241,
1396205912908491130,-80,29.389954,-65.92102,44.296265,56.27899,-19.918823,46.37909,
1396205912929639812,2,-26.579285,-46.559143,-0.5996704,
1396205912929639812,-80,30.560303,-65.75165,47.7417,56.27899,-19.918823,46.37909,
1396205912949354167,2,-26.579285,-46.679688,-0.6591797,
1396205912949354167,-80,29.891968,-66.76178,45.773315,56.27899,-19.918823,46.37909,
1396205912968915935,2,-26.759338,-46.499634,-0.71868896,
1396205912968915935,-80,28.555298,-65.75165,45.44525,56.27899,-19.918823,46.37909,
1396205912989027019,2,-26.879883,-46.258545,-0.71868896,
1396205912989027019,-80,28.723145,-65.24811,46.266174,56.27899,-19.918823,46.37909,
1396205913009199138,2,-27.119446,-45.83893,-1.0192871,
1396205913009199138,-80,28.22113,-65.078735,43.80493,56.27899,-19.918823,46.37909,
1396205913031354900,2,-27.2995,-45.77942,-0.8987427,
1396205913031354900,-80,27.554321,-65.75165,46.429443,56.27899,-19.918823,46.37909,
1396205913049299236,2,-27.598572,-45.77942,-0.7797241,
1396205913049299236,-80,27.554321,-65.75165,45.773315,56.27899,-19.918823,46.37909,
1396205913069379802,2,-27.83966,-45.658875,-0.5996704,
1396205913069379802,-80,27.554321,-65.078735,45.773315,56.27899,-19.918823,46.37909,
1396205913089521404,2,-28.079224,-45.539856,-0.8392334,
1396205913089521404,-80,28.555298,-64.74304,45.773315,56.27899,-19.918823,46.37909,
1396205913109907146,2,-28.379822,-45.298767,-0.95977783,
1396205913109907146,-80,27.220154,-64.74304,45.117188,56.27899,-19.918823,46.37909,
1396205913130628581,2,-28.439331,-45.118713,-0.8987427,
1396205913130628581,-80,28.05481,-64.237976,45.610046,56.27899,-19.918823,46.37909,
1396205913150190349,2,-28.439331,-44.999695,-0.8987427,
1396205913150190349,-80,28.889465,-64.07013,46.10138,56.27899,-19.918823,46.37909,
1396205913170301433,2,-28.379822,-44.758606,-0.6591797,
1396205913170301433,-80,28.555298,-63.061523,45.773315,56.27899,-19.918823,46.37909,
1396205913191322071,2,-28.439331,-44.519043,-0.71868896,
1396205913191322071,-80,27.220154,-64.07013,46.10138,56.27899,-19.918823,46.37909,
1396205913210822804,2,-28.318787,-44.158936,-0.7797241,
1396205913210822804,-80,28.388977,-62.556458,45.281982,56.27899,-19.918823,46.37909,
1396205913231849415,2,-28.259277,-43.919373,-0.6591797,
1396205913231849415,-80,28.22113,-63.061523,47.08557,56.27899,-19.918823,46.37909,
1396205913251746876,2,-28.318787,-43.79883,-0.47912598,
1396205913251746876,-80,27.886963,-64.07013,47.08557,56.27899,-19.918823,46.37909,
1396205913271125538,2,-28.019714,-43.73932,-0.4196167,
1396205913271125538,-80,29.724121,-63.902283,45.610046,56.27899,-19.918823,46.37909,
1396205913291114552,2,-27.89917,-43.559265,-0.35858154,
1396205913291114552,-80,29.223633,-62.72583,46.10138,56.27899,-19.918823,46.37909,
1396205913311256153,2,-27.89917,-43.499756,-0.47912598,
1396205913311256153,-80,28.555298,-63.734436,45.44525,56.27899,-19.918823,46.37909,
1396205913332740528,2,-27.778625,-43.43872,-0.47912598,
1396205913332740528,-80,29.724121,-62.893677,45.610046,56.27899,-19.918823,46.37909,
1396205913351569874,2,-27.719116,-43.319702,-0.5996704,
1396205913351569874,-80,27.720642,-63.22937,45.281982,56.27899,-19.918823,46.37909,
1396205913371772511,2,-27.598572,-43.43872,-0.4196167,
1396205913371772511,-80,29.223633,-63.397217,46.429443,56.27899,-19.918823,46.37909,
1396205913392036183,2,-27.598572,-43.499756,-0.5996704,
1396205913392036183,-80,28.22113,-63.397217,45.773315,56.27899,-19.918823,46.37909,
1396205913412177784,2,-27.479553,-43.319702,-0.8392334,
1396205913412177784,-80,28.889465,-63.061523,45.117188,56.27899,-19.918823,46.37909,
1396205913432838185,2,-27.659607,-43.258667,-0.6591797,
1396205913432838185,-80,28.388977,-63.22937,46.922302,56.27899,-19.918823,46.37909,
1396205913453193409,2,-27.539063,-43.078613,-0.7797241,
1396205913453193409,-80,29.724121,-61.54785,45.281982,56.27899,-19.918823,46.37909,
1396205913472419483,2,-27.539063,-43.078613,-0.5996704,
1396205913472419483,-80,28.555298,-63.734436,47.08557,56.27899,-19.918823,46.37909,
1396205913493018849,2,-27.83966,-43.258667,-0.47912598,
1396205913493018849,-80,27.886963,-64.40735,46.757507,56.27899,-19.918823,46.37909,
1396205913512885792,2,-27.719116,-43.43872,-0.29907227,
1396205913512885792,-80,28.388977,-64.575195,46.266174,56.27899,-19.918823,46.37909,
1396205913533668263,2,-27.95868,-43.258667,-0.35858154,
1396205913533668263,-80,27.554321,-62.052917,46.10138,56.27899,-19.918823,46.37909,
1396205913573096974,2,-28.318787,-43.078613,-0.29907227,
1396205913573096974,-80,27.554321,-63.734436,46.10138,56.27899,-19.918823,46.37909,
1396205913593208058,2,-28.379822,-42.959595,-0.29907227,
1396205913593208058,-80,27.554321,-62.38861,47.08557,56.27899,-19.918823,46.37909,
1396205913613441212,2,-28.73993,-43.078613,-0.23956299,
1396205913613441212,-80,26.885986,-62.38861,45.773315,56.27899,-19.918823,46.37909,
1396205913634193165,2,-29.039001,-42.83905,-0.29907227,
1396205913634193165,-80,26.551819,-61.7157,46.429443,56.27899,-19.918823,46.37909,
1396205913654670460,2,-29.219055,-42.419434,-0.119018555,
1396205913654670460,-80,26.05133,-60.87494,47.906494,56.27899,-19.918823,46.37909,
1396205913673804981,2,-29.458618,-42.059326,-0.059509277,
1396205913673804981,-80,26.551819,-62.052917,47.08557,56.27899,-19.918823,46.37909,
1396205913694282276,2,-29.458618,-42.17987,0.119018555,
1396205913694282276,-80,27.554321,-63.061523,47.413635,56.27899,-19.918823,46.37909,
1396205913714423878,2,-29.278564,-42.359924,0.29907227,
1396205913714423878,-80,28.22113,-62.38861,46.757507,56.27899,-19.918823,46.37909,
1396205913735023243,2,-29.3396,-42.17987,0.35858154,
1396205913735023243,-80,26.885986,-62.38861,46.757507,56.27899,-19.918823,46.37909,
1396205913755286915,2,-29.278564,-42.059326,0.29907227,
1396205913755286915,-80,28.22113,-61.380005,46.429443,56.27899,-19.918823,46.37909,
1396205913774451954,2,-29.039001,-41.93878,0.35858154,
1396205913774451954,-80,28.555298,-61.380005,46.429443,56.27899,-19.918823,46.37909,
1396205913794532521,2,-28.919983,-42.059326,0.53863525,
1396205913794532521,-80,27.554321,-62.72583,47.7417,56.27899,-19.918823,46.37909,
1396205913814796192,2,-28.858948,-42.359924,0.29907227,
1396205913814796192,-80,26.551819,-63.061523,45.773315,56.27899,-19.918823,46.37909,
1396205913835670216,2,-28.619385,-42.29889,0.35858154,
1396205913835670216,-80,28.22113,-61.7157,47.413635,56.27899,-19.918823,46.37909,
1396205913855994923,2,-28.49884,-42.059326,0.17852783,
1396205913855994923,-80,28.889465,-61.04431,46.10138,56.27899,-19.918823,46.37909,
1396205913875251515,2,-28.49884,-41.93878,0.4196167,
1396205913875251515,-80,28.22113,-61.380005,48.397827,56.27899,-19.918823,46.37909,
1396205913895606739,2,-28.379822,-41.879272,0.4196167,
1396205913895606739,-80,27.886963,-62.052917,47.08557,56.27899,-19.918823,46.37909,
1396205913915839894,2,-28.439331,-41.999817,0.47912598,
1396205913915839894,-80,27.554321,-62.052917,46.757507,56.27899,-19.918823,46.37909,
1396205913937812550,2,-28.439331,-42.23938,0.47912598,
1396205913937812550,-80,28.889465,-63.397217,46.757507,56.27899,-19.918823,46.37909,
1396205913956702931,2,-28.259277,-42.059326,0.47912598,
1396205913956702931,-80,28.723145,-61.54785,47.57843,56.27899,-19.918823,46.37909,
1396205913975898487,2,-27.95868,-41.819763,0.8987427,
1396205913975898487,-80,29.389954,-60.87494,49.21875,56.27899,-19.918823,46.37909,
1396205913996358005,2,-27.89917,-41.879272,1.0787964,
1396205913996358005,-80,28.388977,-62.556458,48.890686,56.27899,-19.918823,46.37909,
1396205914016621676,2,-27.778625,-42.059326,1.3793945,
1396205914016621676,-80,30.226135,-62.38861,48.72589,56.27899,-19.918823,46.37909,
1396205914036915866,2,-27.539063,-42.17987,1.6189575,
1396205914036915866,-80,30.226135,-62.052917,50.367737,56.27899,-19.918823,46.37909,
1396205914056599704,2,-27.418518,-42.23938,1.8585205,
1396205914056599704,-80,28.723145,-62.893677,48.562622,56.27899,-19.918823,46.37909,
1396205914076924411,2,-27.119446,-42.118835,1.979065,
1396205914076924411,-80,29.5578,-61.04431,47.7417,56.27899,-19.918823,46.37909,
1396205914097188083,2,-26.998901,-41.819763,2.218628,
1396205914097188083,-80,29.891968,-61.04431,48.72589,56.27899,-19.918823,46.37909,
1396205914117329684,2,-26.818848,-41.93878,2.279663,
1396205914117329684,-80,30.392456,-62.556458,47.906494,56.27899,-19.918823,46.37909,
1396205914138356296,2,-26.69983,-42.118835,2.279663,
1396205914138356296,-80,30.058289,-62.220764,49.21875,56.27899,-19.918823,46.37909,
1396205914158192721,2,-26.69983,-41.999817,2.1591187,
1396205914158192721,-80,28.388977,-61.54785,48.23456,56.27899,-19.918823,46.37909,
1396205914177632419,2,-26.939392,-41.879272,2.0996094,
1396205914177632419,-80,28.388977,-61.21216,48.23456,56.27899,-19.918823,46.37909,
1396205914197865573,2,-27.119446,-41.879272,1.7990112,
1396205914197865573,-80,28.555298,-62.052917,47.7417,56.27899,-19.918823,46.37909,
1396205914218037692,2,-26.998901,-41.69922,1.7990112,
1396205914218037692,-80,29.724121,-61.54785,48.562622,56.27899,-19.918823,46.37909,
1396205914238606540,2,-27.059937,-41.758728,1.979065,
1396205914238606540,-80,29.223633,-61.380005,49.383545,56.27899,-19.918823,46.37909,
1396205914257954684,2,-27.119446,-41.758728,1.979065,
1396205914257954684,-80,29.223633,-61.04431,48.397827,56.27899,-19.918823,46.37909,
1396205914278096286,2,-27.23999,-41.63971,2.0385742,
1396205914278096286,-80,29.5578,-61.7157,48.72589,56.27899,-19.918823,46.37909,
1396205914298298922,2,-27.23999,-41.519165,1.9195557,
1396205914298298922,-80,29.891968,-61.380005,48.069763,56.27899,-19.918823,46.37909,
1396205914318532077,2,-27.119446,-41.519165,1.9195557,
1396205914318532077,-80,29.389954,-61.54785,48.23456,56.27899,-19.918823,46.37909,
1396205914339345065,2,-27.059937,-41.459656,1.8585205,
1396205914339345065,-80,28.889465,-60.707092,47.7417,56.27899,-19.918823,46.37909,
1396205914359700290,2,-27.23999,-41.33911,1.8585205,
1396205914359700290,-80,27.386475,-60.87494,47.906494,56.27899,-19.918823,46.37909,
1396205914379109469,2,-27.2995,-41.39862,1.739502,
1396205914379109469,-80,29.223633,-62.052917,47.413635,56.27899,-19.918823,46.37909,
1396205914399312106,2,-27.539063,-41.39862,1.6189575,
1396205914399312106,-80,27.554321,-61.380005,48.397827,56.27899,-19.918823,46.37909,
1396205914419453708,2,-27.418518,-41.279602,1.3793945,
1396205914419453708,-80,29.724121,-59.866333,46.59424,56.27899,-19.918823,46.37909,
1396205914440510837,2,-27.659607,-41.159058,1.1993408,
1396205914440510837,-80,27.886963,-61.04431,47.08557,56.27899,-19.918823,46.37909,
1396205914460347262,2,-27.89917,-40.79895,1.0192871,
1396205914460347262,-80,28.22113,-58.68988,46.757507,56.27899,-19.918823,46.37909,
1396205914479756442,2,-27.89917,-40.618896,1.0192871,
1396205914479756442,-80,29.223633,-60.03418,48.069763,56.27899,-19.918823,46.37909,
1396205914499653903,2,-27.719116,-40.67993,0.8392334,
1396205914499653903,-80,30.392456,-60.87494,46.266174,56.27899,-19.918823,46.37909,
1396205914519764987,2,-27.479553,-40.67993,0.71868896,
1396205914519764987,-80,29.057312,-60.87494,47.250366,56.27899,-19.918823,46.37909,
1396205914541279880,2,-27.418518,-40.559387,0.5996704,
1396205914541279880,-80,29.891968,-61.380005,46.429443,56.27899,-19.918823,46.37909,
1396205914560414401,2,-27.178955,-40.438843,0.4196167,
1396205914560414401,-80,29.389954,-60.539246,46.922302,56.27899,-19.918823,46.37909,
1396205914580525485,2,-27.178955,-40.559387,0.53863525,
1396205914580525485,-80,29.5578,-60.707092,47.7417,56.27899,-19.918823,46.37909,
1396205914600483981,2,-26.998901,-40.618896,0.53863525,
1396205914600483981,-80,29.5578,-61.380005,46.757507,56.27899,-19.918823,46.37909,
1396205914620747653,2,-26.939392,-40.79895,0.47912598,
1396205914620747653,-80,28.555298,-60.3714,46.10138,56.27899,-19.918823,46.37909,
1396205914641530124,2,-26.998901,-40.67993,0.35858154,
1396205914641530124,-80,28.555298,-59.025574,47.413635,56.27899,-19.918823,46.37909,
1396205914661793796,2,-27.178955,-40.559387,0.47912598,
1396205914661793796,-80,29.057312,-59.866333,46.922302,56.27899,-19.918823,46.37909,
1396205914681172458,2,-27.119446,-40.559387,0.47912598,
1396205914681172458,-80,29.724121,-60.539246,47.250366,56.27899,-19.918823,46.37909,
1396205914700978366,2,-27.119446,-40.559387,0.47912598,
1396205914700978366,-80,29.5578,-61.380005,46.429443,56.27899,-19.918823,46.37909,
1396205914721455661,2,-27.178955,-40.499878,0.53863525,
1396205914721455661,-80,28.889465,-60.03418,47.413635,56.27899,-19.918823,46.37909,
1396205914742238131,2,-27.059937,-40.438843,0.35858154,
1396205914742238131,-80,30.392456,-60.202026,46.59424,56.27899,-19.918823,46.37909,
1396205914761555758,2,-27.119446,-40.13977,0.29907227,
1396205914761555758,-80,29.223633,-59.361267,46.10138,56.27899,-19.918823,46.37909,
1396205914781636325,2,-26.998901,-40.13977,0.53863525,
1396205914781636325,-80,29.891968,-60.03418,48.069763,56.27899,-19.918823,46.37909,
1396205914801655856,2,-26.939392,-40.25879,0.47912598,
1396205914801655856,-80,29.057312,-60.202026,46.922302,56.27899,-19.918823,46.37909,
1396205914821950046,2,-26.998901,-40.319824,0.47912598,
1396205914821950046,-80,28.388977,-60.202026,46.922302,56.27899,-19.918823,46.37909,
1396205914843464938,2,-27.059937,-40.379333,0.47912598,
1396205914843464938,-80,29.389954,-60.87494,47.250366,56.27899,-19.918823,46.37909,
1396205914862507907,2,-27.119446,-40.379333,0.5996704,
1396205914862507907,-80,29.057312,-61.54785,47.57843,56.27899,-19.918823,46.37909,
1396205914882588473,2,-27.178955,-40.499878,0.47912598,
1396205914882588473,-80,28.388977,-61.21216,46.266174,56.27899,-19.918823,46.37909,
1396205914902455417,2,-27.359009,-40.559387,0.47912598,
1396205914902455417,-80,29.223633,-60.707092,46.757507,56.27899,-19.918823,46.37909,
1396205914922627536,2,-27.418518,-40.67993,0.6591797,
1396205914922627536,-80,28.388977,-60.202026,47.57843,56.27899,-19.918823,46.37909,
1396205914943318454,2,-27.598572,-40.67993,0.47912598,
1396205914943318454,-80,28.388977,-60.202026,46.59424,56.27899,-19.918823,46.37909,
1396205914963917819,2,-27.598572,-40.859985,0.4196167,
1396205914963917819,-80,29.057312,-61.54785,46.266174,56.27899,-19.918823,46.37909,
1396205914983082858,2,-27.539063,-40.979004,0.47912598,
1396205914983082858,-80,29.057312,-61.21216,47.250366,56.27899,-19.918823,46.37909,
1396205915003377047,2,-27.598572,-41.038513,0.5996704,
1396205915003377047,-80,29.057312,-61.21216,48.562622,56.27899,-19.918823,46.37909,
1396205915023732272,2,-27.598572,-40.979004,0.5996704,
1396205915023732272,-80,28.723145,-60.87494,47.57843,56.27899,-19.918823,46.37909,
1396205915044789401,2,-27.83966,-40.979004,0.8392334,
1396205915044789401,-80,26.71814,-61.54785,47.906494,56.27899,-19.918823,46.37909,
1396205915064656344,2,-27.83966,-41.159058,0.71868896,
1396205915064656344,-80,29.223633,-61.7157,46.10138,56.27899,-19.918823,46.37909,
1396205915084065524,2,-27.659607,-41.279602,0.71868896,
1396205915084065524,-80,29.724121,-61.54785,47.57843,56.27899,-19.918823,46.37909,
1396205915104024020,2,-27.719116,-41.459656,0.71868896,
1396205915104024020,-80,27.720642,-61.54785,46.266174,56.27899,-19.918823,46.37909,
1396205915124287692,2,-27.659607,-41.519165,0.53863525,
1396205915124287692,-80,29.5578,-62.052917,45.117188,56.27899,-19.918823,46.37909,
1396205915146504489,2,-27.598572,-41.69922,0.47912598,
1396205915146504489,-80,29.724121,-62.556458,46.59424,56.27899,-19.918823,46.37909,
1396205915165394870,2,-27.418518,-41.758728,0.35858154,
1396205915165394870,-80,30.226135,-61.7157,47.7417,56.27899,-19.918823,46.37909,
1396205915184773532,2,-27.178955,-41.63971,0.23956299,
1396205915184773532,-80,30.726624,-59.866333,46.59424,56.27899,-19.918823,46.37909,
1396205915204579440,2,-26.879883,-41.578674,0.23956299,
1396205915204579440,-80,29.389954,-60.87494,47.906494,56.27899,-19.918823,46.37909,
1396205915224751559,2,-26.818848,-41.459656,0.23956299,
1396205915224751559,-80,29.5578,-61.04431,46.10138,56.27899,-19.918823,46.37909,
1396205915245167819,2,-26.759338,-41.33911,0.35858154,
1396205915245167819,-80,30.392456,-60.87494,48.562622,56.27899,-19.918823,46.37909,
1396205915266072360,2,-26.45874,-41.459656,0.71868896,
1396205915266072360,-80,29.891968,-62.38861,49.053955,56.27899,-19.918823,46.37909,
1396205915285481540,2,-26.219177,-41.519165,1.0192871,
1396205915285481540,-80,31.394958,-62.556458,47.250366,56.27899,-19.918823,46.37909,
1396205915305958835,2,-25.979614,-41.578674,1.3198853,
1396205915305958835,-80,31.895447,-63.061523,49.053955,56.27899,-19.918823,46.37909,
1396205915325764743,2,-25.619507,-41.39862,1.4389038,
1396205915325764743,-80,32.730103,-60.202026,48.890686,56.27899,-19.918823,46.37909,
1396205915346913424,2,-25.619507,-41.758728,1.499939,
1396205915346913424,-80,30.892944,-62.72583,47.08557,56.27899,-19.918823,46.37909,
1396205915366749850,2,-25.19989,-41.879272,1.6799927,
1396205915366749850,-80,32.89795,-62.052917,49.383545,56.27899,-19.918823,46.37909,
1396205915386128512,2,-24.899292,-41.999817,2.0996094,
1396205915386128512,-80,32.061768,-61.54785,49.546814,56.27899,-19.918823,46.37909,
1396205915406087008,2,-24.539185,-42.23938,2.1591187,
1396205915406087008,-80,33.232117,-62.72583,49.053955,56.27899,-19.918823,46.37909,
1396205915426198092,2,-24.179077,-42.118835,2.0385742,
1396205915426198092,-80,32.89795,-61.380005,47.7417,56.27899,-19.918823,46.37909,
1396205915447651950,2,-24.179077,-42.118835,2.218628,
1396205915447651950,-80,31.227112,-62.72583,48.72589,56.27899,-19.918823,46.37909,
1396205915466481296,2,-23.999023,-42.059326,2.218628,
1396205915466481296,-80,33.232117,-62.72583,49.053955,56.27899,-19.918823,46.37909,
1396205915486592380,2,-24.119568,-42.478943,2.218628,
1396205915486592380,-80,31.729126,-63.56659,48.890686,56.27899,-19.918823,46.37909,
1396205915506795016,2,-24.238586,-42.478943,2.4597168,
1396205915506795016,-80,30.058289,-62.556458,49.21875,56.27899,-19.918823,46.37909,
1396205915526936618,2,-24.299622,-42.539978,2.519226,
1396205915526936618,-80,32.395935,-62.556458,49.546814,56.27899,-19.918823,46.37909,
1396205915547810641,2,-24.179077,-42.539978,2.6397705,
1396205915547810641,-80,32.730103,-61.54785,50.531006,56.27899,-19.918823,46.37909,
1396205915568135348,2,-24.238586,-42.419434,2.758789,
1396205915568135348,-80,33.06427,-61.88507,50.531006,56.27899,-19.918823,46.37909,
1396205915587544528,2,-24.119568,-42.658997,3.0593872,
1396205915587544528,-80,33.56476,-63.397217,50.039673,56.27899,-19.918823,46.37909,
1396205915609053421,2,-23.75946,-42.599487,3.2989502,
1396205915609053421,-80,34.40094,-61.88507,50.531006,56.27899,-19.918823,46.37909,
1396205915628187942,2,-23.75946,-42.599487,3.479004,
1396205915628187942,-80,33.06427,-62.893677,50.531006,56.27899,-19.918823,46.37909,
1396205915649550247,2,-23.638916,-42.419434,3.479004,
1396205915649550247,-80,32.56378,-62.38861,49.053955,56.27899,-19.918823,46.37909,
1396205915669081497,2,-23.278809,-42.419434,3.5385132,
1396205915669081497,-80,32.89795,-62.38861,49.71161,56.27899,-19.918823,46.37909,
1396205915688124466,2,-23.039246,-42.419434,3.5385132,
1396205915688124466,-80,34.233093,-62.72583,49.71161,56.27899,-19.918823,46.37909,
1396205915708296585,2,-22.859192,-42.419434,3.479004,
1396205915708296585,-80,34.233093,-61.7157,49.71161,56.27899,-19.918823,46.37909,
1396205915728682327,2,-22.738647,-42.419434,3.0593872,
1396205915728682327,-80,34.066772,-61.88507,47.250366,56.27899,-19.918823,46.37909,
1396205915750868606,2,-22.679138,-42.478943,2.8793335,
1396205915750868606,-80,33.898926,-63.734436,48.72589,56.27899,-19.918823,46.37909,
1396205915769789505,2,-22.738647,-42.658997,2.6397705,
1396205915769789505,-80,34.066772,-63.22937,48.562622,56.27899,-19.918823,46.37909,
1396205915789107132,2,-22.799683,-42.718506,2.4597168,
1396205915789107132,-80,32.56378,-63.734436,48.72589,56.27899,-19.918823,46.37909,
1396205915809187698,2,-22.738647,-42.959595,2.4597168,
1396205915809187698,-80,33.232117,-64.07013,49.383545,56.27899,-19.918823,46.37909,
1396205915829176712,2,-22.799683,-42.89856,2.3391724,
1396205915829176712,-80,32.395935,-61.54785,48.562622,56.27899,-19.918823,46.37909,
1396205915849776077,2,-22.859192,-42.959595,2.279663,
1396205915849776077,-80,33.732605,-63.22937,49.546814,56.27899,-19.918823,46.37909,
1396205915870497512,2,-22.799683,-42.959595,2.3986816,
1396205915870497512,-80,34.735107,-62.220764,50.531006,56.27899,-19.918823,46.37909,
1396205915889784622,2,-22.918701,-42.959595,2.758789,
1396205915889784622,-80,33.232117,-61.7157,50.367737,56.27899,-19.918823,46.37909,
1396205915910017776,2,-22.738647,-42.77954,2.8793335,
1396205915910017776,-80,35.235596,-62.38861,49.71161,56.27899,-19.918823,46.37909,
1396205915929915237,2,-22.679138,-42.539978,3.0593872,
1396205915929915237,-80,34.90143,-61.04431,49.71161,56.27899,-19.918823,46.37909,
1396205915951247024,2,-22.37854,-42.419434,3.4194946,
1396205915951247024,-80,34.90143,-62.72583,51.35193,56.27899,-19.918823,46.37909,
1396205915971083450,2,-22.138977,-42.23938,3.4194946,
1396205915971083450,-80,35.06775,-62.556458,49.546814,56.27899,-19.918823,46.37909,
1396205915990523147,2,-21.958923,-42.419434,3.8391113,
1396205915990523147,-80,33.898926,-63.061523,52.008057,56.27899,-19.918823,46.37909,
1396205916010634231,2,-21.899414,-42.478943,3.8986206,
1396205916010634231,-80,34.40094,-63.902283,49.874878,56.27899,-19.918823,46.37909,
1396205916030623245,2,-21.839905,-42.718506,3.8986206,
1396205916030623245,-80,35.06775,-63.902283,50.531006,56.27899,-19.918823,46.37909,
1396205916071089553,2,-21.598816,-42.89856,4.258728,
1396205916071089553,-80,34.735107,-62.220764,52.171326,56.27899,-19.918823,46.37909,
1396205916091231155,2,-21.479797,-43.199158,4.319763,
1396205916091231155,-80,35.90393,-63.734436,50.367737,56.27899,-19.918823,46.37909,
1396205916111433792,2,-21.418762,-43.43872,4.4387817,
1396205916111433792,-80,35.569763,-64.40735,52.008057,56.27899,-19.918823,46.37909,
1396205916131331253,2,-21.238708,-43.37921,4.6188354,
1396205916131331253,-80,36.40442,-62.220764,51.187134,56.27899,-19.918823,46.37909,
1396205916151930618,2,-20.999146,-43.43872,4.6188354,
1396205916151930618,-80,35.401917,-63.56659,51.84326,56.27899,-19.918823,46.37909,
1396205916172652053,2,-20.939636,-43.43872,4.73938,
1396205916172652053,-80,34.90143,-64.07013,51.023865,56.27899,-19.918823,46.37909,
1396205916192000198,2,-20.819092,-43.37921,4.9194336,
1396205916192000198,-80,36.236572,-63.397217,52.008057,56.27899,-19.918823,46.37909,
1396205916213270950,2,-20.878601,-43.499756,5.1589966,
1396205916213270950,-80,35.06775,-64.237976,52.827454,56.27899,-19.918823,46.37909,
1396205916232069778,2,-20.698547,-43.499756,5.0994873,
1396205916232069778,-80,35.90393,-62.052917,51.679993,56.27899,-19.918823,46.37909,
1396205916253432083,2,-20.759583,-43.559265,5.3390503,
1396205916253432083,-80,35.401917,-64.237976,51.84326,56.27899,-19.918823,46.37909,
1396205916273451614,2,-20.518494,-43.37921,5.4595947,
1396205916273451614,-80,37.573242,-62.72583,52.99225,56.27899,-19.918823,46.37909,
1396205916292708206,2,-20.639038,-43.499756,5.758667,
1396205916292708206,-80,35.401917,-63.22937,53.81317,56.27899,-19.918823,46.37909,
1396205916312910843,2,-20.458984,-43.559265,6.059265,
1396205916312910843,-80,36.738586,-64.237976,54.141235,56.27899,-19.918823,46.37909,
1396205916332869339,2,-20.27893,-43.499756,6.478882,
1396205916332869339,-80,36.40442,-63.22937,54.4693,56.27899,-19.918823,46.37909,
1396205916353712844,2,-20.159912,-43.43872,6.539917,
1396205916353712844,-80,37.40692,-63.22937,52.49939,56.27899,-19.918823,46.37909,
1396205916374068069,2,-19.859314,-43.319702,6.5994263,
1396205916374068069,-80,37.239075,-63.061523,53.648376,56.27899,-19.918823,46.37909,
1396205916393519992,2,-19.859314,-43.319702,6.6589355,
1396205916393519992,-80,35.736084,-62.220764,52.171326,56.27899,-19.918823,46.37909,
1396205916413631076,2,-19.859314,-43.319702,6.9595337,
1396205916413631076,-80,35.569763,-64.40735,53.97644,56.27899,-19.918823,46.37909,
1396205916433650607,2,-20.098877,-43.43872,7.1395874,
1396205916433650607,-80,35.90393,-63.734436,54.63257,56.27899,-19.918823,46.37909,
1396205916454463595,2,-19.979858,-43.559265,7.258606,
1396205916454463595,-80,36.07025,-64.237976,54.797363,56.27899,-19.918823,46.37909,
1396205916474757785,2,-20.219421,-43.43872,7.1395874,
1396205916474757785,-80,34.735107,-62.893677,53.155518,56.27899,-19.918823,46.37909,
1396205916494227999,2,-20.339966,-43.43872,7.0785522,
1396205916494227999,-80,35.736084,-63.22937,54.141235,56.27899,-19.918823,46.37909,
1396205916514674777,2,-20.399475,-43.499756,7.258606,
1396205916514674777,-80,36.738586,-63.902283,53.485107,56.27899,-19.918823,46.37909,
1396205916534358615,2,-20.339966,-43.67981,7.3791504,
1396205916534358615,-80,37.739563,-64.237976,54.797363,56.27899,-19.918823,46.37909,
1396205916555568331,2,-20.159912,-43.859863,7.6797485,
1396205916555568331,-80,37.239075,-63.734436,54.304504,56.27899,-19.918823,46.37909,
1396205916574763888,2,-19.918823,-43.67981,7.8598022,
1396205916574763888,-80,37.40692,-62.893677,55.45349,56.27899,-19.918823,46.37909,
1396205916594874972,2,-19.73877,-43.73932,7.798767,
1396205916594874972,-80,37.40692,-64.237976,54.141235,56.27899,-19.918823,46.37909,
1396205916615047091,2,-19.378662,-43.73932,7.798767,
1396205916615047091,-80,38.909912,-64.40735,54.63257,56.27899,-19.918823,46.37909,
1396205916635158175,2,-19.1391,-43.79883,7.9193115,
1396205916635158175,-80,36.904907,-63.397217,54.304504,56.27899,-19.918823,46.37909,
1396205916655940646,2,-18.838501,-43.859863,7.978821,
1396205916655940646,-80,38.07373,-63.56659,54.4693,56.27899,-19.918823,46.37909,
1396205916675441378,2,-18.539429,-43.859863,8.1588745,
1396205916675441378,-80,39.242554,-64.07013,54.960632,56.27899,-19.918823,46.37909,
1396205916695582980,2,-18.299866,-43.859863,8.1588745,
1396205916695582980,-80,39.57672,-64.07013,54.63257,56.27899,-19.918823,46.37909,
1396205916715785617,2,-18.119812,-43.859863,8.279419,
1396205916715785617,-80,38.575745,-63.734436,55.61676,56.27899,-19.918823,46.37909,
1396205916735866183,2,-17.939758,-43.97888,8.279419,
1396205916735866183,-80,38.742065,-63.902283,55.45349,56.27899,-19.918823,46.37909,
1396205916756557101,2,-17.69867,-43.97888,8.459473,
1396205916756557101,-80,39.57672,-64.40735,55.61676,56.27899,-19.918823,46.37909,
1396205916776912326,2,-17.819214,-43.97888,8.578491,
1396205916776912326,-80,38.241577,-64.07013,55.288696,56.27899,-19.918823,46.37909,
1396205916796358162,2,-17.518616,-43.919373,8.699036,
1396205916796358162,-80,39.242554,-62.72583,55.288696,56.27899,-19.918823,46.37909,
1396205916817567879,2,-17.338562,-43.79883,8.699036,
1396205916817567879,-80,39.4104,-62.556458,54.4693,56.27899,-19.918823,46.37909,
1396205916836641365,2,-17.399597,-43.67981,8.879089,
1396205916836641365,-80,38.575745,-63.397217,56.600952,56.27899,-19.918823,46.37909,
1396205916857790047,2,-17.57965,-43.67981,8.938599,
1396205916857790047,-80,38.07373,-63.902283,55.45349,56.27899,-19.918823,46.37909,
1396205916877779060,2,-17.459106,-43.499756,9.118652,
1396205916877779060,-80,39.91089,-62.38861,56.929016,56.27899,-19.918823,46.37909,
1396205916897066170,2,-17.399597,-43.319702,9.359741,
1396205916897066170,-80,39.076233,-62.556458,57.421875,56.27899,-19.918823,46.37909,
1396205916917268806,2,-17.279053,-43.13965,9.539795,
1396205916917268806,-80,40.411377,-62.893677,56.765747,56.27899,-19.918823,46.37909,
1396205916937349373,2,-17.158508,-43.078613,9.779358,
1396205916937349373,-80,39.242554,-63.734436,57.58667,56.27899,-19.918823,46.37909,
1396205916958070808,2,-17.03949,-42.89856,9.959412,
1396205916958070808,-80,39.91089,-61.380005,56.600952,56.27899,-19.918823,46.37909,
1396205916978242927,2,-17.098999,-42.89856,10.319519,
1396205916978242927,-80,38.909912,-62.38861,57.25708,56.27899,-19.918823,46.37909,
1396205916997774177,2,-16.918945,-42.83905,10.559082,
1396205916997774177,-80,40.245056,-63.061523,58.57086,56.27899,-19.918823,46.37909,
1396205917017854744,2,-16.619873,-42.718506,10.85968,
1396205917017854744,-80,40.245056,-62.72583,57.914734,56.27899,-19.918823,46.37909,
1396205917037996345,2,-16.679382,-42.718506,10.85968,
1396205917037996345,-80,39.57672,-62.72583,56.929016,56.27899,-19.918823,46.37909,
1396205917058504158,2,-16.679382,-42.718506,10.85968,
1396205917058504158,-80,39.076233,-62.556458,57.09381,56.27899,-19.918823,46.37909,
1396205917079011970,2,-16.859436,-42.658997,10.919189,
1396205917079011970,-80,39.242554,-62.052917,57.58667,56.27899,-19.918823,46.37909,
1396205917098421150,2,-16.799927,-42.478943,10.798645,
1396205917098421150,-80,39.57672,-62.38861,56.600952,56.27899,-19.918823,46.37909,
1396205917118684822,2,-16.679382,-42.478943,10.978699,
1396205917118684822,-80,40.745544,-61.54785,58.078003,56.27899,-19.918823,46.37909,
1396205917138704353,2,-16.499329,-42.29889,10.978699,
1396205917138704353,-80,40.579224,-61.04431,56.929016,56.27899,-19.918823,46.37909,
1396205917159425789,2,-16.679382,-42.118835,10.85968,
1396205917159425789,-80,38.909912,-61.7157,57.58667,56.27899,-19.918823,46.37909,
1396205917179689461,2,-16.679382,-41.93878,10.85968,
1396205917179689461,-80,40.411377,-61.21216,58.406067,56.27899,-19.918823,46.37909,
1396205917199129158,2,-16.679382,-41.819763,10.85968,
1396205917199129158,-80,39.242554,-61.7157,56.929016,56.27899,-19.918823,46.37909,
1396205917219270760,2,-16.738892,-41.519165,11.039734,
1396205917219270760,-80,38.909912,-60.03418,58.242798,56.27899,-19.918823,46.37909,
1396205917239412361,2,-16.499329,-41.519165,11.099243,
1396205917239412361,-80,40.745544,-62.220764,58.078003,56.27899,-19.918823,46.37909,
1396205917261018806,2,-16.499329,-41.459656,11.338806,
1396205917261018806,-80,39.57672,-62.052917,58.242798,56.27899,-19.918823,46.37909,
1396205917279756599,2,-16.859436,-41.279602,11.158752,
1396205917279756599,-80,38.241577,-60.03418,56.929016,56.27899,-19.918823,46.37909,
1396205917299837166,2,-16.918945,-41.578674,11.219788,
1396205917299837166,-80,40.078735,-63.22937,57.09381,56.27899,-19.918823,46.37909,
1396205917340120369,2,-16.859436,-41.578674,11.158752,
1396205917340120369,-80,40.245056,-61.380005,57.914734,56.27899,-19.918823,46.37909,
1396205917360506111,2,-16.619873,-41.519165,11.158752,
1396205917360506111,-80,41.079712,-61.21216,57.09381,56.27899,-19.918823,46.37909,
1396205917381105476,2,-16.43982,-41.758728,11.158752,
1396205917381105476,-80,40.245056,-62.052917,58.242798,56.27899,-19.918823,46.37909,
1396205917400545174,2,-16.378784,-41.758728,11.279297,
1396205917400545174,-80,41.24756,-62.052917,58.898926,56.27899,-19.918823,46.37909,
1396205917421693855,2,-16.19873,-41.758728,11.158752,
1396205917421693855,-80,40.91339,-62.052917,57.58667,56.27899,-19.918823,46.37909,
1396205917440889412,2,-15.899658,-41.93878,11.099243,
1396205917440889412,-80,40.745544,-61.88507,56.437683,56.27899,-19.918823,46.37909,
1396205917461641365,2,-15.779114,-41.758728,11.158752,
1396205917461641365,-80,41.24756,-61.7157,57.58667,56.27899,-19.918823,46.37909,
1396205917481813484,2,-15.539551,-41.819763,11.219788,
1396205917481813484,-80,41.24756,-61.7157,57.914734,56.27899,-19.918823,46.37909,
1396205917501253181,2,-15.179443,-41.879272,11.099243,
1396205917501253181,-80,43.084717,-61.88507,56.765747,56.27899,-19.918823,46.37909,
1396205917521577888,2,-15.119934,-41.879272,11.099243,
1396205917521577888,-80,41.41388,-61.54785,57.421875,56.27899,-19.918823,46.37909,
1396205917541536385,2,-14.99939,-41.999817,10.85968,
1396205917541536385,-80,41.41388,-62.556458,56.10962,56.27899,-19.918823,46.37909,
1396205917563325935,2,-14.99939,-41.879272,10.679626,
1396205917563325935,-80,41.24756,-61.380005,57.58667,56.27899,-19.918823,46.37909,
1396205917581880623,2,-14.6987915,-42.059326,10.499573,
1396205917581880623,-80,42.91687,-63.061523,55.944824,56.27899,-19.918823,46.37909,
1396205917602034728,2,-14.6987915,-42.059326,10.559082,
1396205917602034728,-80,40.745544,-62.220764,57.421875,56.27899,-19.918823,46.37909,
1396205917622145812,2,-14.518738,-42.059326,10.438538,
1396205917622145812,-80,42.75055,-61.54785,56.437683,56.27899,-19.918823,46.37909,
1396205917642317931,2,-14.399719,-42.059326,10.438538,
1396205917642317931,-80,42.248535,-61.7157,57.914734,56.27899,-19.918823,46.37909,
1396205917662825744,2,-14.4592285,-42.059326,10.438538,
1396205917662825744,-80,42.41638,-62.220764,56.765747,56.27899,-19.918823,46.37909,
