1394397414844645339,64,-22.816467,-65.582275,309.758,56.622314,-131.59637,376.58844,
1394397414864512282,64,-23.854065,-67.64221,310.7666,56.622314,-131.59637,376.58844,
1394397414885142165,64,-24.02649,-65.753174,310.59875,56.622314,-131.59637,376.58844,
1394397414909220534,64,-24.02649,-65.753174,310.59875,56.622314,-131.59637,376.58844,
1394397414924113112,64,-22.297668,-66.0965,309.59015,56.622314,-131.59637,376.58844,
1394397414944742995,64,-23.162842,-66.26892,311.10382,56.622314,-131.59637,376.58844,
1394397414963846999,64,-23.162842,-66.26892,311.10382,56.622314,-131.59637,376.58844,
1394397414988688308,64,-22.470093,-66.26892,309.758,56.622314,-131.59637,376.58844,
1394397415004374343,64,-22.988892,-66.0965,309.92584,56.622314,-131.59637,376.58844,
1394397415023478347,64,-22.988892,-66.0965,309.92584,56.622314,-131.59637,376.58844,
1394397415043345290,64,-24.198914,-66.61224,309.758,56.622314,-131.59637,376.58844,
1394397415063975173,64,-22.644043,-65.06653,310.93597,56.622314,-131.59637,376.58844,
1394397415083079177,64,-22.644043,-65.06653,310.93597,56.622314,-131.59637,376.58844,
1394397415107889968,64,-21.606445,-66.43982,311.27167,56.622314,-131.59637,376.58844,
1394397415123576003,64,-22.816467,-66.26892,309.08508,56.622314,-131.59637,376.58844,
1394397415142680007,64,-22.816467,-66.26892,309.08508,56.622314,-131.59637,376.58844,
1394397415167490798,64,-23.162842,-65.9256,309.758,56.622314,-131.59637,376.58844,
1394397415183176833,64,-22.297668,-67.46979,308.91724,56.622314,-131.59637,376.58844,
1394397415202280837,64,-22.297668,-67.46979,308.91724,56.622314,-131.59637,376.58844,
1394397415222147780,64,-24.371338,-66.78314,310.93597,56.622314,-131.59637,376.58844,
1394397415242777663,64,-23.335266,-65.753174,310.26306,56.622314,-131.59637,376.58844,
1394397415261942702,64,-23.335266,-65.753174,310.26306,56.622314,-131.59637,376.58844,
1394397415281748610,64,-23.162842,-66.95557,309.4223,56.622314,-131.59637,376.58844,
1394397415302378493,64,-22.125244,-66.95557,308.7494,56.622314,-131.59637,376.58844,
1394397415321482497,64,-22.125244,-66.95557,308.7494,56.622314,-131.59637,376.58844,
1394397415341349440,64,-23.335266,-66.78314,310.93597,56.622314,-131.59637,376.58844,
1394397415361979323,64,-24.02649,-65.753174,310.59875,56.622314,-131.59637,376.58844,
1394397415381083327,64,-24.02649,-65.753174,310.59875,56.622314,-131.59637,376.58844,
1394397415400950271,64,-23.335266,-66.0965,310.59875,56.622314,-131.59637,376.58844,
1394397415421580153,64,-22.816467,-66.26892,309.4223,56.622314,-131.59637,376.58844,
1394397415445658523,64,-22.816467,-66.26892,309.4223,56.622314,-131.59637,376.58844,
1394397415460551101,64,-22.816467,-67.985535,309.4223,56.622314,-131.59637,376.58844,
1394397415481180983,64,-23.335266,-66.0965,309.92584,56.622314,-131.59637,376.58844,
1394397415505228835,64,-23.335266,-66.0965,309.92584,56.622314,-131.59637,376.58844,
1394397415525095778,64,-22.297668,-69.1864,309.25446,56.622314,-131.59637,376.58844,
1394397415544962722,64,-23.680115,-68.15643,310.93597,56.622314,-131.59637,376.58844,
1394397415564921218,64,-23.680115,-68.15643,310.93597,56.622314,-131.59637,376.58844,
1394397415584696608,64,-23.50769,-67.29889,310.4309,56.622314,-131.59637,376.58844,
1394397415600382644,64,-22.470093,-67.29889,309.758,56.622314,-131.59637,376.58844,
1394397415624430495,64,-22.470093,-67.29889,309.758,56.622314,-131.59637,376.58844,
1394397415639323073,64,-21.434021,-67.985535,310.7666,56.622314,-131.59637,376.58844,
1394397415659952956,64,-22.816467,-67.64221,310.4309,56.622314,-131.59637,376.58844,
1394397415679056960,64,-22.816467,-67.64221,310.4309,56.622314,-131.59637,376.58844,
1394397415703867751,64,-23.162842,-67.29889,311.4395,56.622314,-131.59637,376.58844,
1394397415723734694,64,-23.854065,-67.29889,310.7666,56.622314,-131.59637,376.58844,
1394397415743601638,64,-23.854065,-67.29889,310.7666,56.622314,-131.59637,376.58844,
1394397415763468581,64,-24.02649,-69.1864,311.60736,56.622314,-131.59637,376.58844,
1394397415779154616,64,-23.50769,-67.64221,310.0952,56.622314,-131.59637,376.58844,
1394397415798228103,64,-23.50769,-67.64221,310.0952,56.622314,-131.59637,376.58844,
1394397415823069411,64,-24.371338,-68.15643,309.59015,56.622314,-131.59637,376.58844,
1394397415842936355,64,-23.680115,-67.126465,310.26306,56.622314,-131.59637,376.58844,
1394397415857828933,64,-23.680115,-67.126465,310.26306,56.622314,-131.59637,376.58844,
1394397415877695876,64,-24.371338,-67.81311,310.59875,56.622314,-131.59637,376.58844,
1394397415902506667,64,-24.02649,-67.46979,310.59875,56.622314,-131.59637,376.58844,
1394397415917429763,64,-24.02649,-67.46979,310.59875,56.622314,-131.59637,376.58844,
1394397415937296706,64,-23.680115,-67.46979,310.59875,56.622314,-131.59637,376.58844,
1394397415957926589,64,-24.198914,-66.95557,312.11243,56.622314,-131.59637,376.58844,
1394397415977030593,64,-24.198914,-66.95557,312.11243,56.622314,-131.59637,376.58844,
1394397416001841384,64,-22.125244,-67.985535,311.10382,56.622314,-131.59637,376.58844,
1394397416017496901,64,-22.988892,-68.15643,310.26306,56.622314,-131.59637,376.58844,
1394397416031657058,64,-22.988892,-68.15643,310.26306,56.622314,-131.59637,376.58844,
1394397416056467849,64,-22.125244,-67.29889,311.77673,56.622314,-131.59637,376.58844,
1394397416081309157,64,-24.198914,-69.0155,309.08508,56.622314,-131.59637,376.58844,
1394397416101206618,64,-24.198914,-69.0155,309.08508,56.622314,-131.59637,376.58844,
1394397416116099196,64,-23.50769,-66.26892,309.758,56.622314,-131.59637,376.58844,
1394397416140940505,64,-22.816467,-67.29889,308.7494,56.622314,-131.59637,376.58844,
1394397416155833083,64,-22.816467,-67.29889,308.7494,56.622314,-131.59637,376.58844,
1394397416175700026,64,-22.816467,-67.29889,310.7666,56.622314,-131.59637,376.58844,
1394397416196329909,64,-23.162842,-66.95557,310.0952,56.622314,-131.59637,376.58844,
1394397416215433913,64,-23.162842,-66.95557,310.0952,56.622314,-131.59637,376.58844,
1394397416240244704,64,-23.854065,-67.29889,310.7666,56.622314,-131.59637,376.58844,
1394397416260142165,64,-22.988892,-65.753174,310.93597,56.622314,-131.59637,376.58844,
1394397416275065261,64,-22.988892,-65.753174,310.93597,56.622314,-131.59637,376.58844,
1394397416294901687,64,-24.198914,-67.64221,311.77673,56.622314,-131.59637,376.58844,
1394397416315562087,64,-24.371338,-65.06653,311.94458,56.622314,-131.59637,376.58844,
1394397416339609939,64,-24.371338,-65.06653,311.94458,56.622314,-131.59637,376.58844,
1394397416354533034,64,-24.02649,-66.0965,311.60736,56.622314,-131.59637,376.58844,
1394397416379343825,64,-24.717712,-66.43982,312.6175,56.622314,-131.59637,376.58844,
1394397416394236403,64,-24.717712,-66.43982,312.6175,56.622314,-131.59637,376.58844,
1394397416419077712,64,-25.236511,-65.23895,311.4395,56.622314,-131.59637,376.58844,
1394397416438944655,64,-24.545288,-65.9256,311.77673,56.622314,-131.59637,376.58844,
1394397416453837233,64,-24.545288,-65.9256,311.77673,56.622314,-131.59637,376.58844,
1394397416473765212,64,-24.545288,-65.23895,312.44812,56.622314,-131.59637,376.58844,
1394397416494334060,64,-24.890137,-66.26892,311.77673,56.622314,-131.59637,376.58844,
1394397416513499099,64,-24.890137,-66.26892,311.77673,56.622314,-131.59637,376.58844,
1394397416533305007,64,-24.717712,-66.78314,312.6175,56.622314,-131.59637,376.58844,
1394397416558115798,64,-24.890137,-65.9256,314.13116,56.622314,-131.59637,376.58844,
1394397416578013259,64,-24.890137,-65.9256,314.13116,56.622314,-131.59637,376.58844,
1394397416592905837,64,-25.408936,-66.43982,314.299,56.622314,-131.59637,376.58844,
1394397416617716628,64,-23.854065,-66.26892,313.79395,56.622314,-131.59637,376.58844,
1394397416632639724,64,-23.854065,-66.26892,313.79395,56.622314,-131.59637,376.58844,
1394397416652506667,64,-24.890137,-66.61224,313.45825,56.622314,-131.59637,376.58844,
1394397416677317458,64,-25.75531,-67.46979,312.9532,56.622314,-131.59637,376.58844,
1394397416692210036,64,-25.75531,-67.46979,312.9532,56.622314,-131.59637,376.58844,
1394397416717020827,64,-25.236511,-66.26892,311.4395,56.622314,-131.59637,376.58844,
1394397416732737380,64,-25.408936,-66.43982,313.2904,56.622314,-131.59637,376.58844,
1394397416756785231,64,-25.408936,-66.43982,313.2904,56.622314,-131.59637,376.58844,
1394397416771677810,64,-25.58136,-66.61224,313.45825,56.622314,-131.59637,376.58844,
1394397416792338210,64,-24.717712,-66.0965,311.94458,56.622314,-131.59637,376.58844,
1394397416811411696,64,-24.717712,-66.0965,311.94458,56.622314,-131.59637,376.58844,
1394397416831370192,64,-26.100159,-66.0965,312.6175,56.622314,-131.59637,376.58844,
1394397416851908523,64,-25.064087,-65.06653,313.6261,56.622314,-131.59637,376.58844,
1394397416875956374,64,-25.064087,-65.06653,313.6261,56.622314,-131.59637,376.58844,
1394397416890909987,64,-25.408936,-65.40985,312.28027,56.622314,-131.59637,376.58844,
1394397416911784011,64,-25.236511,-65.9256,313.45825,56.622314,-131.59637,376.58844,
1394397416930582839,64,-25.236511,-65.9256,313.45825,56.622314,-131.59637,376.58844,
1394397416950693923,64,-24.371338,-67.126465,312.28027,56.622314,-131.59637,376.58844,
1394397416975291091,64,-25.408936,-66.0965,312.9532,56.622314,-131.59637,376.58844,
1394397416995127517,64,-25.408936,-66.0965,312.9532,56.622314,-131.59637,376.58844,
1394397417010050612,64,-25.408936,-66.0965,313.6261,56.622314,-131.59637,376.58844,
1394397417030649978,64,-24.371338,-66.43982,313.9618,56.622314,-131.59637,376.58844,
1394397417050089675,64,-24.371338,-66.43982,313.9618,56.622314,-131.59637,376.58844,
1394397417069620925,64,-26.446533,-67.126465,314.6347,56.622314,-131.59637,376.58844,
1394397417094431716,64,-26.274109,-67.29889,313.79395,56.622314,-131.59637,376.58844,
1394397417114329177,64,-26.274109,-67.29889,313.79395,56.622314,-131.59637,376.58844,
1394397417129221755,64,-26.446533,-66.43982,315.30762,56.622314,-131.59637,376.58844,
1394397417154063064,64,-24.717712,-66.78314,315.6433,56.622314,-131.59637,376.58844,
1394397417173930007,64,-24.717712,-66.78314,315.6433,56.622314,-131.59637,376.58844,
1394397417193766433,64,-24.545288,-66.26892,316.8213,56.622314,-131.59637,376.58844,
1394397417213663894,64,-25.236511,-66.95557,314.80255,56.622314,-131.59637,376.58844,
1394397417228556472,64,-25.236511,-66.95557,314.80255,56.622314,-131.59637,376.58844,
1394397417248423415,64,-26.446533,-66.43982,316.65344,56.622314,-131.59637,376.58844,
1394397417273264724,64,-26.100159,-67.46979,316.31622,56.622314,-131.59637,376.58844,
1394397417288157302,64,-26.100159,-67.46979,316.31622,56.622314,-131.59637,376.58844,
1394397417312968093,64,-26.274109,-67.29889,314.46686,56.622314,-131.59637,376.58844,
1394397417328654128,64,-26.618958,-67.29889,315.81268,56.622314,-131.59637,376.58844,
1394397417352732497,64,-26.618958,-67.29889,315.81268,56.622314,-131.59637,376.58844,
1394397417367625075,64,-24.717712,-65.40985,314.6347,56.622314,-131.59637,376.58844,
1394397417388254958,64,-25.927734,-67.985535,315.13977,56.622314,-131.59637,376.58844,
1394397417407358962,64,-25.927734,-67.985535,315.13977,56.622314,-131.59637,376.58844,
1394397417427256423,64,-26.274109,-66.95557,314.80255,56.622314,-131.59637,376.58844,
1394397417452067214,64,-25.236511,-65.582275,315.13977,56.622314,-131.59637,376.58844,
1394397417467142898,64,-25.236511,-65.582275,315.13977,56.622314,-131.59637,376.58844,
1394397417491770583,64,-26.100159,-66.78314,315.30762,56.622314,-131.59637,376.58844,
1394397417511668044,64,-26.274109,-64.55231,316.14838,56.622314,-131.59637,376.58844,
1394397417531534987,64,-26.274109,-64.55231,316.14838,56.622314,-131.59637,376.58844,
1394397417551371413,64,-25.75531,-65.753174,315.98053,56.622314,-131.59637,376.58844,
1394397417567057448,64,-27.48413,-66.78314,315.30762,56.622314,-131.59637,376.58844,
1394397417591135817,64,-27.48413,-66.78314,315.30762,56.622314,-131.59637,376.58844,
1394397417606028396,64,-25.408936,-66.78314,315.6433,56.622314,-131.59637,376.58844,
1394397417626658278,64,-25.064087,-66.43982,316.65344,56.622314,-131.59637,376.58844,
1394397417650706130,64,-25.064087,-66.43982,316.65344,56.622314,-131.59637,376.58844,
1394397417665812331,64,-25.58136,-66.26892,316.8213,56.622314,-131.59637,376.58844,
1394397417690440017,64,-26.274109,-65.23895,315.47546,56.622314,-131.59637,376.58844,
1394397417705363112,64,-26.274109,-65.23895,315.47546,56.622314,-131.59637,376.58844,
1394397417725199538,64,-26.274109,-65.9256,317.8299,56.622314,-131.59637,376.58844,
1394397417746073562,64,-26.791382,-67.126465,316.65344,56.622314,-131.59637,376.58844,
1394397417769907790,64,-26.791382,-67.126465,316.65344,56.622314,-131.59637,376.58844,
1394397417784830886,64,-27.137756,-67.126465,317.66205,56.622314,-131.59637,376.58844,
1394397417809641677,64,-26.274109,-65.582275,317.15698,56.622314,-131.59637,376.58844,
1394397417824534255,64,-26.274109,-65.582275,317.15698,56.622314,-131.59637,376.58844,
1394397417849375564,64,-25.58136,-65.582275,317.4942,56.622314,-131.59637,376.58844,
1394397417869273024,64,-25.927734,-66.61224,318.1671,56.622314,-131.59637,376.58844,
1394397417908945876,64,-25.408936,-66.43982,318.67065,56.622314,-131.59637,376.58844,
1394397417928843337,64,-26.791382,-67.126465,317.66205,56.622314,-131.59637,376.58844,
1394397417943735915,64,-26.791382,-67.126465,317.66205,56.622314,-131.59637,376.58844,
1394397417963602858,64,-26.446533,-66.0965,316.65344,56.622314,-131.59637,376.58844,
1394397417988505202,64,-24.198914,-67.29889,318.1671,56.622314,-131.59637,376.58844,
1394397418008311110,64,-24.198914,-67.29889,318.1671,56.622314,-131.59637,376.58844,
1394397418028147536,64,-25.236511,-68.67218,317.4942,56.622314,-131.59637,376.58844,
1394397418048014480,64,-24.890137,-68.67218,316.8213,56.622314,-131.59637,376.58844,
1394397418067911940,64,-24.890137,-68.67218,316.8213,56.622314,-131.59637,376.58844,
1394397418082804519,64,-25.927734,-68.67218,316.8213,56.622314,-131.59637,376.58844,
1394397418103434401,64,-26.618958,-67.64221,316.48407,56.622314,-131.59637,376.58844,
1394397418127512771,64,-26.618958,-67.64221,316.48407,56.622314,-131.59637,376.58844,
1394397418142405349,64,-24.545288,-68.67218,317.15698,56.622314,-131.59637,376.58844,
1394397418163035231,64,-24.198914,-68.32886,315.81268,56.622314,-131.59637,376.58844,
1394397418187113601,64,-24.198914,-68.32886,315.81268,56.622314,-131.59637,376.58844,
1394397418206950026,64,-22.988892,-68.499756,316.65344,56.622314,-131.59637,376.58844,
1394397418222636062,64,-24.371338,-68.15643,315.6433,56.622314,-131.59637,376.58844,
1394397418246683913,64,-24.371338,-68.15643,315.6433,56.622314,-131.59637,376.58844,
1394397418266550856,64,-25.408936,-68.84308,315.30762,56.622314,-131.59637,376.58844,
1394397418282206374,64,-23.680115,-69.1864,314.6347,56.622314,-131.59637,376.58844,
1394397418306284743,64,-23.680115,-69.1864,314.6347,56.622314,-131.59637,376.58844,
1394397418326121169,64,-23.50769,-68.32886,315.13977,56.622314,-131.59637,376.58844,
1394397418341807204,64,-23.335266,-67.81311,315.6433,56.622314,-131.59637,376.58844,
1394397418360911208,64,-23.335266,-67.81311,315.6433,56.622314,-131.59637,376.58844,
1394397418385721999,64,-24.545288,-69.70215,315.47546,56.622314,-131.59637,376.58844,
1394397418405588942,64,-24.02649,-70.55969,316.98914,56.622314,-131.59637,376.58844,
1394397418420512038,64,-24.02649,-70.55969,316.98914,56.622314,-131.59637,376.58844,
1394397418445322829,64,-23.680115,-70.21637,315.98053,56.622314,-131.59637,376.58844,
1394397418465189773,64,-24.02649,-69.529724,317.32635,56.622314,-131.59637,376.58844,
1394397418480051833,64,-24.02649,-69.529724,317.32635,56.622314,-131.59637,376.58844,
1394397418504893142,64,-24.198914,-70.73212,317.15698,56.622314,-131.59637,376.58844,
1394397418524760085,64,-25.75531,-72.27783,316.65344,56.622314,-131.59637,376.58844,
1394397418539957839,64,-25.75531,-72.27783,316.65344,56.622314,-131.59637,376.58844,
1394397418564493972,64,-25.064087,-71.24634,318.67065,56.622314,-131.59637,376.58844,
1394397418584330398,64,-21.434021,-72.10541,317.15698,56.622314,-131.59637,376.58844,
1394397418604227858,64,-21.434021,-72.10541,317.15698,56.622314,-131.59637,376.58844,
1394397418639750319,64,-25.408936,-72.621155,315.98053,56.622314,-131.59637,376.58844,
1394397418663798171,64,-25.408936,-72.621155,315.98053,56.622314,-131.59637,376.58844,
1394397418683665114,64,-24.371338,-73.65112,317.66205,56.622314,-131.59637,376.58844,
1394397418703532058,64,-23.854065,-72.79205,316.8213,56.622314,-131.59637,376.58844,
1394397418723399001,64,-23.854065,-72.79205,316.8213,56.622314,-131.59637,376.58844,
1394397418743235427,64,-24.371338,-71.93451,316.65344,56.622314,-131.59637,376.58844,
1394397418758921462,64,-22.644043,-71.24634,315.30762,56.622314,-131.59637,376.58844,
1394397418782969314,64,-22.644043,-71.24634,315.30762,56.622314,-131.59637,376.58844,
1394397418802836257,64,-23.162842,-71.762085,315.47546,56.622314,-131.59637,376.58844,
1394397418822703200,64,-24.371338,-71.93451,314.97192,56.622314,-131.59637,376.58844,
1394397418842600661,64,-24.371338,-71.93451,314.97192,56.622314,-131.59637,376.58844,
1394397418862406569,64,-24.545288,-71.41876,316.14838,56.622314,-131.59637,376.58844,
1394397418882273513,64,-24.198914,-72.10541,315.13977,56.622314,-131.59637,376.58844,
1394397418897257644,64,-24.198914,-72.10541,315.13977,56.622314,-131.59637,376.58844,
1394397418922007399,64,-24.545288,-72.10541,314.80255,56.622314,-131.59637,376.58844,
1394397418941874343,64,-24.890137,-71.762085,314.80255,56.622314,-131.59637,376.58844,
1394397418961710769,64,-24.890137,-71.762085,314.80255,56.622314,-131.59637,376.58844,
1394397418976633864,64,-24.198914,-72.10541,314.46686,56.622314,-131.59637,376.58844,
1394397419001444655,64,-23.680115,-70.21637,314.6347,56.622314,-131.59637,376.58844,
1394397419016367751,64,-23.680115,-70.21637,314.6347,56.622314,-131.59637,376.58844,
1394397419036204177,64,-23.335266,-71.93451,315.30762,56.622314,-131.59637,376.58844,
1394397419057017165,64,-23.50769,-71.41876,314.46686,56.622314,-131.59637,376.58844,
1394397419075938064,64,-23.50769,-71.41876,314.46686,56.622314,-131.59637,376.58844,
1394397419095866042,64,-22.644043,-71.59119,316.65344,56.622314,-131.59637,376.58844,
1394397419116434890,64,-24.717712,-72.621155,315.6433,56.622314,-131.59637,376.58844,
1394397419140513259,64,-24.717712,-72.621155,315.6433,56.622314,-131.59637,376.58844,
1394397419160349685,64,-25.236511,-73.4787,316.48407,56.622314,-131.59637,376.58844,
1394397419176005202,64,-26.618958,-70.73212,317.15698,56.622314,-131.59637,376.58844,
1394397419195109206,64,-26.618958,-70.73212,317.15698,56.622314,-131.59637,376.58844,
1394397419219919997,64,-26.618958,-70.73212,317.8299,56.622314,-131.59637,376.58844,
1394397419239817458,64,-24.545288,-72.79205,317.4942,56.622314,-131.59637,376.58844,
1394397419259684401,64,-24.545288,-72.79205,317.4942,56.622314,-131.59637,376.58844,
1394397419274607497,64,-25.236511,-72.10541,317.4942,56.622314,-131.59637,376.58844,
1394397419289469558,64,-25.58136,-72.79205,316.8213,56.622314,-131.59637,376.58844,
1394397419314280349,64,-25.58136,-72.79205,316.8213,56.622314,-131.59637,376.58844,
1394397419329203444,64,-25.236511,-71.41876,316.8213,56.622314,-131.59637,376.58844,
1394397419358988601,64,-25.927734,-72.79205,317.15698,56.622314,-131.59637,376.58844,
1394397419388773757,64,-25.927734,-71.762085,317.15698,56.622314,-131.59637,376.58844,
1394397419414622146,64,-26.446533,-72.621155,316.31622,56.622314,-131.59637,376.58844,
1394397419438456374,64,-26.446533,-72.621155,316.31622,56.622314,-131.59637,376.58844,
1394397419458292800,64,-25.064087,-72.96448,315.98053,56.622314,-131.59637,376.58844,
1394397419474222976,64,-25.927734,-71.762085,315.47546,56.622314,-131.59637,376.58844,
1394397419498026687,64,-25.927734,-71.762085,315.47546,56.622314,-131.59637,376.58844,
1394397419512980300,64,-27.31018,-74.165344,315.47546,56.622314,-131.59637,376.58844,
1394397419533823806,64,-25.927734,-72.44873,315.81268,56.622314,-131.59637,376.58844,
1394397419557658034,64,-25.927734,-72.44873,315.81268,56.622314,-131.59637,376.58844,
1394397419577494460,64,-25.75531,-73.65112,314.6347,56.622314,-131.59637,376.58844,
1394397419597361403,64,-25.75531,-73.994446,313.9618,56.622314,-131.59637,376.58844,
1394397419612284499,64,-25.75531,-73.994446,313.9618,56.622314,-131.59637,376.58844,
1394397419627177077,64,-26.100159,-72.621155,313.6261,56.622314,-131.59637,376.58844,
1394397419656962233,64,-25.58136,-73.82202,314.80255,56.622314,-131.59637,376.58844,
1394397419671885329,64,-25.58136,-73.82202,314.80255,56.622314,-131.59637,376.58844,
1394397419696696120,64,-24.545288,-74.50867,315.13977,56.622314,-131.59637,376.58844,
1394397419712382155,64,-26.446533,-73.65112,313.9618,56.622314,-131.59637,376.58844,
1394397419726481276,64,-26.446533,-73.65112,313.9618,56.622314,-131.59637,376.58844,
1394397419751322585,64,-24.371338,-75.024414,315.30762,56.622314,-131.59637,376.58844,
1394397419776163894,64,-25.75531,-76.397705,315.6433,56.622314,-131.59637,376.58844,
1394397419796030837,64,-25.75531,-76.397705,315.6433,56.622314,-131.59637,376.58844,
1394397419811167556,64,-26.446533,-74.33777,315.98053,56.622314,-131.59637,376.58844,
1394397419835734206,64,-26.791382,-75.71106,314.6347,56.622314,-131.59637,376.58844,
1394397419850657302,64,-26.791382,-75.71106,314.6347,56.622314,-131.59637,376.58844,
1394397419875468093,64,-27.31018,-75.19531,314.80255,56.622314,-131.59637,376.58844,
1394397419895335036,64,-28.175354,-74.68109,315.98053,56.622314,-131.59637,376.58844,
1394397419910258132,64,-28.175354,-74.68109,315.98053,56.622314,-131.59637,376.58844,
1394397419930125075,64,-27.31018,-76.91193,315.81268,56.622314,-131.59637,376.58844,
1394397419950999099,64,-28.347778,-75.19531,314.46686,56.622314,-131.59637,376.58844,
1394397419974833327,64,-28.347778,-75.19531,314.46686,56.622314,-131.59637,376.58844,
1394397419999674636,64,-27.48413,-77.770996,315.6433,56.622314,-131.59637,376.58844,
1394397420010355788,64,-27.82898,-76.05438,315.30762,56.622314,-131.59637,376.58844,
1394397420034434157,64,-27.82898,-76.05438,315.30762,56.622314,-131.59637,376.58844,
1394397420049570876,64,-26.274109,-75.538635,314.13116,56.622314,-131.59637,376.58844,
1394397420070292312,64,-27.137756,-76.74103,314.299,56.622314,-131.59637,376.58844,
1394397420094034987,64,-27.137756,-76.74103,314.299,56.622314,-131.59637,376.58844,
1394397420108988601,64,-27.48413,-76.397705,313.6261,56.622314,-131.59637,376.58844,
1394397420123850661,64,-26.791382,-76.397705,313.9618,56.622314,-131.59637,376.58844,
1394397420148844558,64,-26.791382,-76.397705,313.9618,56.622314,-131.59637,376.58844,
1394397420173472243,64,-27.48413,-76.05438,314.97192,56.622314,-131.59637,376.58844,
1394397420189158278,64,-27.31018,-75.538635,316.48407,56.622314,-131.59637,376.58844,
1394397420213206130,64,-27.31018,-75.538635,316.48407,56.622314,-131.59637,376.58844,
1394397420233073073,64,-29.039001,-75.88196,314.13116,56.622314,-131.59637,376.58844,
1394397420248759108,64,-28.692627,-75.19531,315.47546,56.622314,-131.59637,376.58844,
1394397420267924148,64,-28.692627,-75.19531,315.47546,56.622314,-131.59637,376.58844,
1394397420292673903,64,-26.100159,-75.36774,314.6347,56.622314,-131.59637,376.58844,
1394397420312540847,64,-28.347778,-74.165344,315.47546,56.622314,-131.59637,376.58844,
1394397420332438308,64,-28.347778,-74.165344,315.47546,56.622314,-131.59637,376.58844,
1394397420347330886,64,-27.31018,-73.4787,312.78534,56.622314,-131.59637,376.58844,
1394397420372141677,64,-28.347778,-74.165344,314.46686,56.622314,-131.59637,376.58844,
1394397420392039138,64,-28.347778,-74.165344,314.46686,56.622314,-131.59637,376.58844,
1394397420421824294,64,-29.902649,-74.68109,315.30762,56.622314,-131.59637,376.58844,
1394397420441660720,64,-29.902649,-74.68109,315.30762,56.622314,-131.59637,376.58844,
1394397420471445876,64,-28.175354,-72.96448,314.97192,56.622314,-131.59637,376.58844,
1394397420491312819,64,-29.211426,-72.621155,315.30762,56.622314,-131.59637,376.58844,
1394397420511210280,64,-29.211426,-72.621155,315.30762,56.622314,-131.59637,376.58844,
1394397420526102858,64,-29.211426,-73.3078,316.65344,56.622314,-131.59637,376.58844,
1394397420550913649,64,-28.866577,-73.65112,316.98914,56.622314,-131.59637,376.58844,
1394397420565836745,64,-28.866577,-73.65112,316.98914,56.622314,-131.59637,376.58844,
1394397420585703689,64,-28.175354,-72.96448,315.98053,56.622314,-131.59637,376.58844,
1394397420606364089,64,-29.902649,-73.994446,315.6433,56.622314,-131.59637,376.58844,
1394397420625437575,64,-29.902649,-73.994446,315.6433,56.622314,-131.59637,376.58844,
1394397420650248366,64,-28.692627,-73.82202,315.47546,56.622314,-131.59637,376.58844,
1394397420670115310,64,-29.902649,-75.36774,315.98053,56.622314,-131.59637,376.58844,
1394397420704874831,64,-29.5578,-72.96448,317.66205,56.622314,-131.59637,376.58844,
1394397420729716140,64,-29.5578,-73.3078,316.98914,56.622314,-131.59637,376.58844,
1394397420749583083,64,-29.5578,-73.3078,316.98914,56.622314,-131.59637,376.58844,
1394397420764506179,64,-29.039001,-72.79205,316.8213,56.622314,-131.59637,376.58844,
1394397420785105544,64,-28.692627,-71.762085,317.15698,56.622314,-131.59637,376.58844,
1394397420799235183,64,-28.692627,-71.762085,317.15698,56.622314,-131.59637,376.58844,
1394397420819102126,64,-29.385376,-74.165344,317.15698,56.622314,-131.59637,376.58844,
1394397420838999587,64,-28.001404,-72.44873,318.8385,56.622314,-131.59637,376.58844,
1394397420863779860,64,-28.001404,-72.44873,318.8385,56.622314,-131.59637,376.58844,
1394397420888621169,64,-28.692627,-73.4787,317.8299,56.622314,-131.59637,376.58844,
1394397420908488112,64,-29.211426,-74.33777,316.98914,56.622314,-131.59637,376.58844,
1394397420928385573,64,-29.211426,-74.33777,316.98914,56.622314,-131.59637,376.58844,
1394397420948221999,64,-29.5578,-74.68109,317.66205,56.622314,-131.59637,376.58844,
1394397420968088942,64,-29.039001,-73.4787,316.8213,56.622314,-131.59637,376.58844,
1394397420987955886,64,-29.039001,-73.4787,316.8213,56.622314,-131.59637,376.58844,
1394397421007792312,64,-29.039001,-72.10541,318.1671,56.622314,-131.59637,376.58844,
1394397421032664138,64,-29.730225,-73.82202,318.8385,56.622314,-131.59637,376.58844,
1394397421057474929,64,-27.82898,-73.3078,319.67926,56.622314,-131.59637,376.58844,
1394397421087290603,64,-29.730225,-74.85199,320.52002,56.622314,-131.59637,376.58844,
1394397421107157546,64,-29.730225,-74.85199,320.52002,56.622314,-131.59637,376.58844,
1394397421122050124,64,-29.5578,-73.994446,321.36078,56.622314,-131.59637,376.58844,
1394397421146860915,64,-28.520203,-72.96448,320.01648,56.622314,-131.59637,376.58844,
1394397421166758376,64,-28.520203,-72.96448,320.01648,56.622314,-131.59637,376.58844,
1394397421186594802,64,-28.520203,-74.68109,320.35217,56.622314,-131.59637,376.58844,
1394397421211436110,64,-29.039001,-73.4787,321.19293,56.622314,-131.59637,376.58844,
1394397421241221267,64,-29.385376,-74.165344,321.19293,56.622314,-131.59637,376.58844,
1394397421261851149,64,-28.175354,-74.68109,321.698,56.622314,-131.59637,376.58844,
1394397421285929519,64,-28.175354,-74.68109,321.698,56.622314,-131.59637,376.58844,
1394397421305765944,64,-30.595398,-74.68109,321.698,56.622314,-131.59637,376.58844,
1394397421321513015,64,-28.347778,-74.50867,321.53015,56.622314,-131.59637,376.58844,
1394397421335581618,64,-28.347778,-74.50867,321.53015,56.622314,-131.59637,376.58844,
1394397421360422927,64,-28.001404,-73.82202,320.85724,56.622314,-131.59637,376.58844,
1394397421385233718,64,-28.347778,-72.79205,320.85724,56.622314,-131.59637,376.58844,
1394397421400156814,64,-28.347778,-72.79205,320.85724,56.622314,-131.59637,376.58844,
1394397421424937087,64,-28.866577,-72.621155,320.6894,56.622314,-131.59637,376.58844,
1394397421444834548,64,-28.866577,-71.59119,322.0337,56.622314,-131.59637,376.58844,
1394397421464701491,64,-28.866577,-71.59119,322.0337,56.622314,-131.59637,376.58844,
1394397421479624587,64,-29.211426,-70.55969,321.0251,56.622314,-131.59637,376.58844,
1394397421504435378,64,-28.866577,-70.55969,322.0337,56.622314,-131.59637,376.58844,
1394397421519327956,64,-28.866577,-70.55969,322.0337,56.622314,-131.59637,376.58844,
1394397421544138747,64,-27.82898,-71.93451,322.3709,56.622314,-131.59637,376.58844,
1394397421568980056,64,-28.692627,-71.41876,323.54736,56.622314,-131.59637,376.58844,
1394397421598765212,64,-25.927734,-72.10541,321.86584,56.622314,-131.59637,376.58844,
1394397421623667556,64,-26.618958,-71.07544,320.52002,56.622314,-131.59637,376.58844,
1394397421643473464,64,-26.618958,-71.07544,320.52002,56.622314,-131.59637,376.58844,
1394397421658366042,64,-27.31018,-70.04547,323.54736,56.622314,-131.59637,376.58844,
1394397421679026442,64,-27.31018,-69.358826,320.85724,56.622314,-131.59637,376.58844,
1394397421698068866,64,-27.31018,-69.358826,320.85724,56.622314,-131.59637,376.58844,
1394397421712991962,64,-26.618958,-70.04547,322.20306,56.622314,-131.59637,376.58844,
1394397421742746601,64,-26.446533,-69.87305,323.04382,56.622314,-131.59637,376.58844,
1394397421777811298,64,-27.48413,-70.903015,322.7066,56.622314,-131.59637,376.58844,
1394397421807321796,64,-26.446533,-69.529724,324.72534,56.622314,-131.59637,376.58844,
1394397421837106952,64,-27.137756,-69.87305,324.38812,56.622314,-131.59637,376.58844,
1394397421857736835,64,-24.545288,-70.04547,324.55597,56.622314,-131.59637,376.58844,
1394397421876840839,64,-24.545288,-70.04547,324.55597,56.622314,-131.59637,376.58844,
1394397421901651630,64,-26.791382,-70.55969,325.39673,56.622314,-131.59637,376.58844,
1394397421921518573,64,-27.82898,-69.529724,324.05243,56.622314,-131.59637,376.58844,
1394397421936441669,64,-27.82898,-69.529724,324.05243,56.622314,-131.59637,376.58844,
1394397421961252460,64,-25.58136,-70.04547,324.8932,56.622314,-131.59637,376.58844,
1394397421981119403,64,-25.75531,-67.81311,323.7152,56.622314,-131.59637,376.58844,
1394397422000986347,64,-25.75531,-67.81311,323.7152,56.622314,-131.59637,376.58844,
1394397422015909442,64,-25.58136,-69.70215,322.87445,56.622314,-131.59637,376.58844,
1394397422036508808,64,-24.890137,-67.985535,322.87445,56.622314,-131.59637,376.58844,
1394397422055612811,64,-24.890137,-67.985535,322.87445,56.622314,-131.59637,376.58844,
1394397422075479755,64,-23.854065,-69.0155,323.54736,56.622314,-131.59637,376.58844,
1394397422096506366,64,-25.58136,-67.29889,324.22028,56.622314,-131.59637,376.58844,
1394397422120157489,64,-25.58136,-67.29889,324.22028,56.622314,-131.59637,376.58844,
1394397422135080585,64,-24.545288,-69.0155,323.21167,56.622314,-131.59637,376.58844,
1394397422155679950,64,-23.162842,-69.0155,322.87445,56.622314,-131.59637,376.58844,
1394397422179758319,64,-23.162842,-69.0155,322.87445,56.622314,-131.59637,376.58844,
1394397422194650897,64,-22.470093,-67.985535,323.21167,56.622314,-131.59637,376.58844,
1394397422219461688,64,-23.335266,-69.529724,322.3709,56.622314,-131.59637,376.58844,
1394397422234415302,64,-23.335266,-69.529724,322.3709,56.622314,-131.59637,376.58844,
1394397422259195575,64,-23.854065,-70.388794,323.21167,56.622314,-131.59637,376.58844,
1394397422274881610,64,-22.125244,-70.388794,323.54736,56.622314,-131.59637,376.58844,
1394397422293985614,64,-22.125244,-70.388794,323.54736,56.622314,-131.59637,376.58844,
1394397422313822040,64,-23.854065,-69.70215,323.54736,56.622314,-131.59637,376.58844,
1394397422334482440,64,-22.470093,-70.04547,324.8932,56.622314,-131.59637,376.58844,
1394397422358530292,64,-22.470093,-70.04547,324.8932,56.622314,-131.59637,376.58844,
1394397422373667011,64,-23.335266,-70.55969,322.7066,56.622314,-131.59637,376.58844,
1394397422394052753,64,-23.162842,-71.07544,324.55597,56.622314,-131.59637,376.58844,
1394397422413126239,64,-23.162842,-71.07544,324.55597,56.622314,-131.59637,376.58844,
1394397422432993183,64,-23.854065,-71.41876,326.239,56.622314,-131.59637,376.58844,
1394397422457834491,64,-22.125244,-71.762085,325.5661,56.622314,-131.59637,376.58844,
1394397422472757587,64,-22.125244,-71.762085,325.5661,56.622314,-131.59637,376.58844,
1394397422497568378,64,-21.77887,-72.10541,324.55597,56.622314,-131.59637,376.58844,
1394397422517435321,64,-23.50769,-72.10541,325.9018,56.622314,-131.59637,376.58844,
1394397422543009052,64,-23.50769,-72.10541,325.9018,56.622314,-131.59637,376.58844,
1394397422577005634,64,-21.434021,-72.10541,324.22028,56.622314,-131.59637,376.58844,
1394397422591928729,64,-21.434021,-72.10541,324.22028,56.622314,-131.59637,376.58844,
1394397422616739520,64,-21.434021,-72.10541,324.55597,56.622314,-131.59637,376.58844,
1394397422636606464,64,-22.644043,-72.96448,322.3709,56.622314,-131.59637,376.58844,
1394397422651499042,64,-22.644043,-72.96448,322.3709,56.622314,-131.59637,376.58844,
1394397422671365985,64,-20.915222,-70.55969,323.04382,56.622314,-131.59637,376.58844,
1394397422696207294,64,-22.125244,-72.44873,323.54736,56.622314,-131.59637,376.58844,
1394397422716043720,64,-22.125244,-72.44873,323.54736,56.622314,-131.59637,376.58844,
1394397422731149921,64,-21.95282,-71.24634,324.72534,56.622314,-131.59637,376.58844,
1394397422755777606,64,-23.162842,-71.41876,324.55597,56.622314,-131.59637,376.58844,
1394397422775644550,64,-23.162842,-71.41876,324.55597,56.622314,-131.59637,376.58844,
1394397422795480976,64,-21.606445,-70.21637,324.38812,56.622314,-131.59637,376.58844,
1394397422811167011,64,-21.26007,-70.21637,324.72534,56.622314,-131.59637,376.58844,
1394397422835275897,64,-21.26007,-70.21637,324.72534,56.622314,-131.59637,376.58844,
1394397422850137958,64,-21.26007,-70.903015,323.7152,56.622314,-131.59637,376.58844,
1394397422874948749,64,-20.223999,-70.21637,322.7066,56.622314,-131.59637,376.58844,
1394397422904764423,64,-20.396423,-69.0155,323.54736,56.622314,-131.59637,376.58844,
1394397422930551776,64,-21.434021,-71.41876,324.22028,56.622314,-131.59637,376.58844,
1394397422954416522,64,-21.434021,-71.41876,324.22028,56.622314,-131.59637,376.58844,
1394397422974252948,64,-23.335266,-70.21637,324.05243,56.622314,-131.59637,376.58844,
1394397422989938983,64,-21.434021,-69.70215,325.5661,56.622314,-131.59637,376.58844,
1394397423009042987,64,-21.434021,-69.70215,325.5661,56.622314,-131.59637,376.58844,
1394397423033853778,64,-21.95282,-70.21637,324.72534,56.622314,-131.59637,376.58844,
1394397423049570331,64,-21.26007,-70.21637,325.73395,56.622314,-131.59637,376.58844,
1394397423073587665,64,-21.26007,-70.21637,325.73395,56.622314,-131.59637,376.58844,
1394397423109323749,64,-21.087646,-70.73212,327.24762,56.622314,-131.59637,376.58844,
1394397423128214130,64,-21.087646,-70.73212,327.24762,56.622314,-131.59637,376.58844,
1394397423148081073,64,-20.915222,-70.21637,326.40686,56.622314,-131.59637,376.58844,
1394397423162973651,64,-21.77887,-69.358826,325.5661,56.622314,-131.59637,376.58844,
1394397423187784442,64,-21.77887,-69.358826,325.5661,56.622314,-131.59637,376.58844,
1394397423202707538,64,-22.988892,-70.55969,327.41547,56.622314,-131.59637,376.58844,
1394397423228647479,64,-19.7052,-70.73212,324.22028,56.622314,-131.59637,376.58844,
1394397423252359638,64,-19.7052,-70.73212,324.22028,56.622314,-131.59637,376.58844,
1394397423267252216,64,-21.606445,-69.529724,325.39673,56.622314,-131.59637,376.58844,
1394397423292063007,64,-22.644043,-69.87305,325.73395,56.622314,-131.59637,376.58844,
1394397423321878681,64,-22.125244,-70.04547,326.239,56.622314,-131.59637,376.58844,
1394397423351663837,64,-21.77887,-69.70215,324.55597,56.622314,-131.59637,376.58844,
1394397423366556415,64,-21.77887,-69.70215,324.55597,56.622314,-131.59637,376.58844,
1394397423391397724,64,-19.013977,-70.73212,324.22028,56.622314,-131.59637,376.58844,
1394397423411264667,64,-21.77887,-68.32886,326.5747,56.622314,-131.59637,376.58844,
1394397423426187763,64,-21.77887,-68.32886,326.5747,56.622314,-131.59637,376.58844,
1394397423446024188,64,-20.915222,-70.55969,325.06104,56.622314,-131.59637,376.58844,
1394397423466654071,64,-19.358826,-69.358826,323.88458,56.622314,-131.59637,376.58844,
1394397423490701923,64,-19.358826,-69.358826,323.88458,56.622314,-131.59637,376.58844,
1394397423510538349,64,-22.816467,-69.358826,324.55597,56.622314,-131.59637,376.58844,
1394397423535410175,64,-20.396423,-68.67218,325.22888,56.622314,-131.59637,376.58844,
1394397423560220966,64,-21.606445,-70.21637,326.06964,56.622314,-131.59637,376.58844,
1394397423585825214,64,-22.816467,-69.70215,322.87445,56.622314,-131.59637,376.58844,
1394397423609903583,64,-22.816467,-69.70215,322.87445,56.622314,-131.59637,376.58844,
1394397423645395526,64,-21.087646,-70.04547,325.5661,56.622314,-131.59637,376.58844,
1394397423669473895,64,-21.087646,-70.04547,325.5661,56.622314,-131.59637,376.58844,
1394397423684396991,64,-20.915222,-68.84308,325.39673,56.622314,-131.59637,376.58844,
1394397423705240497,64,-20.915222,-70.903015,327.41547,56.622314,-131.59637,376.58844,
1394397423724313983,64,-20.915222,-70.903015,327.41547,56.622314,-131.59637,376.58844,
1394397423744028339,64,-21.087646,-69.358826,326.5747,56.622314,-131.59637,376.58844,
1394397423758859882,64,-20.742798,-71.41876,326.9104,56.622314,-131.59637,376.58844,
1394397423788645038,64,-20.742798,-71.41876,326.9104,56.622314,-131.59637,376.58844,
1394397423803720722,64,-19.358826,-70.388794,326.239,56.622314,-131.59637,376.58844,
1394397423828378925,64,-20.742798,-71.07544,327.24762,56.622314,-131.59637,376.58844,
1394397423843271503,64,-20.742798,-71.07544,327.24762,56.622314,-131.59637,376.58844,
1394397423868082294,64,-22.297668,-70.55969,325.73395,56.622314,-131.59637,376.58844,
1394397423887949237,64,-22.470093,-70.388794,325.9018,56.622314,-131.59637,376.58844,
1394397423902872333,64,-22.470093,-70.388794,325.9018,56.622314,-131.59637,376.58844,
1394397423922739276,64,-21.95282,-70.903015,326.40686,56.622314,-131.59637,376.58844,
1394397423937662372,64,-20.742798,-70.04547,325.9018,56.622314,-131.59637,376.58844,
1394397423962473163,64,-20.742798,-70.04547,325.9018,56.622314,-131.59637,376.58844,
1394397423992258319,64,-20.915222,-70.55969,327.75116,56.622314,-131.59637,376.58844,
1394397424027017841,64,-20.568848,-69.87305,325.39673,56.622314,-131.59637,376.58844,
1394397424046945819,64,-22.297668,-69.529724,327.07977,56.622314,-131.59637,376.58844,
1394397424062570819,64,-20.915222,-70.55969,326.06964,56.622314,-131.59637,376.58844,
1394397424086618671,64,-20.915222,-70.55969,326.06964,56.622314,-131.59637,376.58844,
1394397424101511249,64,-20.396423,-71.07544,325.22888,56.622314,-131.59637,376.58844,
1394397424126352558,64,-21.26007,-70.21637,325.39673,56.622314,-131.59637,376.58844,
1394397424141275653,64,-21.26007,-70.21637,325.39673,56.622314,-131.59637,376.58844,
1394397424161081561,64,-20.223999,-71.93451,325.73395,56.622314,-131.59637,376.58844,
1394397424176004657,64,-21.95282,-72.27783,325.39673,56.622314,-131.59637,376.58844,
1394397424205789813,64,-21.95282,-72.27783,325.39673,56.622314,-131.59637,376.58844,
1394397424225626239,64,-20.742798,-72.10541,325.9018,56.622314,-131.59637,376.58844,
1394397424241312274,64,-20.915222,-70.55969,325.39673,56.622314,-131.59637,376.58844,
1394397424265390644,64,-20.915222,-70.55969,325.39673,56.622314,-131.59637,376.58844,
1394397424285227069,64,-19.877625,-71.24634,326.06964,56.622314,-131.59637,376.58844,
1394397424324960956,64,-21.606445,-70.903015,325.73395,56.622314,-131.59637,376.58844,
1394397424339853534,64,-20.396423,-71.762085,325.5661,56.622314,-131.59637,376.58844,
1394397424364694843,64,-20.915222,-71.24634,326.06964,56.622314,-131.59637,376.58844,
1394397424379617938,64,-20.915222,-71.24634,326.06964,56.622314,-131.59637,376.58844,
1394397424394479999,64,-20.742798,-69.358826,324.8932,56.622314,-131.59637,376.58844,
1394397424420328388,64,-22.644043,-70.55969,326.06964,56.622314,-131.59637,376.58844,
