338979217531,3,0.029332036,0.040374912,-0.018038766,
338989227296,3,0.04531873,0.032840714,-0.018052267,
338999237062,3,0.046381872,0.007191522,-0.018061494,
339009277345,3,0.048510894,-0.022727694,-0.015938409,
339019256593,3,0.0612987,-0.049525157,-0.01063693,
339029296876,3,0.074089065,-0.05378835,-0.0063732094,
339039123537,3,0.0858117,-0.04106801,-0.0031894743,
339049163820,3,0.09859905,-0.04113313,-0.0010676354,
339059173585,3,0.101795375,-0.041211184,0.0010491975,
339069213868,3,0.089002445,-0.03381446,0.0042347955,
339079376222,3,0.074078925,-0.024288453,0.008482105,
339089416505,3,0.068747245,-0.024356682,0.01059972,
339099426271,3,0.061284143,-0.025485996,0.012716369,
339109497072,3,0.047425162,-0.010632222,0.013770914,
339119476320,3,0.037830118,0.013811811,0.018020945,
339129516603,3,0.031433567,0.03506212,0.02333211,
339139495851,3,0.022905206,0.041387413,0.020117266,
339149536134,3,0.018639434,0.035988912,0.022234995,
339159545900,3,0.010107877,0.016735923,0.022228045,
339169586183,3,0.014367411,0.023058098,0.021152591,
339179595949,3,0.015429428,0.012321434,0.023275843,
339189605714,3,0.0068990556,0.007984046,0.021134682,
339199615480,3,-0.0080250725,0.027089728,0.022187205,
339209625245,3,-0.022949299,0.044067077,0.026436226,
339219665529,3,-0.024019135,0.050385453,0.032822624,
339229675294,3,-0.012298778,0.046047643,0.033878013,
339239685060,3,0.0015543728,0.040643178,0.033866175,
339249725343,3,0.014341103,0.04271085,0.03171928,
339259735109,3,0.027128637,0.042641044,0.027441822,
339269775392,3,0.040981926,0.0479084,0.025290573,
339279785158,3,0.05590095,0.046773847,0.019946825,
339289794923,3,0.07081978,0.040299565,0.014602446,
339299621584,3,0.07827989,0.039156605,0.009251791,
339309814455,3,0.07188044,0.02629548,0.00923958,
339319854738,3,0.055888437,0.025155809,0.0070943753,
339329864504,3,0.03776541,0.030405134,0.006013274,
339339874269,3,0.028166803,0.021804929,0.010269853,
339349884035,3,0.02283498,0.01639851,0.01131491,
339359924318,3,0.020699564,0.019522302,0.012364579,
339369934084,3,0.013234854,0.029038336,0.0048873033,
339379943849,3,0.0057690614,0.014044736,0.008072161,
339389953615,3,0.0036325846,0.010772625,0.010191082,
339399993898,3,0.007891745,-0.001021985,0.004844753,
339410003664,3,0.015347324,-0.020277103,-0.0015627104,
339420013429,3,0.019606363,-0.027808234,-0.00477581,
339430023195,3,0.0174693,-0.02468178,-0.009051058,
339440032960,3,0.014267353,-0.019419767,-0.01013579,
339450073244,3,0.00786839,-0.029088387,-0.014416913,
339460083009,3,0.007863692,-0.030227147,-0.017629635,
339470092775,3,0.013188309,-0.027110755,-0.013380307,
339480133058,3,0.018511739,-0.022928026,-0.010190881,
339490142824,3,0.030232258,-0.026194528,-0.0070142965,
339500152590,3,0.04514721,-0.02094051,-0.0123506915,
339510192873,3,0.06432728,-0.0029024733,-0.009166094,
339520202638,3,0.07604476,0.015152002,-0.0059796805,
339530212404,3,0.068578765,0.023598302,-0.003863291,
339540222170,3,0.051519036,0.008602174,-0.0028094626,
339550262453,3,0.03872369,-0.011721382,-0.0017583494,
339560302736,3,0.03338967,-0.032047175,-0.0028416081,
339570281984,3,0.03232054,-0.038512703,-0.003931397,
339580352785,3,0.031248936,0.0019130688,3.1945237E-4,
339590332033,3,0.035506163,0.04767882,0.007765971,
339600372316,3,0.047225684,0.06785054,0.013078044,
339610198976,3,0.055748083,0.07095769,0.018391954,
339620391847,3,0.053611152,0.05488994,0.020508287,
339630432130,3,0.04721205,0.044154983,0.02048533,
339640441896,3,0.034417648,0.059002604,0.024725795,
339650482179,3,0.01842598,0.06426727,0.03535962,
339660461427,3,0.009891655,0.05886939,0.038545866,
339670501710,3,0.023740342,0.052401774,0.033205334,
339680511476,3,0.041854165,0.0619307,0.028921379,
339690521242,3,0.053571563,0.06505977,0.02570896,
339700561525,3,0.054628216,0.06499052,0.019305289,
339710571290,3,0.046095066,0.06172119,0.017153632,
339720581056,3,0.035431553,0.04352387,0.014992418,
339730621339,3,0.029029723,0.02639088,0.012839176,
339740631105,3,0.023692628,0.027385714,0.010686516,
339750640871,3,0.019422363,0.03050944,0.01279539,
339760650636,3,0.018346587,0.030433208,0.017048808,
339770690919,3,0.009810743,0.044211365,0.01596854,
339780700685,3,0.0012753003,0.04947092,0.019148262,
339790710451,3,0.0033972678,0.057938397,0.019131014,
339800598146,3,0.014049274,0.07386778,0.013769476,
339810577394,3,0.025763666,0.07486647,0.014820793,
339820770265,3,0.03534882,0.06839756,0.014799044,
339830780031,3,0.033209026,0.056611963,0.010510749,
339840820314,3,0.022541514,0.0458852,0.008356752,
339850830079,3,0.0129385,0.03089417,0.012602938,
339860839845,3,0.004400262,0.014850404,0.013653185,
339870849611,3,-0.0073325206,0.003051022,0.011502417,
339880889894,3,-0.022262715,-0.0044758897,0.012545143,
339890869142,3,-0.029733563,0.007173512,0.011465104,
339900909425,3,-0.029742137,0.025225105,0.012509642,
339910949708,3,-0.023355164,0.040081665,0.0114205135,
339920928956,3,-0.020168915,0.047474176,0.015673624,
339930969240,3,-0.019111304,0.054867286,0.018847456,
339940979005,3,-0.021252811,0.059059076,0.018832114,
339951019288,3,-0.020198517,0.051521234,0.019890763,
339960998537,3,-0.011680313,0.03439495,0.02200073,
339971069337,3,3.660191E-5,0.011934206,0.023043664,
339981079103,3,0.0074875914,0.011859,0.019829601,
339991088868,3,0.009611673,0.017110212,0.023002975,
340001098634,3,0.011732617,0.026624564,0.022991195,
340011108400,3,0.011722666,0.026551457,0.019773308,
340021148683,3,0.018107377,0.030751511,0.017620718,
340031158449,3,0.01703064,0.04454013,0.016536398,
340041168214,3,0.014889764,0.04446269,0.014378814,
340051208498,3,0.015944753,0.040136673,0.01329175,
340061218263,3,0.015933814,0.041122373,0.016473994,
340071228029,3,0.011660941,0.03358431,0.020714818,
340081237794,3,-0.0011378598,0.020717913,0.02601799,
340091247560,3,-0.015005687,0.015324144,0.03239357,
340101287843,3,-0.017150111,0.017385954,0.033437926,
340111297609,3,-0.0075707026,0.01092561,0.030218955,
340121337892,3,0.0020075312,0.0012714434,0.027003938,
340131347658,3,0.011586865,-0.005194839,0.022719087,
340141357423,3,0.017968167,-0.008467275,0.019505475,
340151397707,3,0.013691131,-0.00746693,0.016285326,
340161376955,3,-0.005503891,-0.002215961,0.017327162,
340171386720,3,-0.015110128,0.007302182,0.01518653,
340181427004,3,-0.018320821,0.00936738,0.014107298,
340191436769,3,-0.018332265,0.00824278,0.0151497,
340201446535,3,-0.014083153,0.0071053505,0.013009395,
340211486818,3,-0.011963512,0.0017185919,0.012986758,
340221496584,3,-0.0034474484,5.8737583E-4,0.0140272435,
340231536867,3,0.009330723,-0.0016122255,0.012942747,
340241546632,3,0.017844891,0.0057889856,0.010791977,
340251556398,3,0.027423956,0.005719574,0.012911144,
340261566164,3,0.03806935,0.0067108646,0.019291548,
340271606447,3,0.049778786,0.008774515,0.0160858,
340281616213,3,0.05509634,-8.802619E-4,0.0139328,
340291656496,3,0.05295301,-0.0030791126,0.013912058,
340301666261,3,0.049740702,6.03348E-5,0.010702546,
340311676027,3,0.044401426,0.0063874666,0.008542826,
340321685793,3,0.039060127,0.013779992,0.009586993,
340331695558,3,0.026257629,0.012648966,0.00956794,
340341735841,3,0.0017302177,0.005114902,0.0116833635,
340351745607,3,-0.023861548,7.8335963E-4,0.016987937,
340361755373,3,-0.03027152,-0.0014103353,0.018042307,
340371765138,3,-0.023887558,-0.004666986,0.013750642,
340381805421,3,-0.014306843,-0.005793024,0.01159279,
340391815187,3,-0.008989301,0.0037364159,0.0115686525,
340401824953,3,-0.013267618,0.00899894,0.013689376,
340411834718,3,-0.017543852,0.009994848,0.0136719905,
340421905519,3,-0.012229466,-0.0039230194,0.01792269,
340431915285,3,0.0026804004,0.0013326127,0.016836848,
340441925050,3,0.014392403,0.017242463,0.012552724,
340451934816,3,0.020775964,0.02249154,0.008268274,
340461944582,3,0.021830799,0.018149657,0.0050444584,
340471984865,3,0.021818705,0.021269675,0.0050231926,
340481964113,3,0.0100823175,0.026531143,0.002866407,
340492004396,3,-0.012317269,0.020072896,0.0049921107,
340502014162,3,-0.032578662,0.017874688,0.009221876,
340512023927,3,-0.040054973,0.016741335,0.014532394,
340522064210,3,-0.03687339,0.012415467,0.019845994,
340532073976,3,-0.02409861,0.007028546,0.023021162,
340542083742,3,-0.010261528,0.0048545413,0.025136009,
340552124025,3,0.004643958,0.007993231,0.025110278,
340562133790,3,0.014220582,0.011130799,0.024016887,
340572143556,3,0.020600824,0.017463569,0.021854041,
340582183839,3,0.025913415,0.019536113,0.01756751,
340592193605,3,0.020568151,0.023738947,0.014341338,
340602203371,3,0.009894768,0.018347591,0.017512185,
340612243654,3,2.8692128E-4,-0.0041055456,0.018556783,
340622253419,3,-0.011453356,-0.013762389,0.017467387,
340632263185,3,-0.023192512,-0.011692316,0.014243704,
340642272951,3,-0.027472552,-0.0128186215,0.017422674,
340652282716,3,-0.02215741,0.0020263176,0.019533476,
340662322999,3,-0.016842552,0.014743216,0.022711314,
340672332765,3,-0.014727311,0.021062639,0.032294948,
340682342531,3,-0.0126103405,0.017789308,0.035474025,
340692352296,3,-0.0051659783,0.0070631523,0.035463117,
340702423097,3,1.5016668E-4,0.0016585346,0.039700985,
340712432863,3,0.0033341192,0.0069155134,0.035411507,
340722442628,3,0.0022558917,0.017503778,0.032181557,
340732452394,3,0.001174985,0.02275155,0.0321663,
340742462160,3,-0.0063023493,0.031206604,0.028945439,
340752471925,3,-0.016978526,0.03433931,0.028926596,
340762481691,3,-0.024456473,0.028939178,0.027841313,
340772491456,3,-0.021277476,0.021415599,0.02675906,
340782531740,3,-0.007436538,0.0128143225,0.022467148,
340792572023,3,0.004272109,0.009552574,0.019239567,
340802581788,3,0.014913461,0.01694906,0.02028109,
340812622072,3,0.020226711,0.03287079,0.01599085,
340822601320,3,0.023408074,0.04346838,0.014894273,
340832641603,3,0.018062023,0.030604132,0.020202527,
340842651368,3,0.010584335,0.009215303,0.023375763,
340852691652,3,0.0052414406,0.0070187096,0.024399152,
340862701417,3,-0.0011637787,-0.0015924424,0.028623354,
340872711183,3,-0.0022449514,-0.015514481,0.0339315,
340882751466,3,-0.0011952195,-0.008109378,0.034975484,
340892730714,3,-0.003341512,0.012071269,0.033883393,
340902740480,3,-0.011886964,0.014133368,0.033878937,
340912750245,3,-0.021498352,0.0023490973,0.033872735,
340922790529,3,-0.030041348,-0.0030419473,0.031720582,
340932800294,3,-0.033253808,-0.010577651,0.029567871,
340942840578,3,-0.03220277,-0.012783748,0.029545262,
340952850343,3,-0.027951786,0.0020549316,0.02526035,
340962860109,3,-0.017309345,0.015834466,0.02631716,
340972900392,3,-0.0024001368,0.024285924,0.025227357,
340982910158,3,0.008244338,0.028487742,0.020937877,
340992919923,3,0.017821904,0.0071146246,0.024114452,
341002960207,3,0.0135435285,-0.0067955237,0.019825868,
341012969972,3,-3.2435218E-4,-0.004735714,0.015531938,
341022979738,3,-0.010995979,0.009057784,0.015501967,
341032989504,3,-0.018471297,0.013252614,0.0176114,
341043090822,3,-0.020616883,0.005727675,0.01651911,
341053039552,3,-0.016366696,0.0045984667,0.019687166,
341063049318,3,-0.013182952,0.005598819,0.023924187,
341073059084,3,-0.012129213,-0.0029889233,0.02388706,
341083099367,3,-0.011076426,-0.011578767,0.024924254,
341093109132,3,-0.0057582217,-0.0031307172,0.025953034,
341103118898,3,-0.0025720452,0.005331259,0.018454129,
341113159181,3,-0.0036522176,0.012724711,0.015230892,
341123168947,3,-0.010061457,0.02971368,0.014141316,
341133178713,3,-0.018603895,0.04244528,0.0109225195,
341143188478,3,-0.028209014,0.034917265,0.013022328,
341153228761,3,-0.039949708,0.020988865,0.014074881,
341163238527,3,-0.048492182,0.013444344,0.016197717,
341173248293,3,-0.049572602,0.025096731,0.017243527,
341183288576,3,-0.041059695,0.031412594,0.020419344,
341193298341,3,-0.030413536,0.043058343,0.021455485,
341203308107,3,-0.025095826,0.06216199,0.023556568,
341213134767,3,-0.017647192,0.07275106,0.023522343,
341223175050,3,-0.011264117,0.07693836,0.02455669,
341233367921,3,-0.0070130816,0.06728019,0.021322276,
341243377687,3,-0.0059634256,0.053365927,0.019172937,
341253417970,3,-0.0027816931,0.052253496,0.02021598,
341263427736,3,0.0046634814,0.061781846,0.021261906,
341273468019,3,0.014242568,0.05425479,0.023363488,
341283477785,3,0.016360756,0.040338032,0.026530687,
341293487550,3,0.018481363,0.030663483,0.032888256,
341303497316,3,0.02699386,0.016736306,0.032864496,
341313537599,3,0.021655185,0.0049270596,0.029619375,
341323547365,3,0.0056579136,-0.0047664344,0.03064662,
341333557130,3,-0.022063278,0.0068719946,0.03059916,
341343566896,3,-0.05937724,0.03662587,0.02202726,
341353393556,3,-0.099884465,0.054634906,0.01770506,
341363403322,3,-0.1489214,0.0715831,0.011264082,
341373443605,3,-0.19902144,0.084258094,0.0037515857,
341383453371,3,-0.2427275,0.06922351,-5.5848155E-4,
341393463136,3,-0.25339353,0.06697855,0.0025983495,
341403472902,3,-0.24487393,0.03915796,0.011086002,
341413482667,3,-0.20329309,6.6619925E-4,0.020644456,
341423522951,3,-0.1318681,-0.026102882,0.031267975,
341433715822,3,-0.036989897,-0.055029582,0.034415416,
341443572999,3,0.06747441,-0.072233945,0.026917301,
341453582765,3,0.1676792,-0.06386572,0.015140732,
341463623048,3,0.2444373,-0.021400692,0.0012226226,
341473632814,3,0.2924165,0.04026866,-0.010567468,
341483642579,3,0.2956285,0.08808753,-0.027679417,
341493652345,3,0.2657998,0.14870448,-0.061855055,
341503662111,3,0.22637036,0.21361074,-0.10242609,
341513671876,3,0.1794781,0.24762961,-0.13553387,
341523712160,3,0.11340488,0.2485956,-0.16866502,
341533721925,3,0.039880145,0.22398394,-0.19859149,
341543731691,3,-0.025121978,0.1769828,-0.21249814,
341553741456,3,-0.06667613,0.12035865,-0.21679486,
341563751222,3,-0.0943806,0.07758559,-0.20404167,
341573760988,3,-0.109296046,0.05293926,-0.17316282,
341583801271,3,-0.09649676,-0.025024492,-0.12950301,
341593811037,3,-0.06237816,-0.08271143,-0.1007457,
341603851320,3,-0.010140315,-0.055155553,-0.07303976,
341614074708,3,0.020780759,-0.0414402,-0.04001677,
341624084474,3,0.033578485,-0.022406224,-0.02083168,
341634094240,3,0.033584073,-0.0022898708,-0.014434576,
341644134523,3,0.014399899,-2.677776E-4,-0.010157557,
341654144288,3,-0.015439087,0.0060127266,-0.011216501,
341664154054,3,-0.057006598,0.014432572,-0.013319466,
341673980714,3,-0.097509265,0.027093839,-0.027126556,
341683990480,3,-0.12948509,0.049350075,-0.037749782,
341694000245,3,-0.15506159,0.08116898,-0.041990314,
341704010011,3,-0.15505612,0.10659504,-0.054770287,
341714050294,3,-0.14653063,0.14799704,-0.054755826,
341724060060,3,-0.12521386,0.19259922,-0.03449737,
341734100343,3,-0.09750294,0.22545671,-0.02274892,
341744110109,3,-0.064466044,0.22209896,-0.02168377,
341754119874,3,-0.027169626,0.20810178,-0.011010924,
341764160158,3,0.0069293464,0.18878014,0.010314925,
341774200441,3,0.036762204,0.16946429,0.02631477,
341784210207,3,0.041015673,0.123489805,0.050840694,
341794219972,3,0.02075649,0.070036784,0.08178596,
341804229738,3,-0.012292344,0.046422716,0.10526558,
341814239504,3,-0.049604233,0.0579744,0.12874937,
341824249269,3,-0.08478599,0.076962516,0.15011446,
341834259035,3,-0.10930653,0.104445875,0.17148107,
341844299318,3,-0.12529744,0.12766337,0.19068928,
341854309084,3,-0.13275476,0.14660037,0.2077618,
341864318849,3,-0.12635857,0.16234486,0.2173891,
341874359132,3,-0.10077658,0.1610292,0.21848926,
341884368898,3,-0.061343312,0.14374731,0.21106194,
341894378664,3,-0.030437382,0.12326705,0.19724204,
341904418947,3,-0.017654944,0.10920395,0.18557669,
341914428713,3,-0.011273206,0.08129794,0.1717844,
341924468996,3,0.0068312176,0.04378415,0.15801355,
341934478761,3,0.030264048,0.031874277,0.14103398,
341944488527,3,0.046240024,0.03271363,0.12939066,
341954498293,3,0.066477686,0.044226598,0.120946854,
341964538576,3,0.10803254,0.03335342,0.113572195,
341974548341,3,0.17943652,-0.009497775,0.10832225,
341984588625,3,0.26682857,-0.053401444,0.10306124,
341994567873,3,0.34569073,-0.10261839,0.09887784,
342004608156,3,0.40003917,-0.1454254,0.094688855,
342014617921,3,0.42028323,-0.18504772,0.085145935,
342024627687,3,0.41068083,-0.21080409,0.072423995,
342034667970,3,0.37976104,-0.21632262,0.057582013,
342044677736,3,0.3328537,-0.21435827,0.04272047,
342054718019,3,0.2731545,-0.21240142,0.026815575,
342064697267,3,0.202797,-0.20938668,0.0055584274,
342074707033,3,0.12817602,-0.20957807,-0.017833492,
342084716798,3,0.06314497,-0.22786044,-0.034817476,
342094757082,3,-8.2202256E-4,-0.22161157,-0.06459287,
342104766847,3,-0.076514244,-0.21534689,-0.10503637,
342114776613,3,-0.1340892,-0.210105,-0.12844212,
342124786378,3,-0.16608264,-0.17712326,-0.13803285,
342134796144,3,-0.19061582,-0.13879928,-0.12097193,
342144836427,3,-0.20981938,-0.11326129,-0.08900876,
342154846193,3,-0.22688843,-0.10370235,-0.053887513,
342164855959,3,-0.2514238,-0.08243245,-0.033694834,
342174896242,3,-0.25570932,-0.049448814,-0.013490342,
342184936525,3,-0.22162579,-4.619658E-4,0.018449115,
342194946290,3,-0.17048824,0.032551717,0.03973811,
342204956056,3,-0.12574326,0.052796967,0.063109666,
342214996339,3,-0.0831325,0.08267001,0.08541761,
342225036622,3,-0.024535067,0.09125615,0.09492134,
342235046388,3,0.061772153,0.06793724,0.09694565,
342245056154,3,0.16832662,0.023324113,0.08511317,
342255065919,3,0.24929969,-0.01169032,0.059432164,
342265075685,3,0.28764018,-0.017923275,0.06251286,
342275115968,3,0.3035947,0.016334508,0.099722534,
342285125734,3,0.33021018,0.056969393,0.13798723,
342295166017,3,0.37068313,0.08800464,0.17411174,
342305175783,3,0.41009215,0.06995018,0.21661106,
342315185548,3,0.41539446,0.038035236,0.2591062,
342325195314,3,0.37699884,0.030635476,0.28560194,
342335205079,3,0.32368192,-0.028983781,0.30462524,
342345245363,3,0.2767573,-0.09818458,0.29915228,
342355255128,3,0.24155726,-0.13328111,0.2670349,
342365264894,3,0.21487905,-0.13961783,0.23706895,
342375274660,3,0.20099086,-0.122525774,0.20498265,
342385284425,3,0.20415784,-0.07985595,0.1579693,
342395324708,3,0.22757424,-0.045733724,0.10884682,
342405334474,3,0.2637802,-0.035060935,0.07359095,
342415344240,3,0.28186727,-0.004166413,0.043677557,
342425384523,3,0.27437386,0.027785778,0.025499746,
342435394288,3,0.25409016,0.041614693,0.021175737,
342445404054,3,0.2412656,0.022402965,0.026464565,
342455444337,3,0.24228936,-0.020256255,0.03814454,
342465454103,3,0.25823575,-0.06826972,0.04876932,
342475463868,3,0.28164634,-0.11096557,0.05723871,
342485473634,3,0.30292323,-0.13555136,0.05507773,
342495513917,3,0.3178062,-0.15480474,0.061427645,
342505523683,3,0.32629567,-0.17406064,0.06989494,
342515533449,3,0.32732314,-0.17627941,0.07409471,
342525573732,3,0.33048066,-0.17422438,0.08256045,
342535583498,3,0.3325722,-0.17004396,0.087832406,
342545593263,3,0.32400542,-0.15094337,0.08777299,
342555603029,3,0.28985664,-0.13396832,0.08452147,
342565643312,3,0.23438843,-0.12444234,0.083414644,
342575653078,3,0.1554735,-0.124515556,0.071632825,
342585662843,3,0.06376563,-0.13311282,0.063069016,
342595703127,3,-0.020480959,-0.1310302,0.057682537,
342605712892,3,-0.08340827,-0.11938523,0.04696678,
342615692140,3,-0.1228876,-0.11947049,0.027725318,
342625732423,3,-0.13359141,-0.13018079,0.0010215491,
342635742189,3,-0.117652126,-0.13024834,-0.045930486,
342645751955,3,-0.094252385,-0.14311469,-0.103536405,
342655761720,3,-0.085777104,-0.16344452,-0.14621615,
342665771486,3,-0.086895585,-0.17844331,-0.15904799,
342675811769,3,-0.09973937,-0.17957307,-0.14630504,
342685821535,3,-0.11897977,-0.17324147,-0.1314204,
342695831300,3,-0.14781418,-0.16051823,-0.116525695,
342705871584,3,-0.18091156,-0.16590308,-0.10378333,
342715881349,3,-0.21401002,-0.19149947,-0.08147342,
342725891115,3,-0.22898595,-0.203268,-0.06344133,
342735900880,3,-0.18747179,-0.1713362,-0.029420067,
342745971681,3,-0.12997265,-0.13300334,-0.004972055,
342755950929,3,-0.083134286,-0.0754887,-0.0060827797,
342765991213,3,-0.10024963,-0.0041345507,-0.009291352,
342776000978,3,-0.20370318,0.10878425,-0.0060869595,
342786041261,3,-0.37644103,0.23027278,3.2020174E-4,
342796051027,3,-0.57582974,0.33157906,0.01416759,
342806091310,3,-0.7517842,0.3711321,0.031231461,
342816101076,3,-0.8360812,0.31800073,0.046179015,
342826110841,3,-0.7935538,0.19453801,0.049373142,
342836120607,3,-0.6433751,0.07636686,0.036606662,
342846130373,3,-0.42391548,0.007179681,0.011072876,
342856170656,3,-0.20764093,-0.011982312,-0.0016773995,
342866394044,3,-0.05851004,0.023163687,-0.014432311,
342876190187,3,-0.007435824,0.078520074,-0.034640357,
342886199953,3,-0.045926057,0.13599145,-0.040989183,
342896209718,3,-0.13237795,0.20732376,-0.04202847,
342906250001,3,-0.21136874,0.26058447,-0.044128675,
342916259767,3,-0.24240129,0.28936473,-0.05474017,
342926269533,3,-0.22120865,0.30323273,-0.07067332,
342936279298,3,-0.1893698,0.32138047,-0.0930061,
342946319582,3,-0.16606092,0.29797402,-0.0748154,
342956329347,3,-0.14381918,0.29372713,-0.070458755,
342966369630,3,-0.1151938,0.2979725,-0.058679372,
342976379396,3,-0.09722693,0.2873233,-0.033061646,
342986389162,3,-0.076059446,0.2670688,-0.013854928,
342996429445,3,-0.04742611,0.2414718,0.0053321784,
343006439210,3,-0.011331387,0.20415263,0.0063956045,
343016479494,3,0.043948375,0.14231086,-0.0021295096,
343026489259,3,0.109912686,0.090065,-0.013864411,
343036499025,3,0.16628599,0.06339253,-0.024546936,
343046539308,3,0.19601326,0.03777141,-0.038422316,
343056549074,3,0.20015028,0.0036256053,-0.0480342,
343066558839,3,0.1851035,-0.038000833,-0.05445578,
343076538087,3,0.16046149,-0.07004818,-0.05978664,
343086578371,3,0.12622534,-0.098911986,-0.07151599,
343096618654,3,0.082394175,-0.114978164,-0.08004133,
343106628419,3,0.035364304,-0.11400086,-0.08429006,
343116638185,3,-0.006345858,-0.1012879,-0.08748012,
343126647951,3,-0.039534062,-0.09812803,-0.093856394,
343136657716,3,-0.063127056,-0.09497133,-0.09812099,
343146697999,3,-0.0739168,-0.08006737,-0.10345469,
343156707765,3,-0.0740481,-0.07155222,-0.105593674,
343166717531,3,-0.075245716,-0.08011818,-0.10665278,
343176727296,3,-0.079637416,-0.10043509,-0.10879639,
343186737062,3,-0.08936215,-0.11860946,-0.10452478,
343196777345,3,-0.11187756,-0.1538563,-0.09598593,
343206787111,3,-0.14078347,-0.2136476,-0.08531729,
343216796876,3,-0.15903413,-0.25529054,-0.07251546,
343226806642,3,-0.15916657,-0.24149868,-0.07143983,
343236846925,3,-0.13370486,-0.19574454,-0.07142374,
343246856691,3,-0.11357158,-0.14357954,-0.07888979,
343256896974,3,-0.119020134,-0.075414866,-0.08316052,
343266906740,3,-0.16284862,0.017233364,-0.08529369,
343276947023,3,-0.24185131,0.07472192,-0.089563616,
343286956788,3,-0.3325765,0.0778462,-0.09278243,
343296966554,3,-0.37960938,0.030908518,-0.08642588,
343306976320,3,-0.36588418,0.036203757,-0.061995007,
343317016603,3,-0.27328572,0.078835286,-0.01414863,
343327056886,3,-0.1337868,0.14388046,0.03685148,
343337066652,3,0.032356672,0.18868268,0.08040337,
343347076417,3,0.18890376,0.23778576,0.1015752,
343357116701,3,0.29642153,0.26025966,0.11848166,
343367126466,3,0.34851277,0.25083575,0.12364271,
343377136232,3,0.35584155,0.21901453,0.123497106,
343387145998,3,0.3045547,0.16582972,0.11800169,
343397155763,3,0.20743488,0.11479747,0.101849526,
343407196047,3,0.11245075,0.0786722,0.100575425,
343417205812,3,0.055834904,0.07129644,0.10999009,
343427246095,3,0.03226462,0.07246542,0.13430434,
343437255861,3,0.048120867,0.08218431,0.16506808,
343447265627,3,0.08955838,0.11001618,0.19583395,
343457305910,3,0.12672952,0.14213248,0.21168625,
343467315675,3,0.15004283,0.15080029,0.22755435,
343477325441,3,0.16802774,0.15197401,0.23810777,
343487335207,3,0.19240811,0.15740529,0.24013919,
343497344972,3,0.23278297,0.15214865,0.23148459,
343507385255,3,0.27529126,0.17245752,0.20790842,
343517395021,3,0.30713934,0.20019306,0.16944543,
343527435304,3,0.31873745,0.21832791,0.14696838,
343537414552,3,0.3132792,0.23858961,0.11065919,
343547454836,3,0.27904195,0.2599189,0.07648906,
343557464601,3,0.22881442,0.24925932,0.05727052,
343567474367,3,0.17858675,0.2290066,0.04124876,
343577484132,3,0.13901766,0.19489375,0.03375847,
343587524416,3,0.11437121,0.1586534,0.02732497,
343597534181,3,0.10997383,0.12774442,0.014510338,
343607574464,3,0.12155173,0.0957846,0.010216108,
343617584230,3,0.1341997,0.058477603,0.0059027513,
343627593996,3,0.12979339,0.014766883,0.0037320247,
343637634279,3,0.11153867,-0.022537565,0.013296076,
343647644044,3,0.09222031,-0.05666092,0.029248755,
343657653810,3,0.066508144,-0.0790732,0.034538295,
343667663576,3,0.02800488,-0.100421995,0.037700146,
343677673341,3,-0.022220522,-0.12605631,0.03552635,
343687683107,3,-0.05965659,-0.14315349,0.034414113,
343697723390,3,-0.076838225,-0.15387732,0.027959935,
343707733156,3,-0.07696327,-0.18486673,0.023631841,
343717742921,3,-0.069631495,-0.20733124,0.0054695746,
343727752687,3,-0.068695396,-0.22448261,-0.016950779,
343737762453,3,-0.080546305,-0.22565308,-0.03723399,
343747772218,3,-0.099861965,-0.22576386,-0.069216706,
343757812501,3,-0.12130709,-0.23757866,-0.08844445,
343767822267,3,-0.14915295,-0.24831805,-0.10338722,
343777832033,3,-0.17273478,-0.2419897,-0.10662604,
343787841798,3,-0.19313088,-0.20899436,-0.11304745,
343797882082,3,-0.21779332,-0.15468162,-0.113061264,
343807891847,3,-0.24352144,-0.12911427,-0.1173593,
343817901613,3,-0.25218952,-0.12383321,-0.12594594,
343827941896,3,-0.24060768,-0.13773164,-0.13559867,
343837951662,3,-0.21303731,-0.16975892,-0.1367124,
343847961427,3,-0.17907244,-0.19435315,-0.13567859,
343857971193,3,-0.15790036,-0.16562931,-0.12612566,
343867980959,3,-0.16443315,-0.09747547,-0.10587895,
343878051759,3,-0.21893644,-0.012240352,-0.07387793,
343888061525,3,-0.323545,0.07414462,-0.036530364,
343898101808,3,-0.43029156,0.14354204,-0.0034471964,
343908111574,3,-0.5029395,0.19811612,0.024304546,
343918121339,3,-0.5073737,0.2207549,0.027529635,
343928131105,3,-0.4297153,0.20287728,9.314064E-4,
343938140871,3,-0.2678475,0.1540501,-0.037412457,
343948150636,3,-0.06015135,0.113687344,-0.088494875,
343958190919,3,0.117770016,0.10310932,-0.13531856,
343968231202,3,0.21788408,0.13303222,-0.16189027,
343978240968,3,0.22313479,0.17678103,-0.17461595,
343988250734,3,0.14844406,0.20563814,-0.17348588,
343998260499,3,0.042842224,0.22068006,-0.15957102,
344008270265,3,-0.040361747,0.2229823,-0.13177107,
344018280031,3,-0.085192874,0.20076665,-0.11250712,
344028289796,3,-0.10444154,0.16363758,-0.10071602,
344038330079,3,-0.12475829,0.1360879,-0.08361029,
344048339845,3,-0.15253305,0.13195482,-0.054783076,
344058349611,3,-0.17923482,0.14800914,-0.027034217,
344068420412,3,-0.19422457,0.15977913,0.0017688572,
344078399660,3,-0.19748072,0.16191074,0.023083173,
344088439943,3,-0.18261607,0.1650956,0.030537734,
344098449708,3,-0.15388219,0.17358461,0.033718888,
344108489992,3,-0.11235697,0.17887184,0.033693828,
344118499757,3,-0.052714292,0.16605018,0.029415503,
344128540041,3,0.015460936,0.137223,0.026203856,
344138519288,3,0.064452305,0.08495538,0.026178516,
344148559572,3,0.08253499,0.03694249,0.024018677,
344158569337,3,0.075034656,0.009189349,0.020806072,
344168792726,3,0.05048339,5.957186E-4,0.0154599715,
344178802492,3,0.019534562,0.00906248,0.01118478,
344188812257,3,-0.011408183,0.03350942,0.0037187058,
344198822023,3,-0.032757636,0.055814236,0.0047768606,
344208679201,3,-0.046646968,0.0813297,0.01116739,
344218688966,3,-0.06161473,0.08340159,0.026085487,
344228881837,3,-0.0808465,0.060983974,0.036735963,
344238708498,3,-0.09261871,0.012994636,0.04632334,
344248748781,3,-0.09799385,-0.05309906,0.055932116,
344258758547,3,-0.09803662,-0.12986667,0.0601997,
344268768312,3,-0.094885126,-0.20239283,0.05596208,
344278778078,3,-0.098124415,-0.2546616,0.049596034,
344288787843,3,-0.09816263,-0.2994884,0.04321392,
344298797609,3,-0.07794596,-0.3368556,0.042136267,
344308837892,3,-0.04920764,-0.33796036,0.030422263,
344318847658,3,-0.008742089,-0.30283383,0.015490899,
344328887941,3,0.040247038,-0.23674357,-5.0886814E-4,
344338897707,3,0.095633715,-0.17702526,-0.016507523,
344348907472,3,0.14142591,-0.13325992,-0.03357508,
344358917238,3,0.14671336,-0.099098295,-0.052759938,
344368927004,3,0.097641185,-0.09158678,-0.06447463,
344378967287,3,0.025117626,-0.1171564,-0.079359405,
344388977052,3,-0.017568683,-0.16936886,-0.08994911,
344398986818,3,-0.0112129375,-0.1832347,-0.087812215,
344409027101,3,0.042040143,-0.140577,-0.07076615,
344419036867,3,0.14220802,-0.06379112,-0.038897905,
344429107667,3,0.28607777,0.021562476,-0.008110335,
344439086916,3,0.44593516,0.08350225,0.005613965,
344449127199,3,0.57595295,0.11985694,0.012924988,
344459136964,3,0.628163,0.11570648,0.01914705,
344469146730,3,0.58976936,0.08701095,0.027546886,
344479156496,3,0.48316857,0.08709341,0.03380622,
344489196779,3,0.34566864,0.12446833,0.057072125,
344499237062,3,0.21669798,0.17358488,0.08991125,
344509216310,3,0.14421062,0.225936,0.12064042,
344519256593,3,0.14525884,0.2580774,0.15352449,
344529266359,3,0.1740228,0.28384548,0.17785853,
344539276125,3,0.1931893,0.30327955,0.20112531,
344549316408,3,0.20382108,0.31207427,0.21909282,
344559326173,3,0.20912719,0.29740784,0.22639346,
344569335939,3,0.21869582,0.2720607,0.22412236,
344579345705,3,0.22400665,0.2690339,0.21865565,
344589385988,3,0.21865782,0.29370335,0.20574443,
344599395753,3,0.20264931,0.31405807,0.18752922,
344609405519,3,0.16958886,0.33435455,0.16613925,
344619415285,3,0.10881615,0.3503626,0.13623498,
344629425050,3,0.0320559,0.35247168,0.106352225,
344639465333,3,-0.04790584,0.33751774,0.077556424,
344649475099,3,-0.11614481,0.3001821,0.06049079,
344659484865,3,-0.15454337,0.25538468,0.051970534,
344669525148,3,-0.15989776,0.20631541,0.045572143,
344679534913,3,-0.13754386,0.16259697,0.045577694,
344689544679,3,-0.08747965,0.11568621,0.046647407,
344699768068,3,-0.022488315,0.062375292,0.049832284,
344709777833,3,0.0307786,0.019715436,0.05834762,
344719604494,3,0.07019351,4.926026E-4,0.06471652,
344729614259,3,0.096820936,-0.0144587755,0.066808425,
344739654542,3,0.114923224,-0.043275155,0.0699625,
344749664308,3,0.12982616,-0.07633508,0.069913976,
344759674074,3,0.13513938,-0.10194099,0.06452419,
344769714357,3,0.123396575,-0.116874486,0.05700776,
344779693605,3,0.10206178,-0.12969902,0.052681714,
344789733888,3,0.07859337,-0.13504869,0.04835513,
344799743654,3,0.06578695,-0.14041579,0.042955168,
344809753419,3,0.057239022,-0.15217203,0.03756955,
344819793702,3,0.04016477,-0.18101257,0.032193337,
344829803468,3,0.016694477,-0.21944569,0.035345405,
344839813234,3,-0.014241798,-0.2440072,0.03849964,
344849853517,3,-0.057970032,-0.2365841,0.035258114,
344859863283,3,-0.09850336,-0.20463066,0.022426099,
344869873048,3,-0.11239346,-0.14602333,0.0064057,
344879913331,3,-0.13694154,-0.07249217,-0.010686072,
344889923097,3,-0.21158302,-0.016001264,-0.014999463,
344899932863,3,-0.30008638,-0.0032005645,-0.009734515,
344909942628,3,-0.3416938,-0.02236792,-0.008730348,
344919952394,3,-0.32147783,-0.0660571,-0.008806948,
344929992677,3,-0.26075566,-0.11083457,0.003900664,
344940002443,3,-0.185118,-0.0917007,0.018783746,
344950042726,3,-0.14785627,-0.03843238,0.030481068,
344960052492,3,-0.18520457,0.03613239,0.048576917,
344970062257,3,-0.29504865,0.11502095,0.065658614,
344980072023,3,-0.43901122,0.19076698,0.08701694,
344990112306,3,-0.59790134,0.23463638,0.11368412,
345000122072,3,-0.7301509,0.2412461,0.12756863,
345010131837,3,-0.7835286,0.20948993,0.11054654,
345020141603,3,-0.728195,0.16597976,0.0871658,
345030151368,3,-0.571604,0.119268656,0.052056305,
345040191652,3,-0.3745067,0.0650347,0.01269565,
345050231935,3,-0.19126347,0.028906979,-0.022403844,
345060424806,3,-0.044258572,0.023646746,-0.05216757,
345070434572,3,0.048387907,0.050352745,-0.06700329,
345080261232,3,0.09519905,0.119726986,-0.059455387,
345090301515,3,0.118558,0.16784388,-0.049780715,
345100311281,3,0.13978453,0.17441465,-0.053966686,
345110321047,3,0.16100687,0.16075563,-0.06773505,
345120330812,3,0.17370069,0.13430081,-0.08042714,
345130340578,3,0.17149189,0.11951821,-0.087843455,
345140380861,3,0.15222722,0.12816739,-0.086719975,
345150390627,3,0.112718984,0.14848125,-0.07920814,
345160430910,3,0.051904798,0.1602368,-0.06426652,
345170440675,3,-0.022759443,0.16665575,-0.04081562,
345180450441,3,-0.088894725,0.15491535,-0.02269236,
345190460207,3,-0.1294463,0.12293412,-0.005646498,
345200469972,3,-0.1422836,0.095198624,0.007132123,
345210510255,3,-0.14019917,0.074923635,0.013513087,
345220550539,3,-0.124254584,0.03330674,0.015622431,
345230743410,3,-0.090196095,-0.020042684,0.009225157,
345240722658,3,-0.04867091,-0.05316371,0.002828978,
345250793459,3,-0.025258724,-0.056435294,0.0017343536,
345260803224,3,-0.023165653,-0.03413046,6.472971E-4,
345270812990,3,-0.030666089,-0.022498121,6.2811E-4,
345280822755,3,-0.034971863,-0.0023294687,-4.4821296E-4,
345290863039,3,-0.04141173,0.008244038,6.143758E-4,
345300872804,3,-0.0563792,0.008178592,0.0038022613,
345310882570,3,-0.067084245,0.019836824,-4.680734E-4,
345320922853,3,-0.059668962,0.02725568,-0.0047477996,
345330932619,3,-0.03840496,0.029380728,-0.011143643,
345340942384,3,-0.015009688,0.026162885,-0.019664505,
345350952150,3,0.0019908696,0.001628872,-0.024989998,
345360992433,3,0.015801093,-0.039968546,-0.030342545,
345370788576,3,0.03600861,-0.07730663,-0.034634814,
345380828859,3,0.060477942,-0.08799617,-0.043187894,
345390838625,3,0.079619214,-0.11151124,-0.046400376,
345400848390,3,0.093429394,-0.14674783,-0.04321229,
345410858156,3,0.10723941,-0.1681095,-0.04002984,
345420867921,3,0.13489841,-0.1659933,-0.038992252,
345430908205,3,0.16468744,-0.15425831,-0.035826635,
345440917970,3,0.18274768,-0.15211153,-0.030514518,
345450927736,3,0.18056308,-0.14675458,-0.034806177,
345460968019,3,0.12508364,-0.10304022,-0.04015165,
345471160890,3,0.009915454,-0.044460822,-0.051874377,
345481048585,3,-0.1254884,-0.01149323,-0.0615007,
345491027833,3,-0.22039798,-0.030721467,-0.07430358,
345501037599,3,-0.26414293,-0.011558337,-0.069007166,
345511047365,3,-0.22581853,0.020444259,-0.048799988,
345521087648,3,-0.10861557,0.03436,-0.03501708,
345531127931,3,0.07572853,0.04514717,-0.019107621,
345541137697,3,0.29631957,0.06774278,0.005275868,
345551147462,3,0.49452806,0.09249209,0.025387857,
345561157228,3,0.6245155,0.09273409,0.035926737,
345571166994,3,0.65219074,0.07160155,0.04218717,
345581207277,3,0.5679553,0.03657452,0.06016957,
345591217042,3,0.4101904,0.0015140921,0.07811772,
345601226808,3,0.23857422,0.0037455112,0.10244726,
345611236574,3,0.0968019,0.014539268,0.12996341,
345621276857,3,0.014710451,0.017890953,0.1542957,
345631286622,3,-0.015164713,0.018090125,0.1722538,
345641326906,3,-0.0205362,0.057758726,0.19555357,
345651336671,3,-0.024841307,0.10272701,0.22739069,
345661346437,3,-0.024885321,0.11039711,0.2443109,
345671356202,3,-0.0068099145,0.11168133,0.26229435,
345681365968,3,0.04110899,0.14383529,0.28775394,
345691406251,3,0.106083736,0.15889728,0.29510227,
345701416017,3,0.17212132,0.15261514,0.28327617,
345711425783,3,0.21364912,0.13987038,0.25867042,
345721466066,3,0.22852112,0.12390994,0.22343925,
345731475831,3,0.20608377,0.1281611,0.18928564,
345741485597,3,0.13461447,0.1323942,0.15621188,
345751525880,3,0.046087507,0.1462344,0.124210976,
345761535646,3,-0.02859481,0.13023947,0.09436776,
345771545412,3,-0.08196129,0.108926564,0.07091853,
345781555177,3,-0.107610695,0.10572882,0.04852095,
345791595460,3,-0.10768318,0.10467033,0.034650408,
345801605226,3,-0.09815424,0.11211504,0.027155913,
345811614992,3,-0.08329851,0.09504351,0.015405778,
345821807863,3,-0.0599065,0.058761377,-6.1981194E-4,
345831848146,3,-0.04396946,0.044835992,-0.020919858,
345841857912,3,-0.028028633,0.026640963,-0.042294286,
345851898195,3,-0.01209685,0.014845211,-0.047668427,
345861907960,3,-0.0057566874,0.01477243,-0.03812126,
345871917726,3,-0.013273958,0.0083021335,-0.024307271,
345881958009,3,-0.022928834,-0.02264573,-0.010501343,
345891784670,3,-0.031517707,-0.0749042,0.0064975675,
345901794435,3,-0.04970326,-0.12821811,0.016044319,
345911804201,3,-0.07109302,-0.17191589,0.02238445,
345921813966,3,-0.09461644,-0.21028824,0.030862013,
345931854250,3,-0.11813742,-0.26144052,0.0361307,
345941833498,3,-0.14592655,-0.29768407,0.028619962,
345951873781,3,-0.18330637,-0.31901336,0.016839372,
345961883547,3,-0.21962649,-0.32435954,-0.001316471,
345971893312,3,-0.26020712,-0.29878524,-0.018430505,
345981903078,3,-0.28906706,-0.2529619,-0.032336626,
345991912843,3,-0.31047344,-0.19428983,-0.039845955,
346001953127,3,-0.34999248,-0.1366758,-0.038828336,
346011962892,3,-0.4086981,-0.1152658,-0.03462302,
346022003175,3,-0.4428901,-0.14394753,-0.026152346,
346031982423,3,-0.42060554,-0.22270119,-0.0240586,
346042022707,3,-0.36100167,-0.3110897,-0.023062633,
346052032472,3,-0.28327945,-0.36968818,-0.024180036,
346062072755,3,-0.2055541,-0.3814272,-0.017838785,
346072082521,3,-0.15979975,-0.3217497,-0.013647221,
346082092287,3,-0.18121023,-0.23442197,0.0044425,
346092132570,3,-0.2825711,-0.1481276,0.021489594,
346102172853,3,-0.41271842,-0.019136729,0.039609935,
346112182619,3,-0.5194242,0.10355207,0.05345797,
346122192384,3,-0.54301083,0.14954418,0.05562164,
346132202150,3,-0.47281092,0.15187159,0.039678976,
346142211916,3,-0.3269402,0.11475095,0.018426418,
346152252199,3,-0.16827315,0.07121159,-0.017757218,
346162445070,3,-0.028799716,0.047876593,-0.062427945,
346172302248,3,0.057386957,0.08209485,-0.07513947,
346182312013,3,0.09347604,0.14081073,-0.08144152,
346192321779,3,0.10079692,0.19526918,-0.0856424,
346202331544,3,0.10385385,0.24761394,-0.08024904,
346212341310,3,0.11649515,0.30531093,-0.07270598,
346222381593,3,0.14085324,0.355595,-0.06621942,
346232391359,3,0.15348601,0.387797,-0.049077637,
346242401125,3,0.14907336,0.36246464,-0.025564626,
346252441408,3,0.13187006,0.30622643,-9.835623E-4,
346262451173,3,0.12747538,0.24463068,0.031015106,
346272491456,3,0.14439633,0.18515341,0.0534283,
346282501222,3,0.18798324,0.121381566,0.06940149,
346292510988,3,0.24862897,0.07571553,0.086429015,
346302520753,3,0.32207727,0.050273888,0.10129779,
346312561037,3,0.3934068,0.022672478,0.108690366,
346322570802,3,0.43489787,0.01209845,0.108612485,
346332611085,3,0.45293713,-0.002759792,0.1032166,
346342590333,3,0.45817843,-0.034698147,0.09358081,
346352600099,3,0.4602151,-0.075207695,0.072245,
346362640382,3,0.47930124,-0.10934167,0.056251425,
346372650148,3,0.4877411,-0.084868014,0.045580186,
346382659913,3,0.45354295,-0.04974611,0.035986304,
346392730714,3,0.39697066,-0.01890007,0.035963826,
346402709962,3,0.33505958,-0.0029495172,0.042354666,
346412719728,3,0.288069,0.0012961216,0.041285396,
346422760011,3,0.29117134,0.009821903,0.034888133,
346432769777,3,0.3326367,0.005593039,0.025306847,
346442810060,3,0.3783695,-0.008220023,0.023173105,
346452819825,3,0.39319032,-0.028389804,0.031697616,
346462829591,3,0.3717711,-0.06664005,0.045548603,
346472839357,3,0.35355163,-0.13794982,0.05939457,
346482849122,3,0.35133103,-0.20288558,0.05935874,
