1396206589576087686,3,0.048121512,-0.2438612,-1.9120924,
1396206589596168252,3,-0.19717231,-0.03445244,-1.5460098,
1396206589616645547,3,-0.545876,0.14776134,0.42469478,
1396206589636481973,3,-0.25984284,-0.17562771,1.1677437,
1396206589656623574,3,-0.260486,-0.3992195,0.9785061,
1396206589676795694,3,-0.60079134,-0.5651531,0.5197897,
1396206589696906778,3,-0.4469561,-0.4336977,0.3850751,
1396206589717078897,3,-0.00702253,-0.1657219,-0.1516223,
1396206589737220498,3,0.07811952,-0.14054966,-0.81367993,
1396206589757362100,3,0.06623086,0.022471428,-0.7590883,
1396206589777503701,3,0.1811283,0.18858719,-0.09108496,
1396206589797669915,3,-0.06456885,-0.2033062,0.28587604,
1396206589818147210,3,-0.040654957,-0.26465893,0.21259713,
1396206589837953119,3,-0.08650744,-0.30912971,0.10082483,
1396206589858125238,3,-0.05712989,-0.31629848,-0.15916061,
1396206589878266839,3,0.116915464,-0.28041458,-0.16614318,
1396206589898408441,3,0.14877915,-0.30500126,0.14826083,
1396206589918550042,3,-0.10800201,-0.3877735,0.24308062,
1396206589938691644,3,-0.15844518,-0.55463505,0.3621552,
1396206589958802728,3,-0.31030133,-0.5362396,0.27928138,
1396206589979768304,3,-0.4821346,-0.6355362,-0.061223507,
1396206589999085931,3,-0.30652097,-0.49387074,-0.074898005,
1396206590019227533,3,-0.015875936,-0.43171406,0.10665703,
1396206590039369134,3,0.026364893,-0.3608656,0.124274254,
1396206590059602288,3,-0.08820021,-0.39309216,-0.07844663,
1396206590079621820,3,-0.16602018,-0.38782787,-0.34607697,
1396206590099763421,3,-0.36170864,-0.39757252,-0.24863768,
1396206590120149163,3,-0.10111776,-0.3186407,0.23652053,
1396206590140107660,3,0.30692518,-0.17437935,0.31188226,
1396206590160371331,3,0.37574583,-0.12852478,0.12714195,
1396206590180390863,3,-0.006445229,-0.32046318,0.024412155,
1396206590200532464,3,-0.1870656,-0.4636526,0.11572003,
1396206590220674066,3,-0.03902006,-0.4000368,0.15230966,
1396206590240785150,3,0.014143467,-0.36871815,0.07161617,
1396206590260926751,3,0.014072597,-0.34923172,-0.04117465,
1396206590281098870,3,0.015067637,-0.27580547,-0.4206872,
1396206590301240472,3,-0.019457042,-0.35856342,-0.52867055,
1396206590321382074,3,-0.16677958,-0.24645996,-0.05343604,
1396206590341523675,3,0.047148407,-0.18135738,0.35836816,
1396206590361665277,3,0.11416221,-0.14111519,0.27865934,
1396206590381806878,3,0.074894786,-0.22635746,0.08693886,
1396206590401948480,3,-0.08318758,-0.2681694,0.09829044,
1396206590422059564,3,-0.34723222,-0.364007,0.2490964,
1396206590442231683,3,-0.35543907,-0.34758472,0.16815281,
1396206590462373285,3,-0.24574745,-0.34779835,0.028777122,
1396206590482514886,3,-0.018773377,-0.2663641,-0.06820941,
1396206590502656488,3,0.061361253,-0.20556259,0.009151697,
1396206590523042230,3,0.025342703,-0.2412157,0.02272439,
1396206590542939691,3,-0.26035368,-0.42370987,0.13412309,
1396206590563081292,3,-0.39970964,-0.41534042,0.07888484,
1396206590583222894,3,-0.1897124,-0.21326447,-0.1635902,
1396206590603364495,3,0.009763718,-0.13874626,-0.1510849,
1396206590623811273,3,0.015088379,-0.11232185,0.06527281,
1396206590643647699,3,0.14409012,-0.123366356,-0.046174765,
1396206590663758783,3,-0.02254647,-0.1593771,-0.14608431,
1396206590684754876,3,-0.15860462,-0.19621944,-0.22135806,
1396206590704011468,3,-0.07187992,-0.22345638,-0.18341303,
1396206590724153070,3,0.0136199,-0.17507839,0.018627167,
1396206590744325189,3,0.045902252,-0.0637064,0.10813165,
1396206590764436273,3,-0.04630351,-0.062054634,-0.0538795,
1396206590825044183,3,-0.00426811,-0.09671593,0.28943443,
1396206590845033197,3,-0.12779534,-0.28368473,0.44838953,
1396206590865174798,3,-0.24162084,-0.30324268,0.1626966,
1396206590886109857,3,-0.37856573,-0.2079134,-0.26686168,
1396206590905458001,3,-0.32841003,-0.1319809,-0.7970166,
1396206590925935296,3,-0.08299887,-0.1591711,-0.7722578,
1396206590945771722,3,-0.047439635,-0.21776009,-0.2743914,
1396206590965943841,3,-0.24120271,-0.28979588,-0.026417017,
1396206590986054925,3,-0.33035284,-0.30500412,-0.23171592,
1396206591006196527,3,-0.19927412,-0.3147688,-0.5440419,
1396206591026551751,3,0.046169043,-0.16170883,-0.8194845,
1396206591046479730,3,-0.042367518,-0.15378094,-0.5611253,
1396206591066621331,3,-0.18606788,-0.3220539,-0.10220504,
1396206591086762933,3,-0.3352421,-0.5540104,0.36231565,
1396206591106904535,3,0.012707412,-0.34232044,0.24725938,
1396206591127351312,3,0.34967244,-0.02591896,-0.87290025,
1396206591147187738,3,0.39916754,0.06374073,-1.770544,
1396206591167329339,3,0.34428144,0.057596207,-1.8746295,
1396206591187470941,3,0.44769442,-0.014352798,-1.6527681,
1396206591207612542,3,0.48304558,0.0018339157,-1.4835606,
1396206591227754144,3,0.24426836,-0.029423714,-1.4299228,
1396206591247895745,3,0.006618321,-0.021643639,-1.3763092,
1396206591268037347,3,0.38303643,0.10744953,-1.0832756,
1396206591288178949,3,0.8540772,0.13872528,-1.1245134,
1396206591308320550,3,1.2328179,0.29078197,-1.5751567,
1396206591328767328,3,1.4262643,0.05701065,-1.968081,
1396206591348573236,3,0.85499364,-0.373394,-1.6171093,
1396206591368684320,3,0.28410584,-0.4606123,-0.91925335,
1396206591389680413,3,0.13395339,-0.4338436,-0.6870451,
1396206591408967523,3,0.072012305,-0.38233566,-0.8314116,
1396206591429139642,3,0.24201721,-0.096847534,-1.0997703,
1396206591449281244,3,0.57289934,0.20736122,-0.59596777,
1396206591469422845,3,0.6973959,0.52139187,0.035460472,
1396206591489594964,3,0.72659016,0.53454494,0.06665397,
1396206591509736566,3,0.7966511,0.633687,0.07504463,
1396206591529878167,3,1.1871835,0.8933668,0.024027586,
1396206591550019769,3,1.206243,1.0917454,-0.28378725,
1396206591570161370,3,0.80424505,1.1137171,-0.66768026,
1396206591590302972,3,0.7766711,1.2161865,-0.9977019,
1396206591610414056,3,0.6577359,1.1111012,-0.9118283,
1396206591630555658,3,-0.009515166,0.7952776,-0.25610757,
1396206591650697259,3,-0.86526275,0.40780544,0.55426466,
1396206591670838861,3,-1.3061506,0.1776886,0.6579554,
1396206591690949945,3,-1.3371005,-0.083337784,0.89964294,
1396206591711122064,3,-0.78567237,-0.19499493,1.0641066,
1396206591731263665,3,-0.19846588,-0.27572823,0.59156287,
1396206591751405267,3,0.110458255,-0.2858286,-0.27385628,
1396206591771546869,3,-0.03144008,-0.37573814,-0.96277857,
1396206591791718988,3,-0.3217982,-0.53820515,-1.048943,
1396206591811860589,3,-0.46917194,-0.72861195,-0.6071075,
1396206591832002191,3,-0.62963015,-0.8264742,-0.023726344,
1396206591852143792,3,-0.7632287,-1.0655651,0.15826035,
1396206591872254876,3,-0.7668676,-1.1511116,0.18309402,
1396206591892426995,3,-0.7109557,-0.97486687,-0.04889512,
1396206591912660150,3,-0.7499873,-0.87253,-0.3793397,
1396206591932649163,3,-0.86813587,-0.9750109,-0.4033867,
1396206591952821283,3,-0.69304,-0.9941082,-0.05855596,
1396206591972962884,3,-0.29711312,-0.8722315,-0.2411294,
1396206591993104486,3,-0.25308847,-0.73510647,-0.33899784,
1396206592013246087,3,-0.3907671,-0.7784033,-0.19323087,
1396206592033387689,3,-0.4440146,-0.7269573,0.04567921,
1396206592073670892,3,-0.8785077,-0.63693714,-0.026828408,
1396206592093812494,3,-0.91700995,-0.43928528,-0.2498002,
1396206592113893060,3,-0.38762885,-0.111231804,-0.31924403,
1396206592134339837,3,-0.013208032,0.18131924,-0.43912864,
1396206592154237298,3,0.081270576,0.15995598,-0.85685205,
1396206592174409417,3,-0.0494591,0.23694515,-0.9425857,
1396206592194551019,3,-0.353886,0.16406345,-0.66084266,
1396206592214601068,3,-0.27553713,0.4641056,-0.22284126,
1396206592235108880,3,0.22787374,1.126503,-0.24999213,
1396206592254945306,3,0.4445126,1.6742916,-0.4777944,
1396206592275117425,3,-0.15210712,1.6721983,-0.5424812,
1396206592295259027,3,-0.18704444,1.1748991,-0.024337769,
1396206592315400628,3,0.37020117,0.5653982,0.6595671,
1396206592335542230,3,0.1882168,0.26554585,1.4781373,
1396206592355683831,3,-0.23568523,-0.13296413,1.8972709,
1396206592375825433,3,-0.25361192,-0.14597225,0.95496345,
1396206592395967035,3,0.23159707,-0.19789505,-0.7170347,
1396206592416108636,3,0.62826353,-0.15689087,-1.6346378,
1396206592436250238,3,0.2911462,-0.22545242,-1.6176699,
1396206592456391839,3,-0.2011376,-0.56707764,-0.5155709,
1396206592476533441,3,-0.13892585,-0.61011887,0.81145644,
1396206592496675042,3,0.69430304,-0.43404484,1.5413456,
1396206592516816644,3,1.4219276,-0.38163185,1.6288683,
1396206592536958245,3,1.144516,-0.63003254,1.3806913,
1396206592557099847,3,0.5442761,-0.94431496,1.2618041,
1396206592577210931,3,0.44081122,-1.0527525,0.78302693,
1396206592597383050,3,0.6564786,-0.98460007,0.08488202,
1396206592617494134,3,0.647406,-0.9493332,-0.60278606,
1396206592637635736,3,0.2510327,-1.1811523,-0.9968314,
1396206592657777337,3,0.034374237,-1.1061745,-0.9939475,
1396206592677918939,3,0.03733626,-1.1030798,-0.49334526,
1396206592698853997,3,-0.09086132,-1.0229893,-0.046947956,
1396206592718202142,3,-0.10861021,-0.8600311,0.14654636,
1396206592738557367,3,0.09664747,-0.48913956,-0.09925699,
1396206592758515863,3,0.1401082,-0.19895267,-0.21009922,
1396206592778657464,3,0.31103918,0.11968231,-0.016762257,
1396206592798799066,3,0.34754232,0.47014236,0.2255311,
1396206592818940667,3,-0.004769802,0.59560585,0.06468868,
1396206592839082269,3,-0.08838636,0.7303648,0.2635808,
1396206592859223870,3,-0.07698667,0.7203989,0.28236246,
1396206592879365472,3,-0.24462625,0.9765854,-0.022963047,
1396206592899507074,3,-0.24250728,1.452282,-0.58164835,
1396206592919648675,3,-0.2591358,1.3791742,-0.92292833,
1396206592939790277,3,-0.6300931,0.9290714,0.5841944,
1396206592959901361,3,-0.90405804,0.5461998,2.7501411,
1396206592980458107,3,-0.053904384,0.4740324,3.3310678,
1396206593000599708,3,1.0125041,0.82075214,1.3396401,
1396206593020741310,3,1.4213749,1.0713463,-1.3529646,
1396206593041249122,3,0.83197224,0.9028101,-2.487888,
1396206593061024513,3,-0.34139585,0.18224144,-1.5444336,
1396206593081166115,3,-0.7645972,-0.35976887,0.35623002,
1396206593101307716,3,-0.34183684,-0.71571255,1.7867484,
1396206593121449318,3,0.19120327,-0.899312,1.7456553,
1396206593141590919,3,0.18807489,-1.1861382,0.69894624,
1396206593161671486,3,-0.12054622,-1.5356541,-0.14899683,
1396206593181874122,3,-4.631281E-4,-1.6612005,-0.6043544,
1396206593202015724,3,0.13862464,-1.4486713,-0.7223277,
1396206593222126808,3,0.15548046,-1.2578678,-0.8185539,
1396206593242268410,3,-0.11019544,-1.1680374,-0.8328459,
1396206593262410011,3,-0.52916557,-1.3179312,-0.86403775,
1396206593282551613,3,-1.0218612,-1.3021545,-0.7581184,
1396206593322834816,3,-0.9364957,-0.64664173,-0.07811785,
1396206593342976417,3,-0.33968204,-0.2951622,0.19869137,
1396206593363118019,3,0.27001327,-0.07437134,0.16471934,
1396206593383229103,3,0.20200366,0.0030584335,-0.0457294,
1396206593403431740,3,-0.20986842,0.04685688,-0.2214818,
1396206593423573341,3,0.08912194,0.4493065,-0.1596117,
1396206593443684425,3,0.18642473,1.0344133,-0.5504863,
1396206593463826027,3,0.29621246,1.5461321,-0.9118874,
1396206593483967628,3,0.3399855,1.6280079,-0.6377928,
1396206593504139747,3,-0.3524858,1.6345463,0.12011075,
1396206593524281349,3,-0.6670824,1.222806,0.99302197,
1396206593544422951,3,-0.102195576,1.2681589,1.5534716,
1396206593564564552,3,0.6883986,1.5713587,2.0723467,
1396206593584706154,3,1.1443017,1.2190714,1.2787094,
1396206593604847755,3,0.96477973,0.33871746,-0.1277926,
1396206593624989357,3,0.28145564,0.05731964,-0.69600296,
1396206593645130958,3,-0.22799891,-0.24862003,-0.35304093,
1396206593665242042,3,0.05287592,-0.43050194,0.7781589,
1396206593685383644,3,0.71982074,-0.5192833,1.7117617,
1396206593706349220,3,1.0378017,-0.61089516,1.4948151,
1396206593725666847,3,0.5527903,-0.60895824,0.29751635,
1396206593745808449,3,0.31875175,-0.88828087,-0.19471431,
1396206593765980568,3,0.41920948,-1.0877075,0.17600894,
1396206593786091652,3,0.5301806,-1.1766214,0.669019,
1396206593806263771,3,0.50448686,-1.1068907,0.45550346,
1396206593826405372,3,0.26592278,-1.1107626,-0.22566032,
1396206593846546974,3,0.08579032,-1.1866264,-0.6648562,
1396206593866688576,3,-0.07731567,-1.2541285,-0.57626915,
1396206593886830177,3,-0.3769624,-1.2486849,-0.34797287,
1396206593906971779,3,-0.25353938,-0.9374676,-0.36960244,
1396206593927113380,3,0.05256203,-0.79453754,-0.1990397,
1396206593947254982,3,-0.13434865,-0.7756367,0.18772316,
1396206593967488136,3,-0.14834623,-0.65954304,0.40251064,
1396206593987538185,3,0.097867444,-0.2572832,0.341573,
1396206594007679787,3,0.586263,0.10472107,-0.28839278,
1396206594027821388,3,0.95867497,0.48623848,-0.6234429,
1396206594047962990,3,0.33490312,0.50619316,-0.42285395,
1396206594068013038,3,-0.8869325,0.68692017,-0.026438236,
1396206594088215675,3,-1.3147796,1.0639591,0.2337141,
1396206594108326759,3,-0.82260406,1.3520937,0.5947263,
1396206594128498878,3,0.7808142,1.5837526,0.82045364,
1396206594148640480,3,1.303241,1.5669737,1.1598678,
1396206594168690529,3,0.69755036,1.2107172,1.4345043,
1396206594188923683,3,0.08064303,0.575305,0.61180353,
1396206594209095802,3,-0.35978425,0.32079697,-0.7734437,
1396206594229206886,3,-0.8678973,0.13711834,-1.892843,
1396206594249348488,3,-0.91264737,0.053479195,-1.4143174,
1396206594269490089,3,-0.7087701,-0.26530933,0.0866766,
1396206594289631691,3,-0.8808308,-0.7942867,1.3298168,
1396206594309803810,3,-0.971725,-1.0964165,1.7352397,
1396206594329914894,3,-0.4591018,-0.97172356,1.0709608,
1396206594350087013,3,0.1132679,-0.81326485,0.3621168,
1396206594370228615,3,0.31342188,-0.8847685,0.07013798,
1396206594390370216,3,0.21573442,-1.0254993,-0.10305619,
1396206594410511818,3,0.25587687,-1.0331011,-0.3641317,
1396206594430653419,3,0.21003547,-1.0293102,-0.66931915,
1396206594451039162,3,-0.40374267,-1.1994648,-0.6595671,
1396206594470906105,3,-1.085036,-1.315423,-0.17109585,
1396206594491047706,3,-0.91316515,-1.1051521,0.027772665,
1396206594511982765,3,-0.26149562,-0.6882458,0.054197073,
1396206594531300392,3,-0.079337224,-0.3467512,-0.27087116,
1396206594571614113,3,0.14232224,-0.05619812,-0.84101605,
1396206594591810744,3,-0.3556645,-0.031095505,-0.39304638,
1396206594612776320,3,-0.55101645,0.13334084,0.25083065,
1396206594632093947,3,-0.5223037,0.5217638,0.77503467,
1396206594652205031,3,-0.6432582,1.005188,0.676744,
1396206594672346633,3,-0.36116502,1.4419441,-0.31770062,
1396206594692518752,3,0.07029584,1.6877041,-0.738693,
1396206594713484328,3,0.6687813,1.5176058,0.15836358,
1396206594732801955,3,0.78185064,1.6390476,1.9908481,
1396206594752943557,3,1.1000049,1.2886124,1.9076562,
1396206594773054641,3,0.80557007,0.66258526,0.35412383,
1396206594793226760,3,0.41893318,0.21419334,-0.24559045,
1396206594813398879,3,0.049306214,-0.006084442,0.35826468,
1396206594833509963,3,0.09451738,-0.14312458,1.3211093,
1396206594853651565,3,0.46557575,-0.13114834,1.4152062,
1396206594873793166,3,0.9195609,-0.09721565,0.62664056,
1396206594893934768,3,0.9038873,-0.14080143,-0.22200918,
1396206594914900344,3,0.78004026,-0.36842155,-0.66202736,
1396206594934248488,3,0.62143385,-0.83955,-0.35684872,
1396206594954390090,3,0.25629148,-1.2395439,0.22442937,
1396206594974501174,3,-0.25531602,-1.6502419,0.242661,
1396206594994642776,3,-0.46437338,-1.9392118,-0.38685036,
1396206595014814895,3,-0.38654986,-2.0668259,-0.9070494,
1396206595034956496,3,-0.18621668,-1.9315996,-0.95067334,
1396206595055098098,3,0.06188783,-1.5646248,-0.6049783,
1396206595075239699,3,0.016206384,-1.1364498,-0.81062484,
1396206595095381301,3,-0.114129305,-0.7926407,-1.0919449,
1396206595115522902,3,-0.105618864,-0.29986954,-0.54361176,
1396206595135633986,3,0.11376077,0.07192421,0.32562804,
1396206595156202834,3,0.12793252,0.29468346,0.5105138,
1396206595175917190,3,0.09954339,0.46377277,0.35367918,
1396206595196058791,3,-0.07074508,0.67331505,0.042360067,
1396206595217054885,3,-0.0111890435,1.0011482,-0.1323154,
1396206595236341994,3,-0.07855666,1.405365,0.05977249,
1396206595256483596,3,-0.3273129,1.7159739,-0.11632681,
1396206595276625197,3,-0.4208205,1.9118633,-0.5935776,
1396206595296766799,3,-0.629385,2.0375395,-0.28902578,
1396206595316908401,3,-0.6970971,1.5298023,0.6972811,
1396206595337050002,3,-0.6111504,1.2096367,2.1961617,
1396206595357191604,3,0.19709983,1.0256224,2.4530182,
1396206595377333205,3,0.08005792,0.69564056,0.76963544,
1396206595397474807,3,-0.2842092,0.46463108,-0.8611815,
1396206595417616408,3,-0.62610763,0.19037247,-0.8091538,
1396206595437758010,3,-1.1613674,-0.29523563,0.118655205,
1396206595457899611,3,-1.0666441,-0.4713936,1.0304968,
1396206595478010695,3,-0.6163513,-0.44556808,1.1527958,
1396206595498182815,3,-0.48538756,-0.5860853,0.5641167,
1396206595518354934,3,-0.48641706,-0.84398174,0.24746037,
1396206595538435500,3,-0.45168394,-1.1131773,0.21103072,
1396206595558729690,3,-0.4451112,-1.1190767,0.059984207,
1396206595578749221,3,-0.18481022,-1.1613636,-0.42431307,
1396206595598890822,3,0.14113069,-0.994092,-0.5839791,
1396206595619062942,3,0.55286443,-0.7851391,-0.31972337,
1396206595659468215,3,-0.36808157,-0.93626404,-0.046684742,
1396206595679457229,3,-0.7822504,-0.8003206,-0.026196241,
1396206595699598830,3,-0.7268008,-0.6435995,-0.24890637,
1396206595720533889,3,-0.27099663,-0.41914654,-0.36623168,
1396206595739882033,3,0.09798497,-0.2796812,-0.51224136,
1396206595760023635,3,-0.16828951,-0.30286694,-0.45613313,
1396206595780165236,3,-0.6961537,-0.24909306,-0.342865,
1396206595800306838,3,-0.9721619,-0.11079025,-0.80545664,
1396206595880873244,3,0.32788628,1.3024387,1.8791955,
1396206595901014846,3,-0.12306231,1.3798208,2.6407785,
1396206595921949904,3,0.24950129,1.4150248,2.1022422,
1396206595941298049,3,0.97843385,1.1344385,0.6599355,
1396206595961439651,3,0.95611393,0.90283775,0.37290883,
1396206595981581252,3,0.7902432,0.77551746,1.0452905,
1396206596001722854,3,0.5109918,0.6081991,1.4721377,
1396206596022657912,3,0.2675631,0.35305595,1.8068864,
1396206596042006057,3,0.77291024,0.28805733,1.532757,
1396206596062147658,3,1.2234081,0.0819664,0.68024373,
1396206596082289260,3,1.4670984,-0.011221886,0.015423775,
1396206596102430861,3,1.4034019,-0.24499989,-0.5557139,
1396206596123396438,3,0.68698776,-0.7465887,-0.94387054,
1396206596142714065,3,-0.43174824,-1.5351248,-0.7571957,
1396206596162825149,3,-0.76153594,-1.8815765,-0.39528942,
1396206596182997268,3,-0.32549042,-1.7938719,-0.3374679,
1396206596203108352,3,-0.026761413,-1.6775017,-0.81133795,
1396206596223310988,3,-0.16863455,-1.6329765,-0.86519766,
1396206596243422072,3,-0.5001193,-1.6438084,-0.49477363,
1396206596263563674,3,-0.36972028,-1.2804632,-0.060561895,
1396206596283705276,3,-0.1832489,-0.94651985,-0.033825874,
1396206596303846877,3,0.584902,-0.2559185,-0.43428326,
1396206596324018996,3,1.3139908,0.26789093,-0.6060426,
1396206596344130080,3,1.1631919,0.67320156,-0.18698573,
1396206596364271682,3,0.70262563,0.8091421,0.6543634,
1396206596384382766,3,0.4476249,0.9995785,1.2203023,
