1396207015589,$GPGSA,A,1,,,,,,,,,,,,,,,*1E
1396207015589,$GPVTG,,T,,M,,N,,K,N*2C
1396207015589,$GPRMC,,V,,,,,,,,,,N*53
1396207015589,$GPGGA,,,,,,0,,,,,,,,*66
1396207015775,$GPGSV,5,1,19,14,28,113,,16,21,196,,20,37,286,,23,16,303,*7F
1396207015776,$GPGSV,5,2,19,25,21,043,,29,16,080,,31,71,019,,32,52,230,*7A
1396207015776,$GPGSV,5,3,19,74,12,047,,66,48,314,,77,00,000,,76,47,260,*78
1396207015777,$GPGSV,5,4,19,75,59,015,,65,63,196,,84,11,059,,83,04,011,*7D
1396207015777,$GPGSV,5,5,19,85,03,102,,67,00,000,,72,14,164,*4E
1396207015777,$GPGSA,A,1,,,,,,,,,,,,,,,*1E
1396207015777,$GPVTG,,T,,M,,N,,K,N*2C
1396207015778,$GPRMC,,V,,,,,,,,,,N*53
1396207015778,$GPGGA,,,,,,0,,,,,,,,*66
1396207016589,$GPGSA,A,1,,,,,,,,,,,,,,,*1E
1396207016589,$GPVTG,,T,,M,,N,,K,N*2C
1396207016589,$GPRMC,,V,,,,,,,,,,N*53
1396207016589,$GPGGA,,,,,,0,,,,,,,,*66
1396207016775,$GPGSV,5,1,19,14,28,113,,16,21,196,,20,37,286,,23,16,303,*7F
1396207016775,$GPGSV,5,2,19,25,21,043,,29,16,080,,31,71,019,,32,52,230,*7A
1396207016775,$GPGSV,5,3,19,74,12,047,,66,48,314,,77,00,000,,76,47,260,*78
1396207016776,$GPGSV,5,4,19,75,59,015,,65,63,196,,84,11,059,,83,04,011,*7D
1396207016776,$GPGSV,5,5,19,85,03,102,,67,00,000,,72,14,164,*4E
1396207016776,$GPGSA,A,1,,,,,,,,,,,,,,,*1E
1396207016776,$GPVTG,,T,,M,,N,,K,N*2C
1396207016777,$GPRMC,,V,,,,,,,,,,N*53
1396207016777,$GPGGA,,,,,,0,,,,,,,,*66
1396207017589,$GPGSA,A,1,,,,,,,,,,,,,,,*1E
1396207017589,$GPVTG,,T,,M,,N,,K,N*2C
1396207017589,$GPRMC,,V,,,,,,,,,,N*53
1396207017589,$GPGGA,,,,,,0,,,,,,,,*66
1396207017773,$GPGSV,5,1,19,14,28,113,,16,21,196,,20,37,286,,23,16,303,*7F
1396207017773,$GPGSV,5,2,19,25,21,043,,29,16,080,,31,71,019,,32,52,230,*7A
1396207017774,$GPGSV,5,3,19,74,12,047,,66,48,314,,77,00,000,,76,47,260,*78
1396207017774,$GPGSV,5,4,19,75,59,015,,65,63,196,,84,11,059,,83,04,011,*7D
1396207017774,$GPGSV,5,5,19,85,03,102,,67,00,000,,72,14,164,*4E
1396207017774,$GPGSA,A,1,,,,,,,,,,,,,,,*1E
1396207017774,$GPVTG,,T,,M,,N,,K,N*2C
1396207017775,$GPRMC,,V,,,,,,,,,,N*53
1396207017776,$GPGGA,,,,,,0,,,,,,,,*66
1396207018589,$GPGSA,A,1,,,,,,,,,,,,,,,*1E
1396207018589,$GPVTG,,T,,M,,N,,K,N*2C
1396207018589,$GPRMC,,V,,,,,,,,,,N*53
1396207018590,$GPGGA,,,,,,0,,,,,,,,*66
1396207018774,$GPGSV,5,1,19,14,28,113,,16,21,196,,20,37,286,,23,16,303,*7F
1396207018774,$GPGSV,5,2,19,25,21,043,,29,16,080,,31,71,019,,32,52,230,*7A
1396207018774,$GPGSV,5,3,19,74,12,047,,66,48,314,,77,00,000,,76,47,260,*78
1396207018774,$GPGSV,5,4,19,75,59,015,,65,63,196,,84,11,059,,83,04,011,*7D
1396207018774,$GPGSV,5,5,19,85,03,102,,67,00,000,,72,14,164,*4E
1396207018774,$GPGSA,A,1,,,,,,,,,,,,,,,*1E
1396207018774,$GPVTG,,T,,M,,N,,K,N*2C
1396207018775,$GPRMC,,V,,,,,,,,,,N*53
1396207018775,$GPGGA,,,,,,0,,,,,,,,*66
1396207019589,$GPGSA,A,1,,,,,,,,,,,,,,,*1E
1396207019589,$GPVTG,,T,,M,,N,,K,N*2C
1396207019589,$GPRMC,,V,,,,,,,,,,N*53
1396207019589,$GPGGA,,,,,,0,,,,,,,,*66
1396207019775,$GPGSV,5,1,19,14,28,113,,16,21,196,,20,37,286,,23,16,303,*7F
1396207019775,$GPGSV,5,2,19,25,21,043,,29,16,080,,31,71,019,,32,52,230,*7A
1396207019776,$GPGSV,5,3,19,74,12,047,,66,48,314,,77,00,000,,76,47,260,*78
1396207019776,$GPGSV,5,4,19,75,59,015,,65,63,196,,84,11,059,,83,04,011,*7D
1396207019776,$GPGSV,5,5,19,85,03,102,,67,00,000,,72,14,164,*4E
1396207019777,$GPGSA,A,1,,,,,,,,,,,,,,,*1E
1396207019777,$GPVTG,,T,,M,,N,,K,N*2C
1396207019777,$GPRMC,,V,,,,,,,,,,N*53
1396207019777,$GPGGA,,,,,,0,,,,,,,,*66
1396207020589,$GPGSA,A,1,,,,,,,,,,,,,,,*1E
1396207020589,$GPVTG,,T,,M,,N,,K,N*2C
1396207020589,$GPRMC,,V,,,,,,,,,,N*53
1396207020590,$GPGGA,,,,,,0,,,,,,,,*66
1396207020774,$GPGSV,5,1,19,14,28,113,,16,21,196,,20,37,286,,23,16,303,*7F
1396207020774,$GPGSV,5,2,19,25,21,043,,29,16,080,,31,71,019,,32,52,230,*7A
1396207020774,$GPGSV,5,3,19,74,12,047,,66,48,314,,77,00,000,,76,47,260,*78
1396207020775,$GPGSV,5,4,19,75,59,015,,65,63,196,,84,11,059,,83,04,011,*7D
1396207020776,$GPGSV,5,5,19,85,03,102,,67,00,000,,72,14,164,*4E
1396207020776,$GPGSA,A,1,,,,,,,,,,,,,,,*1E
1396207020776,$GPVTG,,T,,M,,N,,K,N*2C
1396207020776,$GPRMC,,V,,,,,,,,,,N*53
1396207020777,$GPGGA,,,,,,0,,,,,,,,*66
1396207021589,$GPGSA,A,1,,,,,,,,,,,,,,,*1E
1396207021589,$GPVTG,,T,,M,,N,,K,N*2C
1396207021590,$GPRMC,,V,,,,,,,,,,N*53
1396207021590,$GPGGA,,,,,,0,,,,,,,,*66
1396207021774,$GPGSV,5,1,19,14,28,113,,16,21,196,,20,37,286,,23,16,303,*7F
1396207021774,$GPGSV,5,2,19,25,21,043,,29,16,080,,31,71,019,,32,52,230,*7A
1396207021775,$GPGSV,5,3,19,74,12,047,,66,48,314,,77,00,000,,76,47,260,*78
1396207021775,$GPGSV,5,4,19,75,59,015,,65,63,196,,84,11,059,,83,04,011,*7D
1396207021776,$GPGSV,5,5,19,85,03,102,,67,00,000,,72,14,164,*4E
1396207021779,$GPGSA,A,1,,,,,,,,,,,,,,,*1E
1396207021780,$GPVTG,,T,,M,,N,,K,N*2C
1396207021780,$GPRMC,,V,,,,,,,,,,N*53
1396207021780,$GPGGA,,,,,,0,,,,,,,,*66
1396207022589,$GPGSA,A,1,,,,,,,,,,,,,,,*1E
1396207022590,$GPVTG,,T,,M,,N,,K,N*2C
1396207022590,$GPRMC,,V,,,,,,,,,,N*53
1396207022590,$GPGGA,,,,,,0,,,,,,,,*66
1396207022774,$GPGSV,5,1,19,14,28,113,,16,21,196,,20,37,286,,23,16,303,*7F
1396207022774,$GPGSV,5,2,19,25,21,043,,29,16,080,,31,71,019,,32,52,230,*7A
1396207022775,$GPGSV,5,3,19,74,12,047,,66,48,314,,77,00,000,,76,47,260,*78
1396207022775,$GPGSV,5,4,19,75,59,015,,65,63,196,,84,11,059,,83,04,011,*7D
1396207022775,$GPGSV,5,5,19,85,03,102,,67,00,000,,72,14,164,*4E
1396207022775,$GPGSA,A,1,,,,,,,,,,,,,,,*1E
1396207022775,$GPVTG,,T,,M,,N,,K,N*2C
1396207022776,$GPRMC,,V,,,,,,,,,,N*53
1396207022776,$GPGGA,,,,,,0,,,,,,,,*66
1396207023589,$GPGSA,A,1,,,,,,,,,,,,,,,*1E
1396207023590,$GPVTG,,T,,M,,N,,K,N*2C
1396207023590,$GPRMC,,V,,,,,,,,,,N*53
1396207023591,$GPGGA,,,,,,0,,,,,,,,*66
1396207023774,$GPGSV,5,1,19,14,28,113,,16,21,196,,20,37,286,,23,16,303,*7F
1396207023776,$GPGSV,5,2,19,25,21,043,,29,16,080,,31,71,019,,32,52,230,*7A
1396207023776,$GPGSV,5,3,19,74,12,047,,66,48,314,,77,00,000,,76,47,260,*78
1396207023776,$GPGSV,5,4,19,75,59,015,,65,63,196,,84,11,059,,83,04,011,*7D
1396207023777,$GPGSV,5,5,19,85,03,102,,67,00,000,,72,14,164,*4E
1396207023777,$GPGSA,A,1,,,,,,,,,,,,,,,*1E
1396207023777,$GPVTG,,T,,M,,N,,K,N*2C
1396207023777,$GPRMC,,V,,,,,,,,,,N*53
1396207023777,$GPGGA,,,,,,0,,,,,,,,*66
1396207024589,$GPGSA,A,1,,,,,,,,,,,,,,,*1E
1396207024590,$GPVTG,,T,,M,,N,,K,N*2C
1396207024590,$GPRMC,,V,,,,,,,,,,N*53
1396207024590,$GPGGA,,,,,,0,,,,,,,,*66
1396207024775,$GPGSV,5,1,19,14,28,113,,16,21,196,,20,37,286,,23,16,303,*7F
1396207024775,$GPGSV,5,2,19,25,21,043,,29,16,080,,31,71,019,,32,52,230,*7A
1396207024776,$GPGSV,5,3,19,74,12,047,,66,48,314,,77,00,000,,76,47,260,*78
1396207024776,$GPGSV,5,4,19,75,59,015,,65,63,196,,84,11,059,,83,04,011,*7D
1396207024777,$GPGSV,5,5,19,85,03,102,,67,00,000,,72,14,164,*4E
1396207024777,$GPGSA,A,1,,,,,,,,,,,,,,,*1E
1396207024778,$GPVTG,,T,,M,,N,,K,N*2C
1396207024783,$GPRMC,,V,,,,,,,,,,N*53
1396207024784,$GPGGA,,,,,,0,,,,,,,,*66
