1024624908448,3,9.277258,0.45430526,1.156046,
1024634765626,3,9.445059,0.3632945,1.0202783,
1024644775391,3,9.590406,0.62569886,1.3129197,
1024654785157,3,9.652977,0.6873706,1.3027409,
1024664794923,3,9.679471,0.6342311,1.3882132,
1024674835206,3,9.5109215,0.5822891,1.3621674,
1024684844971,3,9.61286,0.59276736,1.3715978,
1024694854737,3,9.6175,0.71162015,1.3784834,
1024705047608,3,9.594149,0.6116281,1.5163467,
1024715087891,3,9.573642,0.4867877,1.1422746,
1024725097657,3,9.740395,0.55833894,1.2240046,
1024735107423,3,9.619147,0.5014572,1.2792398,
1024745147706,3,9.47799,0.54606444,1.0946736,
1024755157471,3,9.538165,0.5545967,1.1722124,
1024765197755,3,9.534423,0.51837206,1.1005114,
1024775177003,3,9.456884,0.536185,1.1532019,
1024785217286,3,9.391022,0.4273613,1.095422,
1024795227051,3,9.504036,0.581391,1.1099418,
1024805267335,3,9.470506,0.38634658,1.153651,
1024815246583,3,9.610914,0.56657183,1.192121,
1024825286866,3,9.460477,0.37916154,1.3142669,
1024835327149,3,9.634116,0.44367737,1.1888279,
1024845336915,3,9.480984,0.4379892,1.2475058,
1024855346680,3,9.417965,0.5195696,1.2395723,
1024865386964,3,9.679471,0.5490582,1.3530364,
1024875366212,3,9.60343,0.45804748,1.377735,
1024885406495,3,9.483829,0.43020537,1.4453943,
1024895446778,3,9.542656,0.4460724,1.6119978,
1024905456544,3,9.571246,0.56941587,1.6862434,
1024915466309,3,9.561816,0.59441394,1.6058606,
1024925476075,3,9.578581,0.63213545,1.4494358,
1024935485841,3,9.349258,0.5005591,1.281036,
1024945526124,3,9.517209,0.50519943,1.3808784,
1024955535889,3,9.5914545,0.5420229,1.1919713,
1024965545655,3,9.623039,0.56312895,1.1939173,
1024975585938,3,9.491163,0.5553452,1.1403286,
1024985595704,3,9.568851,0.6044431,1.1249107,
1024995605469,3,9.469309,0.52076703,1.1413765,
1025005615235,3,9.600137,0.3793112,1.2109817,
1025015655518,3,9.3911705,0.51687515,1.3539345,
1025025665284,3,9.317075,0.48873368,1.3045372,
1025035705567,3,9.541458,0.5176236,1.2657678,
1025045715333,3,9.311088,0.49951127,1.3907579,
1025055755616,3,9.450897,0.6556366,1.3901591,
1025065765382,3,9.541159,0.5252577,1.2460089,
1025075775147,3,9.607771,0.76221496,1.146915,
1025085815430,3,9.604328,0.83122146,1.1123369,
1025095825196,3,9.513916,0.70967424,1.2611275,
1025105834962,3,9.582772,0.73841447,1.2960049,
1025115844727,3,9.633368,0.6065387,1.3019925,
1025125854493,3,9.407786,0.42406815,1.2591815,
1025135894776,3,9.721983,0.35775605,1.2915143,
1025145935059,3,9.542955,0.599653,1.325344,
1025155914307,3,9.541159,0.40011796,1.2666659,
1025165954591,3,9.467961,0.57794815,1.3263917,
1025175994874,3,9.701177,0.594863,1.4473403,
1025185974122,3,9.402248,0.49023056,1.4121634,
1025196014405,3,9.425,0.66821045,1.4771283,
1025206024171,3,9.621841,0.5495073,1.1856843,
1025216033936,3,9.467362,0.6450087,1.4903009,
1025226043702,3,9.427995,0.6688092,1.4635066,
1025236083985,3,9.57888,0.6828799,1.4365627,
1025246093751,3,9.542806,0.55669236,1.4503341,
1025256134034,3,9.661509,0.7336244,1.4401551,
1025266143800,3,9.503587,0.6126759,1.3278886,
1025276153565,3,9.623188,0.69096315,1.3636643,
1025286193848,3,9.482481,0.6215076,1.3653108,
1025296203614,3,9.561966,0.58618104,1.1912228,
1025306213380,3,9.548493,0.50265473,1.3680053,
1025316223145,3,9.552086,0.5783972,1.2020004,
1025326232911,3,9.599538,0.42930725,1.2503499,
1025336273194,3,9.707164,0.4761598,1.3793815,
1025346282960,3,9.5616665,0.5041516,1.221909,
1025356292725,3,9.548493,0.61507094,1.1587404,
1025366333008,3,9.565109,0.5771997,1.4266832,
1025376342774,3,9.408834,0.6700067,1.4218931,
1025386352540,3,9.461824,0.5065466,1.3313315,
1025396392823,3,9.421258,0.481848,1.2669654,
1025406402589,3,9.425899,0.5322931,1.3006454,
1025416412354,3,9.51646,0.4830455,1.3451028,
1025426452637,3,9.544153,0.637674,1.3644127,
1025436462403,3,9.547746,0.52450925,1.2406201,
1025446472169,3,9.687554,0.5192702,1.4326707,
1025456512452,3,9.674682,0.45235932,1.3319303,
1025466522217,3,9.594448,0.45355684,1.213227,
1025476531983,3,9.670341,0.6126759,1.2314891,
1025486572266,3,9.590107,0.60070086,1.3226495,
1025496582032,3,9.597142,0.5034032,1.3461506,
1025506591798,3,9.560768,0.54187316,1.147364,
1025516632081,3,9.645193,0.4511618,1.2478051,
1025526641846,3,9.578133,0.49008086,1.2566369,
1025536651612,3,9.566457,0.41224274,1.3495935,
1025546661378,3,9.494905,0.3980223,1.3409115,
1025556671143,3,9.706565,0.38440064,1.2567865,
1025566711426,3,9.615405,0.4074527,1.3840219,
1025576721192,3,9.45419,0.2880011,1.4757811,
1025586730958,3,9.6898,0.32557297,1.4670992,
1025596771241,3,9.685459,0.5379813,1.2539424,
1025606811524,3,9.491762,0.41448808,1.3730947,
1025616790772,3,9.568851,0.42167312,1.2904664,
1025626800538,3,9.626183,0.46508285,1.3747412,
1025636840821,3,9.491313,0.42406815,1.3958473,
1025646850587,3,9.472153,0.38125718,1.1904744,
1025656860352,3,9.438922,0.4867877,1.299298,
1025666870118,3,9.493408,0.46164,1.3042378,
1025676910401,3,9.573193,0.44756928,1.5087126,
1025686920167,3,9.561966,0.42960662,1.3546829,
1025696929932,3,9.481882,0.53858,1.3239968,
1025706970216,3,9.3856325,0.47690827,1.225801,
1025716979981,3,9.47799,0.37077895,1.1482621,
1025726989747,3,9.374705,0.45849654,1.1081456,
1025737030030,3,9.249565,0.30985564,1.2094848,
1025747039796,3,9.284742,0.5954617,1.1044034,
1025757049561,3,9.395961,0.48379394,1.2500505,
1025767089844,3,9.605375,0.504451,1.2395723,
1025777099610,3,9.3289,0.38934037,1.4476396,
1025787109376,3,9.378597,0.50235534,1.2487034,
1025797149659,3,9.490564,0.5783972,1.2933105,
1025807189942,3,9.418414,0.49157774,1.2630734,
1025817199708,3,9.623487,0.5177733,1.281036,
1025827209473,3,9.4739485,0.58558226,1.4775773,
1025837219239,3,9.531579,0.5134323,1.2093352,
1025847259522,3,9.448202,0.529449,1.2635225,
1025857269288,3,9.644295,0.48080018,1.3971945,
1025867279053,3,9.416768,0.43993515,1.5000306,
1025877288819,3,9.421408,0.4701723,1.4983841,
1025887329102,3,9.542057,0.6069878,1.5069164,
1025897338868,3,9.461525,0.58977354,1.4235398,
1025907379151,3,9.417068,0.55235136,1.4003379,
1025917388917,3,9.602082,0.651595,1.3497432,
1025927368165,3,9.507329,0.54875886,1.282982,
1025937408448,3,9.6598625,0.524659,1.4003379,
1025947448731,3,9.647588,0.49337402,1.4400055,
1025957458497,3,9.462124,0.5349875,1.284928,
1025967498780,3,9.595496,0.58213943,1.4024336,
1025977478028,3,9.423204,0.30476624,1.3434563,
1025987518311,3,9.602382,0.592917,1.3040881,
1025997528077,3,9.629925,0.45999345,1.3624667,
1026007537842,3,9.435479,0.6065387,1.1674223,
1026017547608,3,9.402846,0.5402266,1.3561798,
1026027557374,3,9.571246,0.4899312,1.2874727,
1026037597657,3,9.587712,0.57136184,1.3681549,
1026047607423,3,9.556128,0.5084926,1.3611195,
1026057647706,3,9.601933,0.608784,1.3307327,
1026067657471,3,9.737401,0.49307466,1.3271402,
1026077667237,3,9.496402,0.5113367,1.3033397,
1026087707520,3,9.582024,0.49277526,1.205593,
1026097717286,3,9.536519,0.5391788,1.3042378,
1026107757569,3,9.56451,0.5866301,1.3624667,
1026117767335,3,9.752819,0.55654263,1.4489868,
1026127777100,3,9.55508,0.5272037,1.5088623,
1026137786866,3,9.518107,0.6676117,1.257984,
1026147796632,3,9.380842,0.4763095,1.3367202,
1026157836915,3,9.540112,0.53843033,1.3102254,
1026167877198,3,9.498049,0.43170226,1.3992902,
1026177886964,3,9.435928,0.5493576,1.2292438,
1026187896729,3,9.402996,0.5204677,1.2795392,
1026197906495,3,9.478739,0.40296203,1.3334271,
1026207946778,3,9.488768,0.3608995,1.404679,
1026217956544,3,9.4419155,0.4128415,1.2876223,
1026227966309,3,9.409733,0.36793488,1.3316308,
1026237976075,3,9.341475,0.44741958,1.3530364,
1026248016358,3,9.43518,0.47047165,1.250799,
1026258026124,3,9.572743,0.44367737,1.3965957,
1026268035889,3,9.432934,0.34997222,1.2398716,
1026278076173,3,9.540411,0.37571868,1.2799883,
1026288085938,3,9.414223,0.41344026,1.3850697,
1026298095704,3,9.597591,0.481848,1.26951,
1026308135987,3,9.5931015,0.56462586,1.4618601,
1026318145753,3,9.429491,0.52540743,1.3138179,
1026328155518,3,9.589658,0.25701553,1.375789,
1026338195801,3,9.659413,0.40146515,1.309926,
1026348205567,3,9.641151,0.5480104,1.3434563,
1026358215333,3,9.539213,0.39772293,1.3837225,
1026368225098,3,9.517359,0.5412744,1.3060341,
1026378265382,3,9.430389,0.2748285,1.3281881,
1026388275147,3,9.65642,0.35506165,1.1701168,
1026398284913,3,9.486223,0.34578094,1.3090279,
1026408325196,3,9.416019,0.40131545,1.345552,
1026418334962,3,9.578281,0.38020936,1.3148657,
1026428344727,3,9.551488,0.39218444,1.1996055,
1026438354493,3,9.455537,0.4894821,1.2072395,
1026448394776,3,9.451046,0.4552034,1.1838881,
1026458404542,3,9.410031,0.39353165,1.344055,
1026468414307,3,9.522148,0.3475772,1.2482543,
1026478454591,3,9.49715,0.48094985,1.1663746,
1026488494874,3,9.459429,0.45490402,1.2937596,
1026498504639,3,9.447005,0.556842,1.3232483,
1026508514405,3,9.476494,0.53139496,1.3268409,
1026518341065,3,9.508078,0.52600616,1.4754817,
1026528381348,3,9.582623,0.63108766,1.2801379,
1026538391114,3,9.411828,0.57570285,1.2904664,
1026548400880,3,9.625434,0.56881714,1.2888199,
1026558441163,3,9.465417,0.45250902,1.3832735,
1026568603516,3,9.5246935,0.3332071,1.1919713,
1026578613282,3,9.243578,0.29758117,1.2434642,
1026588653565,3,9.363928,0.42915756,1.4328204,
1026598693848,3,9.373807,0.5062473,1.2178674,
1026608703614,3,9.402248,0.4022136,1.4681469,
1026618682862,3,9.317524,0.45774812,1.3593233,
1026628723145,3,9.597442,0.52256334,1.3413606,
1026638763428,3,9.3437195,0.49337402,1.4545254,
1026648773194,3,9.602981,0.52855086,1.2662169,
1026658782960,3,9.481583,0.4764592,1.3994398,
1026668792725,3,9.639355,0.4288582,1.3433065,
1026678833008,3,9.595047,0.45250902,1.3536351,
1026688842774,3,9.597292,0.36539018,1.3970448,
1026698852540,3,9.386681,0.5269043,1.429228,
1026708862305,3,9.49745,0.27632537,1.4843134,
1026718902589,3,9.560469,0.33156052,1.4697936,
1026728912354,3,9.625883,0.57914567,1.1723621,
1026738952637,3,9.592203,0.37332368,1.453178,
1026748962403,3,9.519753,0.38963974,1.3220508,
1026758972169,3,9.490564,0.45071274,1.2901671,
1026769012452,3,9.5452,0.4405339,1.3189073,
1026779022217,3,9.577833,0.44008484,1.2470567,
1026789031983,3,9.433084,0.43574387,1.2502002,
1026799072266,3,9.499546,0.4764592,1.153651,
1026809051514,3,9.479038,0.5041516,1.1900253,
1026819061280,3,9.465117,0.55265075,1.350791,
1026829132081,3,9.490265,0.45176056,1.3516891,
1026839111329,3,9.532328,0.39981857,1.287323,
1026849151612,3,9.373058,0.47481263,1.3681549,
1026859161378,3,9.587113,0.52121615,1.4751823,
1026869201661,3,9.573342,0.48259643,1.4434483,
1026879180909,3,9.673634,0.40116578,1.3581258,
1026889221192,3,9.499845,0.3608995,1.0210267,
1026899230958,3,9.442365,0.39981857,1.1193722,
1026909240723,3,9.360186,0.6445596,1.1240126,
1026919250489,3,9.549991,0.5484595,1.1478131,
1026929290772,3,9.470506,0.61058027,0.91235274,
1026939300538,3,9.451795,0.5167255,1.0111473,
1026949340821,3,9.494007,0.5295987,0.74919206,
1026959350587,3,9.549691,0.5324428,0.7111711,
1026969329835,3,9.4684105,0.7753876,0.72673875,
1026979370118,3,9.350755,0.7048842,0.6542894,
1026989227296,3,9.575288,0.78122544,0.65099627,
1026999267579,3,9.714648,0.780477,0.73467225,
1027009277344,3,9.596395,0.7481442,0.5987549,
1027019317628,3,9.500593,0.9358539,0.55160296,
1027029327393,3,9.745634,1.011297,0.65264285,
1027039520264,3,9.574091,0.99752563,0.547711,
1027049530030,3,9.755513,1.0913805,0.5471123,
1027059539796,3,9.619745,1.151705,0.2890489,
1027069580079,3,9.703871,1.2211605,0.03847,
1027079589844,3,9.828113,1.1362871,0.0742456,
1027089599610,3,9.840237,1.325793,-0.09400452,
1027099639893,3,9.847273,1.3817766,0.03158432,
1027109466553,3,9.744436,1.2639716,0.14280304,
1027119476319,3,9.653725,1.2650194,0.31778917,
1027129486085,3,9.632319,1.065185,0.49352372,
1027139495850,3,9.624835,0.9505234,0.6370752,
1027149536134,3,9.695488,0.891546,0.45011398,
1027159545899,3,9.51167,0.9403446,0.6328839,
1027169555665,3,9.473051,0.89109695,0.64351183,
1027179565430,3,9.428294,0.96833634,0.3902385,
1027189605714,3,9.583221,1.1955638,0.432301,
1027199615479,3,9.439819,1.0318043,0.42137375,
1027209655762,3,9.4805355,1.0952724,0.121996306,
1027219665528,3,9.387877,1.291664,0.1511856,
1027229675294,3,9.443711,1.0663824,0.019309845,
1027239685059,3,9.373208,0.93345886,-0.13950989,
1027249725342,3,9.2537565,0.8864566,0.04670288,
1027259735108,3,9.437574,0.7099736,-0.065114595,
1027269744874,3,9.585766,0.6288423,0.0823288,
1027279937745,3,9.396859,0.50040936,0.06975494,
1027289978028,3,9.50209,0.5653743,0.15732284,
1027299987794,3,9.429641,0.7382648,-0.021255799,
1027310028077,3,9.419762,0.4924759,0.015567627,
1027320037842,3,9.462422,0.5349875,0.083975375,
1027330047608,3,9.365424,0.5712122,-0.10642868,
1027340057374,3,9.427546,0.53858,-0.25926086,
1027350067139,3,9.488618,0.46403503,-0.21255799,
1027360107423,3,9.52155,0.37452117,-0.10508148,
1027370117188,3,9.583221,0.38335282,0.028889922,
1027380157471,3,9.72363,0.37077895,0.041463777,
1027390167237,3,9.773026,0.34233811,0.11091934,
1027400177003,3,9.68501,0.47211823,0.2775229,
1027410003663,3,9.803563,0.3210823,0.13471985,
1027420043946,3,9.776769,0.3915857,0.38185593,
1027430053712,3,9.764794,0.5517526,0.32871643,
1027440093995,3,9.951306,0.5312453,0.337099,
1027450073243,3,9.9061,0.6227051,0.5137317,
1027460083008,3,10.091115,0.45280838,0.6078859,
1027470123292,3,10.095306,0.63632673,0.5562433,
1027480133057,3,10.145003,0.7351213,0.3797603,
1027490142823,3,10.340796,0.7095245,0.17169297,
1027500152589,3,10.244546,0.79005706,0.17498611,
1027510192872,3,10.147697,0.5917195,0.044008482,
1027520233155,3,10.220596,0.6427634,0.12394226,
1027530242921,3,10.327174,0.74829394,0.41149428,
1027540222169,3,10.482552,0.875679,0.6611751,
1027550262452,3,10.485395,0.88166654,0.6297405,
1027560272217,3,10.360854,0.7421567,0.7659572,
1027570312501,3,10.316397,0.832419,0.5959108,
1027580322266,3,10.060729,0.7870633,0.4483177,
1027590332032,3,9.997261,0.42810974,0.2586621,
1027600372315,3,10.15129,0.6996451,0.19399658,
1027610412598,3,10.231374,0.87777466,0.14160553,
1027620391846,3,10.577005,1.2922627,-0.011226654,
1027630584717,3,10.702594,1.3201048,0.17947678,
1027640441895,3,10.431059,1.056952,0.4010161,
1027650482178,3,10.27658,0.91355026,0.5403763,
1027660491944,3,10.166259,0.87687653,0.72958285,
1027670501710,3,10.088121,0.8387059,1.0264156,
1027680511475,3,10.394085,1.0109977,1.5238311,
1027690521241,3,10.378069,0.7782317,1.9703526,
1027700561524,3,10.456955,0.5803432,2.15432,
1027710571290,3,10.260713,0.18217117,2.388583,
1027720581055,3,10.14186,0.15732284,2.223177,
1027730621339,3,9.616153,0.020657044,1.968257,
1027740631104,3,9.090896,0.09175918,1.4877563,
1027750640870,3,8.761281,0.101488955,0.99049026,
1027760650635,3,8.604258,0.2309697,0.4234694,
1027770690919,3,8.704399,0.36808455,0.22094055,
1027780700684,3,8.721912,0.57645124,0.18800904,
1027790740967,3,8.778645,0.66566575,0.3412903,
1027800750733,3,8.860824,0.71281767,0.4644841,
1027810791016,3,8.937764,0.6912625,0.7324269,
1027820800782,3,9.087603,0.57645124,1.0307565,
1027830841065,3,9.345965,0.50220567,1.1606864,
1027840820313,3,9.228909,0.4020639,1.3193564,
1027850860596,3,9.22786,0.17169297,1.0535092,
1027860870362,3,9.075028,-0.025896149,0.94453585,
1027870880128,3,9.093889,-0.2350113,1.0448272,
1027880920411,3,8.88193,-0.43828857,1.1978091,
1027890930176,3,9.022637,-0.5851332,1.3274395,
1027900939942,3,8.998986,-0.5252577,1.6473243,
1027910980225,3,9.06455,-0.7246431,1.3202546,
1027920989991,3,8.934321,-0.3941304,1.1955638,
1027931030274,3,8.981922,-0.27572662,1.1811937,
1027941040040,3,8.508905,-0.21659958,0.82358736,
1027951049805,3,8.330177,0.031284943,0.48888338,
1027961059571,3,8.188722,0.33096176,0.23695725,
1027971130372,3,8.023016,0.3318599,-0.07783814,
1027981292725,3,8.142318,0.26524842,-0.31165192,
1027991302491,3,8.147707,0.1181044,-0.5547464,
1028001129151,3,8.4641485,0.36284545,-0.5809419,
1028011138917,3,8.528066,0.17408799,-0.3715274,
1028021179200,3,8.806337,0.057929534,-0.123193815,
1028031219483,3,8.866363,0.09999207,-0.2255809,
1028041198731,3,8.978929,0.03742218,-0.09490265,
1028051208497,3,9.0076685,0.0086819455,-0.09101074,
1028061248780,3,8.841364,0.030985566,-0.024249572,
1028071289063,3,9.229358,-0.0044906614,0.18097366,
1028081298829,3,9.324559,0.04326004,0.20761825,
1028091308594,3,9.22801,0.09924362,0.15507752,
1028101318360,3,9.34821,-0.085172884,0.19998413,
1028111358643,3,9.426797,-0.06361771,0.24084915,
1028121337891,3,9.495055,-0.26899064,0.12663665,
1028131378174,3,9.5175085,-0.22258712,0.123493195,
1028141387940,3,9.71854,-0.08936416,0.0071850587,
1028151428223,3,9.768537,0.16630417,0.07274872,
1028161468507,3,9.661209,0.12858261,0.002694397,
1028171478272,3,9.974508,0.24294479,-4.4906617E-4,
1028181488038,3,9.943822,0.0676593,0.066012725,
1028191497803,3,10.04561,0.19070344,0.27542725,
1028201538087,3,9.839639,0.1791774,0.54097503,
1028211547852,3,10.077344,0.12484039,0.66506696,
1028221588135,3,10.393637,0.29219237,0.8943901,
1028231781007,3,10.618917,0.123642884,0.8770262,
1028241790772,3,12.317137,0.11585907,1.267564,
1028251617432,3,11.511811,-0.23291565,0.86190766,
1028261657716,3,10.971435,-0.1392105,0.7164102,
1028271636964,3,11.12292,0.19399658,0.23665787,
1028281707764,3,11.680211,0.41149428,-0.064964905,
1028291717530,3,12.118949,0.4816983,-0.41224274,
1028301727296,3,12.065959,0.31509477,-0.5249584,
1028311737061,3,12.289294,0.520318,-0.0291893,
1028321746827,3,12.110416,0.68677187,0.45804748,
1028331756592,3,11.381882,1.0255175,1.5235318,
1028341796876,3,10.821446,1.2109817,2.2605991,
1028351806641,3,10.649454,1.3292358,3.012785,
1028361846925,3,10.299632,1.4572197,3.1356792,
1028371856690,3,10.027647,1.3362712,3.1005025,
1028381866456,3,10.077494,1.2942086,2.5978477,
1028391906739,3,10.127041,1.25993,2.1661456,
1028401916505,3,10.176588,1.3379178,1.4667997,
1028411926270,3,9.944571,1.3286371,1.4172528,
1028421936036,3,9.751172,1.3281881,1.518143,
1028431976319,3,9.580827,1.3841716,1.9314336,
1028441986085,3,9.33429,1.5242802,2.2600002,
1028451995850,3,9.475595,1.6769627,2.4300468,
1028462005616,3,9.279952,1.4754817,2.6141639,
1028472015382,3,9.219478,1.4168037,2.2421873,
1028482086182,3,9.311237,1.5751745,1.9992425,
1028492095948,3,8.988658,1.5115567,1.6052618,
1028502105714,3,8.732989,1.319506,1.2560381,
1028512451173,3,8.759784,1.2870237,0.8270302,
1028522125245,3,8.3675995,1.1629317,0.89109695,
1028532165528,3,8.323741,1.1313473,0.8187973,
1028542358399,3,8.295898,1.0395882,0.9638457,
1028552398682,3,8.387059,0.938698,0.9210347,
1028562377930,3,8.264464,1.1317964,1.0072554,
1028572387696,3,7.80941,1.1665242,0.9596544,
1028582427979,3,7.5131764,1.140179,0.91863966,
1028592254639,3,7.110364,1.0765613,0.82867676,
1028602325440,3,7.0100727,1.0177336,0.72134995,
1028612335206,3,7.4010596,1.1505075,0.658331,
1028622314454,3,7.8040214,1.2811857,0.34143996,
1028632354737,3,8.078401,1.2422667,0.07753876,
1028642364503,3,8.237221,1.3328284,0.015867004,
1028652404786,3,8.390801,1.4015355,0.16989669,
1028662414551,3,8.754845,1.4283298,0.22647904,
1028672424317,3,8.741522,1.5865507,0.12588821,
1028682434083,3,8.882828,1.6798068,0.29533586,
1028692443848,3,9.05048,1.3766872,0.46238846,
1028702453614,3,9.056168,1.3391153,0.52376086,
1028712493897,3,9.314381,1.2985497,0.8190967,
1028722503663,3,9.354347,1.0967692,0.920885,
1028732513428,3,9.835597,0.9735754,1.0458751,
1028742553712,3,10.345885,0.69036436,0.9656419,
1028752563477,3,10.922037,0.53109556,0.7276369,
1028762573243,3,11.417357,0.40116578,1.0177336,
1028772583008,3,11.455229,0.42751098,0.88705534,
1028782592774,3,11.330238,0.45879593,0.8466394,
1028792602540,3,11.031909,0.40011796,0.77164537,
1028802642823,3,11.005264,0.55010605,1.0024654,
1028812683106,3,11.191177,0.83002394,0.6885681,
1028822723389,3,11.163186,1.0557545,0.8159532,
1028832733155,3,11.219918,1.3587245,0.8884026,
1028842742921,3,11.097772,1.6886384,0.8551717,
1028852752686,3,10.917995,1.753304,1.0729687,
1028862792969,3,10.761421,1.5069164,1.3088782,
1028872802735,3,10.517578,1.1795471,1.3692027,
1028882812501,3,10.489287,0.9515712,1.6301101,
1028892822266,3,10.438394,0.8851094,2.059118,
1028902862550,3,10.401719,0.5983058,2.2402413,
1028912872315,3,10.574161,0.11630814,2.49576,
1028922882081,3,10.642269,-0.16825013,2.4474106,
1028932891846,3,10.888357,-0.5297484,2.0796254,
1028942932130,3,10.628947,-0.7614665,1.9465522,
1028952941895,3,10.238409,-1.1591895,2.026486,
1028962982178,3,10.078542,-1.0226734,2.1676424,
1028972961426,3,10.137818,-0.7497908,2.866539,
1028983001710,3,9.927655,-0.19968475,3.1590307,
1028993011475,3,9.634266,-0.04101471,3.1789393,
1029003051759,3,9.087303,0.21570145,2.8595037,
1029013061524,3,8.842861,0.33949402,2.1395009,
1029023101807,3,8.844508,0.6912625,1.0033635,
1029033111573,3,8.625214,0.696801,0.6197113,
1029043121339,3,8.754845,0.68407744,0.24728577,
1029053131104,3,8.728499,0.5695656,-0.11181747,
1029063171387,3,8.662935,0.4460724,0.12753479,
1029073181153,3,8.707093,0.3028203,0.74919206,
1029083190919,3,8.595276,0.28321105,1.3046869,
1029093231202,3,8.467442,0.25656646,1.8184186,
1029103240967,3,8.145611,0.01871109,2.2140458,
1029113250733,3,8.027507,0.08307724,2.3569987,
1029123291016,3,7.7231894,-0.036524046,2.2088068,
1029133514405,3,7.640262,-0.01407074,1.6838484,
1029143310548,3,7.202273,0.07289841,1.4144087,
1029153350831,3,7.1733828,0.14355148,0.9505234,
1029163360596,3,7.1268296,0.08023316,0.40655458,
1029173370362,3,7.2343063,0.120349735,0.25027955,
1029183380128,3,7.364086,0.2920427,0.049696654,
1029193420411,3,7.701185,0.3106041,0.09834549,
1029203430176,3,7.8650947,0.30072463,0.03397934,
1029213409425,3,7.7457924,0.3606001,0.18366806,
1029223449708,3,7.9165874,0.6557863,0.3582051,
1029233459473,3,8.040679,0.5596861,0.45879593,
1029243530274,3,8.233329,0.8605605,0.6354286,
1029253509522,3,8.511002,0.97342575,0.7231462,
1029263519288,3,9.05482,0.97207856,0.4369414,
1029273559571,3,9.323063,1.0258168,0.28186387,
1029283569337,3,9.780511,0.89498883,-0.0047900393,
1029293579102,3,10.210118,0.8759784,-0.19010468,
1029303588868,3,10.2298765,0.737666,-0.0782872,
1029313629151,3,10.1189575,0.7762857,0.40865022,
1029323669434,3,10.251582,0.73078036,0.6632707,
1029333709717,3,10.562934,0.685724,1.1802956,
1029343719483,3,11.024574,0.74380326,1.6127462,
1029353729249,3,11.368259,0.7228468,1.8131795,
1029363739014,3,12.005634,0.6746471,1.9106269,
1029373779298,3,12.254267,0.5369334,1.8248552,
1029383789063,3,12.502301,0.37586838,1.7585431,
1029393798829,3,12.552447,0.359702,1.2952565,
1029403808594,3,12.610676,0.34608033,1.0912308,
1029413818360,3,13.000316,0.50235534,0.46687913,
1029423858643,3,13.237573,0.6752458,0.32617173,
1029433868409,3,13.020674,0.9821077,0.33694932,
1029443847657,3,12.658127,0.91235274,0.75023985,
1029453887940,3,12.168345,0.62315416,1.0617421,
1029463897706,3,12.128529,0.57106245,1.4480886,
1029473937989,3,12.2858515,0.38589752,1.801354,
1029483947755,3,12.213402,0.5236111,2.1874013,
1029493988038,3,11.937077,0.7234456,2.3665786,
1029503997803,3,11.244916,0.8057744,2.8349547,
1029514007569,3,10.398127,0.6956035,2.9446764,
1029524047852,3,9.810748,0.99363375,3.186274,
1029534057618,3,9.628877,0.99453187,3.0404773,
1029544097901,3,9.624685,1.0333012,2.7175987,
1029554107667,3,9.630972,1.0027647,2.0835173,
1029564086915,3,9.145382,0.8143066,1.6286132,
1029574127198,3,8.628357,0.6251001,1.379681,
1029584167481,3,8.129295,0.6807843,1.22625,
1029594146729,3,7.7106156,0.58019346,1.1418256,
1029604217530,3,7.485035,0.6056406,1.2819343,
1029614196778,3,7.442224,0.60040146,1.1313473,
1029624237061,3,7.5973015,0.75278455,1.2470567,
1029634429932,3,7.4667726,0.60294616,1.1126362,
1029644287110,3,7.306007,0.6218069,0.8764275,
1029654296876,3,6.898704,0.4034111,0.81161225,
1029664306641,3,6.600374,0.47062135,0.76131684,
1029674316407,3,6.442453,0.29518616,0.3225792,
1029684326173,3,6.310577,0.50864226,-0.06960525,
1029694335938,3,6.2550426,0.47556105,-0.23605911,
1029704345704,3,6.222261,0.60728717,-0.4673282,
1029714385987,3,6.437962,0.8132588,-0.4285588,
1029724426270,3,6.426436,0.83346677,-0.18591338,
1029734436036,3,6.509813,0.8625064,0.13696519,
1029744445801,3,6.73719,1.0873389,0.28096572,
1029754455567,3,6.93912,1.0075548,0.6207591,
1029764465333,3,7.7288775,1.19736,0.6041437,
1029774505616,3,8.375982,1.0361453,0.47870454,
1029784515382,3,9.063802,0.89768326,0.5439688,
1029794525147,3,9.759854,0.7858658,0.572709,
1029804534913,3,9.9661255,0.5420229,0.81700104,
1029814575196,3,9.964928,0.6038443,1.4754817,
1029824584962,3,9.975705,0.5099895,2.0219953,
1029834594727,3,10.201885,0.5056485,2.6427543,
1029844635010,3,10.702594,0.8150551,3.099305,
1029854675294,3,10.953622,1.2356803,2.993475,
1029864685059,3,11.216625,1.4572197,2.5478518,
1029874694825,3,11.3836775,1.6372952,1.8929635,
1029884704591,3,11.591296,1.6112494,1.1038046,
1029894744874,3,11.852503,1.549877,0.6544391,
1029904968262,3,11.800112,1.4072237,0.50040936,
1029914764405,3,12.057726,0.83511335,0.59441394,
1029924774171,3,12.663067,0.5465135,0.9491762,
1029934814454,3,13.183385,0.14624588,1.2320879,
1029944824219,3,13.110637,-0.11541,1.2795392,
1029954833985,3,13.027709,-0.3767665,1.557062,
1029964874268,3,12.907808,-0.7393126,1.7095948,
1029974884034,3,12.695848,-0.46149033,1.8929635,
1029984893800,3,12.1765785,-0.2228865,2.3185287,
1029994934083,3,11.498938,0.035326537,2.5059388,
1030004943848,3,10.543026,0.122445375,2.4436684,
1030014953614,3,10.058184,0.14160553,2.1483326,
1030024993897,3,9.524095,0.15328126,1.9154168,
1030035034180,3,9.084458,0.1300795,1.2702584,
1030045043946,3,8.967402,0.1526825,0.6514453,
1030055053712,3,8.566386,0.033380583,0.24668701,
1030065063477,3,8.453221,0.05583389,0.16989669,
1030075073243,3,8.200847,-0.13022919,0.11690689,
1030085083008,3,8.133337,-0.0291893,0.38095778,
1030095123292,3,7.9947248,0.16256195,0.71566176,
1030105133057,3,7.756121,0.3606001,1.2235556,
1030115173341,3,7.5645194,0.2665956,1.511407,
1030125183106,3,7.0395613,0.24279511,1.4838643,
1030135223389,3,6.903494,0.39862105,1.4503341,
1030145202637,3,6.6801586,0.40161484,1.1542497,
1030155242921,3,6.581663,0.4017645,0.94273955,
1030165252686,3,6.5942373,0.468376,0.6706055,
1030175262452,3,6.577622,0.42421782,0.6451584,
1030185272217,3,6.6629443,0.45220962,0.6978488,
1030195312501,3,6.914122,0.6664142,0.77553725,
1030205322266,3,6.8590364,0.6030958,0.99198717,
1030215332032,3,6.841523,0.38095778,1.1781999,
1030225341798,3,7.0837193,0.37062928,1.4385086,
1030235382081,3,7.4280033,0.4604425,1.5449373,
1030245391846,3,7.736362,0.41957748,1.5197896,
1030255432130,3,8.073162,0.5122348,1.5251784,
1030265441895,3,8.241262,0.6132747,1.6350499,
1030275451661,3,8.737181,0.51043856,1.3326787,
1030285461426,3,9.519005,0.51208514,1.2777429,
1030295501710,3,10.073302,0.5164261,1.1376343,
1030305511475,3,10.524614,0.5188211,1.1183244,
1030315521241,3,10.573413,0.78347075,1.3216017,
1030325561524,3,10.612182,0.7912546,1.7395326,
1030335571290,3,10.551558,1.223855,2.3243666,
1030345611573,3,10.215507,1.4696438,2.6093738,
1030355621339,3,10.400073,1.6121476,3.0611343,
1030365661622,3,10.5289545,1.5971787,3.0777497,
1030375640870,3,10.64676,1.2460089,2.8119025,
1030385681153,3,11.260633,0.81700104,2.1480331,
1030395690919,3,11.671679,0.23381378,1.1368859,
1030405700684,3,12.122841,-0.066162415,0.46253815,
1030415710450,3,13.218712,-0.13591737,-0.13621673,
1030425750733,3,14.011014,-0.055235136,-0.26704466,
1030435760499,3,14.550642,0.13546829,0.03861969,
1030445770264,3,14.222973,0.4324507,0.63752425,
1030455810548,3,13.850997,0.8288264,1.5402969,
1030465850831,3,12.70498,1.0794053,2.7473867,
1030475830079,3,12.357553,1.402733,3.3771272,
1030485870362,3,11.812535,1.6411872,3.5072067,
1030495880128,3,11.3853245,1.6845969,3.4164953,
1030505920411,3,11.0387945,1.7058526,3.0855336,
1030515930176,3,10.405761,1.5347584,2.556384,
1030525970460,3,10.234667,1.5334113,2.2201831,
1030535949708,3,10.243948,1.5097604,1.695075,
1030545989991,3,10.085278,1.5687377,1.5548167,
1030555999757,3,9.976903,1.6081059,1.2063414,
1030566040040,3,9.698781,1.6206797,0.72808594,
1030576049805,3,9.41078,1.560954,0.34263748,
1030586059571,3,8.825498,1.2958553,0.31823823,
1030596099854,3,8.6136875,1.0364447,-0.14295273,
1030606109620,3,8.221054,0.8352631,-0.20941453,
1030616119385,3,7.8612027,0.55295014,-0.18232086,
1030626129151,3,7.855215,0.3980223,-0.15747254,
1030636138917,3,7.799082,0.45744872,-0.038020935,
1030646179200,3,7.635322,0.6366261,-0.09265732,
1030656188966,3,7.137607,0.71790713,0.3713777,
1030666198731,3,6.970405,0.6979985,0.5519023,
1030676208497,3,6.5306196,0.7336244,0.95785815,
1030686248780,3,6.452183,0.7589218,1.2605287,
1030696258546,3,6.525979,0.9234297,1.3260924,
1030706268311,3,6.761589,1.0494676,1.4495856,
1030716308594,3,7.021898,1.2250525,1.4617103,
1030726348878,3,7.5004525,1.3771362,1.522484,
1030736358643,3,7.6666074,1.3239968,1.4543756,
1030746368409,3,7.893535,1.2678635,1.3587245,
1030756408692,3,8.002957,1.5188915,1.3413606,
1030766601563,3,8.046817,1.5563136,1.2008029,
1030776428223,3,7.936945,1.631158,1.0309062,
1030786437989,3,7.9791574,1.4841636,1.0102491,
1030796447755,3,8.33377,1.2557387,1.0092014,
1030806488038,3,8.898396,1.2109817,1.3123211,
1030816497803,3,9.382489,0.87552935,1.4596148,
1030826507569,3,10.073452,0.9912387,1.6256195,
1030836517335,3,10.350376,0.95351714,1.8955083,
1030846588135,3,10.54602,1.0485694,2.2112017,
1030856597901,3,10.664722,1.2121793,2.397714,
1030866607667,3,10.908865,1.1659255,2.3138883,
1030876617432,3,11.113639,1.1165282,1.9465522,
1030886627198,3,11.525133,1.0948234,1.6136444,
1030896636964,3,11.606415,0.6680608,0.746797,
1030906707764,3,11.519895,0.41613466,0.3713777,
1030916687012,3,11.629915,0.19594254,0.5454657,
1030926696778,3,12.000545,-0.121547244,1.0458751,
1030936737061,3,12.357253,-0.35131943,1.7676741,
1030946746827,3,12.855417,-0.7575746,2.9470716,
1030956756592,3,13.054653,-0.9611513,3.2530353,
1030966766358,3,13.025164,-1.1210189,3.0650263,
1030976806641,3,12.518468,-1.2144246,2.7681935,
1030986785889,3,11.9619255,-1.3112732,2.2427862,
1030996856690,3,11.056757,-1.4081218,1.773512,
1031006866456,3,10.673255,-1.1308982,2.1258793,
1031016876221,3,10.197544,-0.7655081,2.7077193,
1031026885987,3,9.638157,-0.4670288,2.6206005,
1031036926270,3,9.298364,-0.066162415,2.734813,
1031046936036,3,8.897797,-0.0025447083,2.3831942,
1031056945801,3,8.477172,0.060623933,2.0315752,
1031066955567,3,8.788823,0.11301498,1.1638298,
1031077026368,3,9.018296,-0.2136058,0.6056406,
1031087036134,3,9.278306,-0.5189708,0.055235136,
1031097015382,3,9.316177,-0.5932164,0.120050356,
1031107055665,3,9.257648,-0.6956035,0.4155359,
1031117095948,3,8.865764,-0.50669634,0.8440947,
1031127075196,3,8.531658,-0.30880782,1.2918136,
1031137084962,3,7.9420342,0.050744478,1.5576608,
1031147125245,3,7.6160126,0.13397141,1.7031583,
1031157409669,3,7.170988,0.2733316,1.4885046,
1031167144776,3,6.795718,0.34847534,1.0312057,
1031177185059,3,6.5397506,0.49172744,0.7908055,
1031187194825,3,6.274203,0.5715115,0.24653733,
1031197204591,3,6.199508,0.7708969,0.11825409,
1031207244874,3,6.1122394,0.9605525,-0.16510665,
1031217285157,3,6.2200155,1.0855426,-0.09430389,
1031227294923,3,6.371201,1.1020083,0.048798524,
1031237274171,3,6.726562,1.0660831,0.26180556,
1031247283936,3,6.906338,0.9699829,0.2974315,
1031257293702,3,7.043603,1.1246114,0.61507094,
1031267333985,3,7.2434373,1.3660593,0.859812,
1031277374268,3,7.4784484,1.2225078,1.2602293,
1031287384034,3,7.592511,1.2287947,1.3304334,
1031297424317,3,7.937394,1.1602373,1.3831238,
1031307434083,3,8.581205,0.95067304,1.1490107,
1031317443848,3,9.2087,0.891546,0.8693921,
1031327484132,3,9.970766,0.8092172,0.59411454,
1031337493897,3,10.270443,0.89798266,0.76640624,
1031347503663,3,10.55096,1.0095007,1.0538086,
1031357543946,3,10.507998,1.111289,1.527274,
1031367553712,3,10.47372,0.89244413,2.0758832,
1031377593995,3,10.588232,0.6652167,2.5743465,
1031387603760,3,11.335328,0.34518218,2.853067,
1031397613526,3,12.266242,0.0185614,2.537074,
1031407623292,3,12.818893,-0.46523255,1.7763561,
1031417633057,3,13.338912,-0.45954436,1.0596465,
1031427642823,3,13.552069,-0.23800507,0.2998265,
1031437683106,3,13.587844,0.066910855,-0.040565643,
1031447875977,3,13.563595,0.6593788,0.22752686,
1031457733155,3,13.364658,0.8307724,0.7129674,
1031467742921,3,12.697645,1.1633807,2.05328,
1031477752686,3,12.397968,1.187331,3.0032048,
1031487762452,3,12.128379,1.0767109,3.8447547,
1031497802735,3,12.038566,1.1231145,4.567302,
1031507812501,3,12.019256,1.0627899,4.893025,
1031517852784,3,11.814182,0.8901988,4.8565006,
1031527862550,3,11.808943,0.87148774,4.5536804,
1031537872315,3,11.628119,0.93091416,3.8281393,
1031547882081,3,11.331736,0.81101346,3.220553,
1031557922364,3,11.178305,0.932411,2.8592043,
1031567932130,3,10.592722,0.7250922,1.87066,
1031577941895,3,10.303524,0.601599,1.6467257,
1031587982178,3,9.870773,0.6905141,1.7675244,
1031597991944,3,9.438024,0.5999524,1.8892213,
1031608001710,3,8.917107,0.65608567,1.9119741,
1031618041993,3,8.265212,0.6822812,1.9151175,
1031628234864,3,7.873926,0.44697052,1.8250049,
1031638244630,3,7.2860985,0.36524048,1.7048049,
1031648071290,3,7.0310287,0.24953109,1.4154565,
1031658111573,3,6.8536477,0.33455428,0.98704743,
1031668121339,3,6.7358427,0.5083429,0.7222481,
1031678131104,3,6.5369062,0.5185217,0.59381515,
1031688140870,3,6.3321323,0.8092172,0.68467623,
1031698181153,3,6.0065594,0.88286406,0.5556445,
1031708190919,3,5.31859,0.99812436,0.6677614,
1031718200684,3,5.3126025,0.9991722,0.6752458,
1031728210450,3,5.039271,0.91744214,0.9012758,
1031738220216,3,5.4395385,0.80622345,0.97192883,
1031748260499,3,6.0363474,1.0741663,1.0225236,
1031758270264,3,7.0937486,1.2692107,1.207539,
1031768310548,3,7.611372,1.314716,0.9517209,
1031778320313,3,7.9146414,1.237327,0.873284,
1031788330079,3,8.059839,1.0466236,0.8137079,
1031798339844,3,8.668474,0.7325766,0.79799056,
1031808380128,3,9.255703,0.32467484,0.90696394,
1031818389893,3,9.854757,0.357307,1.0818003,
1031828430176,3,10.344688,0.36314484,1.7693207,
1031838409425,3,10.44468,0.432301,2.2246737,
1031848419190,3,10.22359,0.5752537,2.8111541,
1031858459473,3,10.174642,0.7515871,2.9693751,
1031868469239,3,10.131532,0.8952882,2.8777657,
1031878509522,3,10.363849,1.10605,2.3167324,
1031888549805,3,10.497071,0.9116043,1.7188755,
1031898559571,3,10.999876,0.5758525,1.1666739,
1031908569337,3,11.597283,0.42481658,1.1798465,
1031918609620,3,12.132271,0.4629872,1.6598983,
1031928619385,3,12.52251,0.28845015,2.5292902,
1031938629151,3,12.665163,-0.1194516,2.820884,
1031948638917,3,12.415931,-0.36194733,2.868934,
1031958679200,3,12.249477,-0.55803955,2.7527757,
1031968658448,3,12.018357,-0.77987826,2.4828868,
1031978729249,3,11.936777,-0.44397676,2.2339544,
1031988769532,3,12.018806,-0.28874955,2.1321661,
1031998748780,3,11.418555,0.24728577,2.1339624,
1032008758546,3,11.005863,0.5043013,2.0243902,
1032018798829,3,10.470876,0.7827223,1.9440074,
1032028808594,3,10.037677,0.911754,1.7553996,
1032038818360,3,9.748927,0.8833131,1.6262183,
1032048889161,3,9.516311,0.39607635,0.96668977,
1032058868409,3,9.406589,0.061821442,0.87178713,
1032068878174,3,9.496102,-0.44382706,0.58363634,
1032078918458,3,9.8463745,-0.6414162,0.744402,
1032088928223,3,9.868978,-0.8310718,0.94528425,
1032098937989,3,9.588461,-0.7990384,1.4727874,
1032108947755,3,9.330398,-0.89424044,1.7293538,
1032118988038,3,8.875643,-0.4514612,2.1733305,
1032128997803,3,8.379425,-0.24174729,2.219734,
1032139007569,3,7.8146496,-0.20207977,2.1315675,
1032149017335,3,7.3263645,-0.058228914,1.6780106,
1032159057618,3,6.9856734,-0.07529343,1.3045372,
1032169067383,3,6.5613055,-0.020207977,0.9066646,
1032179107667,3,6.3804817,0.2468367,0.5959108,
1032189117432,3,6.1313996,0.5107379,0.40954834,
1032199127198,3,5.8877063,0.66910857,0.36658767,
1032209136964,3,5.820496,0.7152127,0.4376898,
1032219146729,3,5.9011784,0.80757064,0.6474037,
1032229187012,3,6.027516,0.7924521,0.94303894,
1032239166260,3,6.493497,0.76161623,1.2018508,
1032249237061,3,6.7192273,0.70009416,1.1082953,
1032259216309,3,7.27577,0.40041733,1.3427079,
1032269256592,3,8.02601,0.42751098,1.1707155,
1032279296876,3,8.729397,0.74485105,1.0532098,
1032289306641,3,9.196127,0.89498883,1.006956,
1032299316407,3,9.566008,1.1190729,0.64351183,
1032309326173,3,9.529334,0.79828995,0.7041357,
1032319366456,3,9.796378,0.6351292,0.81670165,
1032329376221,3,9.965676,0.5351372,1.0153385,
1032339385987,3,10.371333,0.36703673,1.2868739,
1032349426270,3,10.493179,0.30341902,1.4949412,
1032359436036,3,10.832074,0.5499564,2.089505,
1032369445801,3,10.75738,0.6601273,2.422263,
1032379486085,3,10.979817,0.9425899,2.5300388,
1032389495850,3,11.039393,0.95127183,2.2511687,
1032399536134,3,11.289373,0.75817335,1.7266594,
1032409515382,3,11.56974,0.45265868,0.9713301,
1032419555665,3,12.16116,0.103135526,0.48274612,
1032429565430,3,13.054802,0.0676593,0.02799179,
1032439575196,3,13.702505,0.16914825,-0.029488677,
1032449615479,3,13.715079,0.7544311,0.33545244,
1032459625245,3,13.270654,0.99213684,1.38013,
1032469635010,3,12.787908,1.5298188,2.5421636,
1032479644776,3,11.856095,1.6235238,3.5892363,
1032489685059,3,11.641142,1.5310162,3.9169047,
1032499694825,3,11.394605,1.559008,3.8740938,
1032509735108,3,11.398347,1.6506175,3.420537,
1032519744874,3,11.321108,1.4549744,2.9931757,
1032529754639,3,11.001522,1.5362554,2.5800347,
1032539794923,3,11.132949,1.570085,2.098636,
1032549804688,3,10.939102,1.6211288,1.7432748,
1032559814454,3,10.891352,1.4771283,1.3977933,
1032569854737,3,10.57955,1.429677,1.1862831,
1032579864503,3,10.3264265,1.1846366,0.9077124,
1032589874268,3,10.1084795,1.2549902,0.75937086,
1032599884034,3,9.599538,1.137784,0.7997868,
1032609924317,3,9.234147,1.0871892,0.74365354,
1032619934083,3,8.823851,1.0139914,1.0377918,
1032629974366,3,8.271649,0.84065187,1.1072475,
1032639984132,3,7.839797,0.78751236,1.0674303,
1032649993897,3,7.33819,0.5119354,1.0461745,
1032660003663,3,7.138805,0.4261638,0.7442523,
1032670227051,3,6.699618,0.5986052,0.58198977,
1032680236817,3,6.498736,0.7268884,0.39173537,
1032690063477,3,6.0959234,0.5113367,0.3055147,
1032700073243,3,6.0257196,0.7250922,0.32946488,
1032710083008,3,5.9665923,0.75847274,0.32632142,
1032720092774,3,6.1508594,0.8267308,0.5885761,
1032730133057,3,6.0218277,1.0922786,0.6544391,
1032740142823,3,5.987998,1.1302996,0.9346564,
1032750152589,3,6.098169,1.1599379,1.2229569,
1032760223389,3,6.305338,1.3204042,1.3695021,
1032770202637,3,6.7879343,1.3837225,1.445095,
1032780212403,3,7.1629047,1.2663666,1.2379258,
1032790252686,3,7.857311,1.2328362,0.7831714,
1032800262452,3,8.534502,1.1431727,0.6053412,
1032810272217,3,9.004375,1.0659333,0.7518864,
1032820312501,3,9.421707,0.92687255,0.8446934,
1032830322266,3,9.752669,0.997825,1.2316388,
1032840332032,3,9.879905,1.0205777,1.7720151,
1032850341798,3,9.866283,0.8108638,2.2484744,
1032860382081,3,9.94951,0.6915619,2.6488917,
1032870391846,3,10.202784,0.82583266,2.893034,
1032880432130,3,10.653047,1.1931688,3.069966,
1032890472413,3,10.987901,1.11563,2.3728657,
1032900482178,3,11.166629,1.1915222,1.7946181,
1032910491944,3,11.71464,1.1090437,1.5076648,
1032920532227,3,12.088263,1.2148737,1.5804135,
1032930541993,3,12.591366,0.9725276,1.9384689,
1032940551759,3,12.891941,0.6430628,2.226021,
1032950531007,3,13.101505,0.45804748,2.6026378,
1032960571290,3,13.134886,-0.18905686,2.495311,
1032970581055,3,13.304034,-0.10717712,2.2366488,
1032980590821,3,12.836706,-0.78062665,1.9667602,
1032990631104,3,12.720548,-0.83316743,2.0445983,
1033000640870,3,12.37327,-0.7087761,2.5340803,
1033010650635,3,11.854149,-0.48379394,3.5500176,
1033020690919,3,11.380834,-0.15732284,4.235442,
1033030700684,3,10.793455,0.26629624,4.533772,
1033040740967,3,10.263257,0.58902514,4.3948607,
1033050750733,3,9.73785,0.52226394,3.4811609,
1033060760499,3,9.326506,0.40954834,2.7101142,
1033070800782,3,9.159153,0.25162673,1.6467257,
1033080810548,3,9.347162,-0.1619632,0.6215076,
1033090850831,3,9.596544,-0.37257522,0.29249176,
1033100860596,3,9.711355,-0.48544052,0.43215135,
1033110839844,3,9.452244,-0.6604266,0.6319858,
1033120880128,3,9.113499,-0.41912842,1.2669654,
1033130920411,3,8.42044,-0.18007553,1.8790425,
1033141174317,3,8.149802,-0.08307724,2.3909779,
1033150970460,3,7.5288935,-0.057031404,2.6146128,
1033160949708,3,7.255113,0.14415024,2.289489,
1033170989991,3,6.758745,0.314496,1.4338683,
1033180999757,3,6.570287,0.22138962,0.8244855,
1033191009522,3,6.413114,0.18920654,0.26315278,
1033201019288,3,5.963,0.49741563,-0.33470398,
1033211029053,3,5.8668995,0.7674541,-0.55579424,
1033221069337,3,5.856122,0.60998154,-0.3079097,
1033231079102,3,5.911507,0.5769003,-0.034129027,
1033241088868,3,6.3482985,0.508792,0.34173936,
1033251129151,3,6.622229,0.5550458,0.6408174,
1033261138917,3,6.8951116,0.5442682,0.839604,
1033271179200,3,7.436536,0.61686724,0.945434,
1033281188966,3,7.7862086,0.45041335,0.99333435,
1033291198731,3,8.376431,0.6297405,0.81924635,
1033301239014,3,8.625064,0.39502853,0.701591,
1033311248780,3,9.150472,0.36703673,0.51537824,
1033321289063,3,9.817635,0.47975236,0.30042526,
1033331268311,3,9.826915,0.64411056,0.29922774,
1033341278077,3,9.997111,0.7312294,0.20013382,
1033351318360,3,9.96852,0.5695656,0.24084915,
1033361328126,3,10.186467,0.5019063,0.7393126,
1033371368409,3,10.454559,0.7138655,1.1837384,
1033381378174,3,10.514285,1.0505154,1.3934523,
1033391418458,3,10.682535,1.0035132,2.2782624,
1033401428223,3,10.744058,0.7003935,2.1448896,
1033411437989,3,11.462863,0.54247195,1.9237994,
1033421447755,3,11.670181,0.1911525,1.6232245,
1033431488038,3,12.165801,0.10178833,1.0009685,
1033441497803,3,12.792847,-0.20118164,0.13367203,
1033451507569,3,13.247452,-0.11196716,-0.29758117,
1033461517335,3,13.644726,0.042661287,-0.35625917,
1033471527100,3,13.564193,0.37871248,0.02799179,
1033481567383,3,13.289515,0.60713744,0.8196954,
1033491577149,3,12.7305765,1.0024654,1.8970052,
1033501617432,3,12.289893,1.2400213,2.7659483,
1033511627198,3,11.841576,1.289718,3.3500335,
1033521667481,3,11.771521,1.5135026,3.4135015,
1033531677247,3,11.570489,1.5991246,3.3003368,
1033541687012,3,11.191477,1.6030165,2.979105,
1033551696778,3,10.950329,1.886976,2.3300545,
1033561706544,3,10.429562,1.8420694,1.8871257,
1033571746827,3,10.052945,2.057172,1.524879,
1033581787110,3,9.5969925,1.9359242,1.0630893,
1033591796876,3,9.459878,1.7281563,0.99872315,
1033601806641,3,9.298663,1.5208374,0.72269714,
1033611846925,3,9.013805,1.257535,0.7294331,
1033621826173,3,8.869506,0.8842113,0.9533675,
1033631835938,3,8.445737,0.5616321,1.0539583,
1033641876221,3,8.174651,0.48873368,1.1123369,
1033651885987,3,7.6890607,0.41867936,0.9644444,
1033661926270,3,7.397916,0.31644195,0.667462,
1033671936036,3,7.0964427,0.34832564,0.51822233,
1033681945801,3,6.775061,0.27662477,0.122145995,
1033692169190,3,6.3387184,0.27557695,0.14474899,
1033702178956,3,6.206843,0.24548951,-0.15088624,
1033712188721,3,5.8847127,0.40326142,-0.2377057,
1033722229005,3,6.01599,0.45774812,-0.27393037,
1033732055665,3,6.009104,0.6366261,-0.16810043,
1033742065430,3,6.1378365,0.5243596,0.008831634,
1033752075196,3,6.3975463,0.79005706,0.28575575,
1033762084962,3,6.3535376,0.86475176,0.45550278,
1033772155762,3,6.60741,0.99078965,0.7427554,
1033782135010,3,6.7782044,1.1427237,0.78406954,
1033792144776,3,7.3558536,1.373394,0.68916684,
1033802154542,3,7.8770695,1.3603711,0.49561936,
1033812194825,3,8.524773,1.1963123,0.3876938,
1033822204591,3,9.649085,0.91579556,0.2559677,
1033832244874,3,10.145902,0.7544311,0.4670288,
1033842254639,3,10.409653,0.69320846,0.64006895,
1033852264405,3,10.658436,0.43454635,1.1663746,
1033862304688,3,10.543026,0.34952316,1.6099021,
1033872314454,3,10.477462,0.51552796,2.2237756,
1033882324219,3,10.429262,0.69290906,2.3381379,
1033892333985,3,10.523716,1.2430152,2.2035677,
1033902343751,3,10.403516,1.3608202,1.8233583,
1033912445069,3,10.690319,1.1879296,1.5714322,
1033922393800,3,10.873388,1.1582913,1.5877483,
1033932434083,3,11.374248,1.3096266,1.8744022,
1033942474366,3,12.072545,1.0951227,2.5456064,
1033952453614,3,12.216545,0.71536237,2.7550209,
1033962493897,3,12.889696,0.18411712,2.8979735,
1033972503663,3,12.912149,-0.37796402,2.5864713,
1033982513428,3,12.915442,-0.6791377,2.2215302,
1033992523194,3,12.713363,-1.0071057,1.7230668,
1034002532960,3,12.527748,-1.1231145,1.7473165,
1034012573243,3,12.179572,-0.8425978,2.0989351,
1034022583008,3,11.875256,-0.51567763,2.3430777,
1034032623292,3,11.353889,-0.042661287,2.9627888,
1034042633057,3,10.985805,0.33395553,3.0494585,
1034052673341,3,10.39693,0.6544391,2.6556275,
1034062683106,3,9.928853,0.73586977,2.007625,
1034072692872,3,9.638456,0.62569886,1.1735595,
1034082702637,3,9.496102,0.31748977,0.298629,
1034092742921,3,9.336834,0.04101471,-0.39966887,
1034102752686,3,9.29522,-0.081430666,-0.7544311,
1034112762452,3,9.433084,-0.13232483,-0.5278024,
1034122802735,3,9.200617,-0.29803026,-0.28725266,
1034132812501,3,8.929831,-0.23905289,0.6183641,
1034142852784,3,8.594827,-0.25566834,1.2814851,
1034152862550,3,8.426726,-5.987549E-4,1.9076331,
1034162841798,3,7.913594,0.0068856813,2.1149518,
1034172912598,3,7.5803866,0.086819455,1.7675244,
1034182891846,3,7.1629047,0.11630814,1.3000466,
1034192901612,3,6.995253,0.24234603,0.61626846,
1034202941895,3,6.5210395,0.27408004,-0.13771363,
1034212982178,3,6.3743443,0.3356021,-0.44996428,
1034222961426,3,6.4213467,0.37077895,-0.5201683,
1034232971192,3,6.419251,0.45625123,-0.3450325,
1034243011475,3,6.5029273,0.4924759,-0.21435425,
1034253021241,3,6.7648826,0.45535308,0.50325346,
1034263031007,3,7.1488338,0.35910323,0.76655596,
1034273071290,3,7.4311466,0.55893767,1.165626,
1034283081055,3,7.6290355,0.5960605,1.2099339,
1034293090821,3,7.7585163,0.5869295,1.2786411,
1034303131104,3,8.33871,0.7521858,1.1678714,
1034313140870,3,8.784633,0.8866063,1.0594968,
1034323150635,3,9.248219,0.8111632,0.93196195,
1034333190919,3,9.574839,0.936752,0.84229845,
1034343200684,3,9.76195,0.87148774,0.49621812,
1034353210450,3,9.817933,0.7417076,0.3104544,
1034363250733,3,10.0698595,0.89259386,0.20073257,
1034373260499,3,10.599758,0.91250247,0.16555573,
1034383270264,3,10.535991,0.86609894,0.3595523,
1034393310548,3,10.85348,1.081052,1.0328522,
1034403320313,3,10.857372,1.0437795,1.6595988,
1034413360596,3,11.117681,1.0098001,2.1164489,
1034423370362,3,11.222163,0.8276289,2.5331821,
1034433380128,3,11.566597,0.7674541,2.0621119,
1034443389893,3,11.851305,0.55414766,1.0427316,
1034453430176,3,12.507391,0.28186387,0.40865022,
1034463439942,3,12.959002,0.30371842,-0.42257127,
1034473449708,3,13.207785,0.37362304,-0.5598358,
1034483459473,3,13.393398,0.7873627,-0.45430526,
1034493499757,3,12.93116,1.1635305,0.84484315,
1034503509522,3,12.580888,1.2969031,2.0013382,
1034513549805,3,12.27223,1.6063097,3.2458503,
1034523559571,3,12.019405,1.7495618,3.825894,
1034533569337,3,11.575429,1.6831,3.9707928,
1034543609620,3,11.385175,1.4498849,3.5003211,
1034553649903,3,11.417208,1.2606784,3.0570927,
1034563629151,3,11.1392355,1.2584331,2.3463707,
1034573699952,3,10.913506,1.2819343,1.961072,
1034583679200,3,10.526859,1.5024257,1.4078224,
1034593719483,3,10.233768,1.6093035,1.3199551,
1034603912354,3,10.071806,1.5432907,1.0364447,
1034613739014,3,9.857901,1.7809964,1.0620415,
1034623748780,3,9.437425,1.4910493,1.0481204,
1034633758546,3,8.945099,1.5507752,1.0475217,
1034643798829,3,8.4922905,1.3449532,0.85397416,
1034653808594,3,7.9833484,0.93765014,0.6451584,
1034663818360,3,7.484586,0.86729646,0.45056304,
1034673858643,3,6.8725085,0.9349558,0.32542327,
1034683868409,3,6.6958756,0.6584807,0.014370117,
1034693878174,3,6.307284,0.4287085,0.023650818,
1034704101563,3,6.334378,0.6093828,-0.119900666,
1034714111329,3,6.163583,0.6069878,-0.26629624,
1034724121094,3,6.01599,0.5661228,-0.26884094,
1034734161378,3,6.0887384,0.72539157,-0.13561799,
1034743988038,3,5.9588084,0.7219487,-0.183219,
1034753997803,3,6.0559564,0.84229845,0.17797989,
1034764007569,3,6.4604154,0.88436097,0.4870871,
1034774047852,3,6.588699,0.8991802,0.70772827,
1034784057618,3,6.9903135,1.0590477,0.9523196,
1034794097901,3,7.241042,1.0062076,1.1807446,
1034804107667,3,7.9276643,1.3004956,0.9461824,
1034814086915,3,8.163723,1.2967534,0.81924635,
1034824096680,3,8.342302,1.4837146,0.85427356,
1034834167481,3,8.651559,1.22146,0.70967424,
1034844177247,3,8.725954,1.2265494,0.86639833,
1034854156495,3,9.148675,0.88061875,1.0026151,
1034864196778,3,9.374556,0.40236327,1.2819343,
1034874206544,3,10.053693,0.4233197,1.7312998,
1034884216309,3,10.403216,0.5920189,1.9434086,
1034894287110,3,10.782678,0.7867639,1.9703526,
1034904510499,3,10.944341,1.0774595,1.9007474,
1034914276124,3,11.334579,1.3102254,1.6974701,
1034924316407,3,11.4687,1.4865587,1.389261,
1034934356690,3,11.646831,1.5376025,1.4287789,
1034944366456,3,11.749666,1.4132112,1.3940511,
1034954376221,3,11.732902,1.0461745,1.4697936,
1034964385987,3,12.08482,0.64006895,1.7335451,
1034974395753,3,13.023368,0.002095642,2.3864872,
1034984436036,3,13.357024,-0.12843293,2.812202,
1034994476319,3,13.505665,-0.7408095,3.0403275,
1035004455567,3,13.04163,-1.1280541,2.9133916,
1035014495850,3,12.628938,-1.2040961,2.9461734,
1035024536134,3,12.229269,-1.1838881,2.9627888,
1035034515382,3,11.957135,-0.77433974,3.2838712,
1035044555665,3,11.628569,-0.25027955,3.8534367,
1035054565430,3,11.155402,-0.12064911,3.9613624,
1035064605714,3,10.110126,0.30880782,3.669619,
1035074615479,3,10.010283,0.46403503,3.1422656,
1035084625245,3,9.50254,0.56597304,1.9848725,
1035094635010,3,9.197324,0.6652167,1.1725117,
1035104705811,3,9.06934,0.33230895,0.48124924,
1035114685059,3,9.097931,0.3318599,-0.122445375,
1035124847413,3,9.2625885,-0.024998017,-0.0040415954,
1035134735108,3,9.095984,0.08322693,0.58812696,
1035144744874,3,8.942104,-0.019309845,1.1982582,
1035154754639,3,8.606053,0.10927276,1.581162,
1035164794923,3,8.201445,0.25926086,2.233206,
1035174804688,3,8.092472,0.35865417,2.3126907,
1035184814454,3,7.2919364,0.43634263,1.9423609,
1035194824219,3,7.1667967,0.48933244,1.2478051,
1035204864503,3,6.806196,0.51118696,0.44622207,
1035214843751,3,6.484216,0.42182282,0.009131012,
1035224884034,3,6.3833256,0.5553452,-0.37646714,
1035234893800,3,6.335725,0.5141808,-0.41358992,
1035244934083,3,6.449638,0.58962387,-0.5078938,
1035254913331,3,6.4420037,0.5028044,0.014519806,
1035264953614,3,6.6609983,0.36553985,0.39996827,
1035274963380,3,6.7612896,0.3528163,0.58977354,
1035284973145,3,7.303612,0.5758525,0.68018556,
1035295013428,3,7.3908806,0.5258565,0.73601943,
1035305023194,3,7.8142004,0.49996033,0.7342232,
1035315063477,3,8.287366,0.52885026,0.6373746,
1035325073243,3,8.724158,0.7366182,0.7060817,
1035335083008,3,8.950936,0.54621416,0.6727011,
1035345245362,3,9.249415,0.55040544,0.68183213,
1035355163575,3,9.504036,0.4989125,0.6887178,
1035365142823,3,9.58891,0.43843827,0.51268387,
1035375183106,3,9.981993,0.34967285,0.32617173,
1035385192872,3,10.296787,0.20806733,0.27677444,
1035395202637,3,10.48764,0.29832962,0.24429199,
1035405242921,3,10.846893,0.54322034,0.35251695,
1035415252686,3,11.026819,0.5201683,0.58109164,
1035425262452,3,11.095377,0.62225604,1.1099418,
1035435302735,3,11.201806,0.6505472,1.4760804,
1035445343018,3,11.587105,0.5658234,1.4328204,
1035455322266,3,12.078083,0.28889924,1.1707155,
1035465362550,3,12.556489,0.33635056,0.8532257,
1035475402833,3,13.010794,0.14923966,0.13546829,
1035485382081,3,13.240267,0.17079483,-0.17723145,
1035495391846,3,13.373489,0.46418473,-0.28830048,
1035505401612,3,13.422587,0.7830217,0.09131012,
1035515441895,3,13.145364,1.0277628,0.8764275,
1035525482178,3,12.668007,1.3918058,2.5683591,
1035535461426,3,12.233311,1.3245955,3.5452278,
1035545501710,3,11.733799,1.4763799,4.0805144,
1035555511475,3,11.818224,1.3672568,4.0751257,
1035565643311,3,11.65656,1.499881,3.821104,
1035575561524,3,11.262131,1.4587166,3.2287858,
1035585571290,3,10.854677,1.7857864,2.586621,
1035595611573,3,10.369237,1.7449214,1.5420932,
1035605621339,3,9.959839,1.88503,1.2229569,
1035615631104,3,9.64639,1.8613793,0.909359,
1035625671387,3,9.3116865,1.7613872,0.81535447,
1035635681153,3,9.306896,1.5631993,0.73572004,
1035645721436,3,9.123977,1.2014017,0.8782237,
1035655700684,3,9.05961,0.92462724,0.7731422,
1035665740967,3,8.551268,0.6237529,0.9789642,
1035675750733,3,8.315059,0.33455428,0.9906399,
1035685760499,3,8.048163,0.43095383,1.1416758,
1035695800782,3,7.6597214,0.26973906,1.1292517,
1035705810548,3,7.413783,0.1871109,1.1008109,
1035715850831,3,7.1229377,0.19190094,0.71027297,
1035725830079,3,6.610703,0.1685495,0.44712022,
1035735870362,3,6.25609,0.54786074,0.28874955,
1035745880128,3,6.069728,0.49666718,0.025596771,
1035755920411,3,5.891299,0.7759863,-0.055384826,
1035765930176,3,5.83786,0.7200028,0.02694397,
1035775970460,3,5.674101,0.8464897,-0.08966354,
1035786163331,3,6.083649,1.060844,0.20597167,
1035795989991,3,6.188581,1.0062076,0.4044589,
1035805999757,3,6.853498,1.1843371,0.65234345,
1035816040040,3,7.155121,1.1946657,0.8659493,
1035826049805,3,7.2937326,1.2554393,0.86071014,
1035836029053,3,7.7237883,1.44749,0.7099736,
1035846069337,3,7.7694435,1.5766712,0.5502557,
1035856079102,3,8.360564,1.4385086,0.25042924,
1035866088868,3,8.714727,1.1461666,0.3570076,
1035876129151,3,9.629775,0.8640033,0.7382648,
1035886138917,3,10.022558,0.60803556,1.06758,
1035896179200,3,10.541529,0.44128236,1.6654367,
1035906188966,3,10.827884,0.61222684,2.396217,
1035916168214,3,10.940001,0.7662566,2.5912614,
1035926239014,3,10.895692,1.2484039,2.3336473,
1035936248780,3,10.571017,1.3180091,1.6142431,
1035946258546,3,10.642119,1.3943504,0.8370593,
1035956329346,3,10.950778,1.4280304,0.1540297,
1035966308594,3,11.491753,1.4618601,0.21929398,
1035976318360,3,11.897409,1.4763799,0.99213684,
1035986358643,3,12.255764,1.1996055,1.8082397,
1035996368409,3,12.521761,0.8643027,2.9940739,
1036006378174,3,12.729678,0.45535308,3.5217266,
1036016387940,3,12.885505,-0.23875351,3.3334181,
1036026397706,3,12.950768,-0.78466827,2.76984,
1036036407471,3,12.78162,-1.1129357,2.4900718,
1036046447755,3,12.240645,-1.0871892,2.0944445,
1036056457520,3,12.000694,-1.0924283,2.2977219,
1036066497803,3,11.841276,-0.8497829,2.8424392,
1036076507569,3,11.500585,-0.4472699,3.353626,
1036086547852,3,10.803334,-0.1857637,3.4158967,
1036096557618,3,9.876612,0.07574249,2.7866051,
1036106567383,3,9.472752,0.14370117,2.1534219,
1036116577149,3,9.307944,-0.08741821,0.9116043,
1036126617432,3,9.158405,-0.27662477,-0.023052063,
1036136627198,3,9.19448,-0.42511597,-0.26180556,
1036146667481,3,9.426198,-0.56746995,-0.45789778,
1036156677247,3,9.342223,-0.41703278,-0.26045838,
1036166687012,3,9.185798,-0.45310774,0.7075786,
1036176696778,3,8.922646,-0.19669098,1.3220508,
1036186737061,3,8.287067,0.14834152,2.11585,
1036196746827,3,7.8276725,0.585732,2.2363496,
1036206787110,3,7.357051,0.5090913,1.9688557,
1036216766358,3,6.7999096,0.5959108,1.3415103,
1036226959229,3,6.5786695,0.61282563,0.93854827,
1036236816407,3,6.503825,0.69320846,0.24698639,
1036246826173,3,6.3068347,0.75712556,-0.25162673,
1036257019044,3,6.291417,0.53648436,-0.44442582,
1036266845704,3,6.406827,0.64665526,-0.053438872,
1036276855469,3,6.470145,0.4087999,0.23336472,
1036286895753,3,6.602021,0.5483098,0.8228389,
1036296966553,3,6.9844756,0.2838098,1.1210189,
1036306945801,3,7.171886,0.40924895,1.3841716,
1036316955567,3,7.331155,0.42796004,1.3124707,
1036327056885,3,7.628736,0.42227188,1.2037967,
1036337005616,3,8.220904,0.6478528,0.9621991,
1036347045899,3,8.663085,0.5980064,0.8478369,
1036357055665,3,9.227411,0.73976165,0.7523355,
1036367065430,3,9.67064,0.63887143,0.6984476,
1036377075196,3,9.936188,0.6749464,0.6423143,
1036387115479,3,10.167756,0.75622743,0.6481522,
1036397125245,3,10.234367,0.6396199,0.9172925,
1036407135010,3,10.323432,0.7674541,1.1276051,
1036417175294,3,10.480306,0.7497908,1.3457016,
1036427185059,3,10.558444,0.8563692,1.377286,
1036437225342,3,10.798544,0.9108559,1.4196478,
1036447235108,3,10.985954,0.7262897,1.4473403,
1036457275391,3,11.168724,0.75428146,1.6615448,
1036467254639,3,11.538306,0.5535489,1.6606467,
1036477294923,3,11.871513,0.5484595,1.5444882,
1036487304688,3,12.291091,0.42571473,1.2704082,
1036497314454,3,12.559932,0.27393037,0.9804611,
1036507324219,3,12.707824,0.22602996,0.42511597,
1036517364503,3,12.996274,0.30341902,0.24698639,
1036527374268,3,13.102104,0.79290116,0.0902623,
1036537597657,3,12.947775,1.1572435,0.28725266,
1036547424317,3,12.90197,1.7998571,1.4465919,
1036557434083,3,12.542867,1.8380278,2.3538551,
1036567474366,3,12.294085,2.0570223,3.0600865,
1036577453614,3,11.798764,1.9294876,3.793711,
1036587493897,3,11.621234,1.6548088,4.162843,
1036597503663,3,11.38727,1.551823,4.4357257,
1036607513428,3,11.127111,1.6073575,4.3774967,
1036617553712,3,10.912907,1.4873071,4.095184,
1036627563477,3,10.6343355,1.3915063,3.5703754,
1036637603760,3,10.698852,1.6106507,2.91414,
1036647583008,3,10.381512,1.6766634,2.0389102,
1036657623292,3,10.188263,1.752855,1.6178356,
1036667633057,3,9.611813,1.5563136,1.0566527,
1036677673341,3,9.267079,1.5946339,0.8092172,
1036687652589,3,8.799602,1.4889537,0.782872,
1036697723389,3,8.132888,1.3141173,0.76655596,
1036707733155,3,7.609875,1.2437636,0.832419,
1036717742921,3,7.2202353,1.0103989,0.7623646,
1036727783204,3,6.9957023,0.84484315,0.88166654,
1036737792969,3,6.912176,0.75338334,0.805475,
1036747802735,3,6.6524663,0.66955763,0.61058027,
1036757812501,3,6.380332,0.6592291,0.66177386,
1036767822266,3,6.2905188,0.6092331,0.51582736,
1036777862550,3,6.133645,0.5360353,0.33500335,
1036787872315,3,6.027516,0.6402187,0.12663665,
1036797912598,3,5.9495277,0.6149213,0.3276686,
1036807922364,3,5.8104672,0.66312104,0.27677444,
1036817932130,3,5.786816,0.9620494,0.21854553,
1036827941895,3,6.125412,0.9392967,0.23516098,
1036837982178,3,6.480773,1.2112812,0.45954436,
1036847991944,3,7.0389624,1.3528867,0.40969804,
1036858001710,3,7.2625976,1.5314653,0.56432647,
1036868011475,3,7.948022,1.4429992,0.65099627,
1036878021241,3,8.388256,1.4861096,0.6442602,
1036888244630,3,8.632099,1.3913567,0.5430707,
1036898071290,3,9.041199,1.3741424,0.71251833,
1036908081055,3,9.412726,1.1734099,0.84708846,
1036918090821,3,9.638307,1.0844948,1.1285033,
1036928161622,3,9.721833,1.0611434,1.4813195,
1036938140870,3,9.88709,1.1030562,1.966311,
1036948181153,3,10.135424,1.2576846,2.051035,
1036958221436,3,10.488838,1.391656,1.9904109,
1036968231202,3,10.750195,1.6106507,1.6091537,
1036978240967,3,11.177107,1.5905924,0.87777466,
1036988281251,3,11.442056,1.4498849,0.46134064,
1036998291016,3,11.7230215,1.5230827,0.4420308,
1037008300782,3,11.938125,1.1630814,1.0282118,
1037018341065,3,12.384497,1.0346484,1.857188,
1037028320313,3,12.4309,0.6288423,3.12086,
1037038330079,3,12.731924,0.09190887,3.710484,
1037048339844,3,12.866195,-0.5349875,3.894601,
1037058380128,3,12.870236,-1.1228151,3.8299356,
1037068389893,3,12.874727,-1.2533437,3.242108,
1037078430176,3,12.457844,-1.3989908,2.8903396,
1037088470460,3,11.926898,-1.3132192,2.930007,
1037098480225,3,11.523936,-0.8879535,3.585494,
1037108489991,3,11.053763,-0.50070876,3.7640727,
1037118499757,3,10.561138,-0.15163468,3.7185671,
1037128509522,3,10.0224085,0.086071014,2.910248,
1037138549805,3,9.619147,0.30761033,2.2408402,
1037148559571,3,9.49745,0.39742357,1.3886622,
1037158569337,3,9.375604,0.14145584,0.7234456,
1037168609620,3,9.3613825,0.11241623,0.27782226,
1037178619385,3,9.356443,-0.02215393,0.08741821,
1037188629151,3,9.2874365,-0.049996033,0.48289582,
1037198669434,3,8.819809,-0.012573852,1.1934682,
1037208679200,3,8.589738,-0.025896149,1.750909,
1037218688966,3,8.262967,-0.030835876,2.0216959,
1037228729249,3,8.0436735,-0.030985566,2.0728893,
1037238769532,3,7.610025,0.059276734,1.8860779,
1037248748780,3,7.428752,0.06346802,1.2624747,
1037258758546,3,7.0828214,0.100141756,0.72419405,
1037268768311,3,6.877598,0.19429596,0.23710693,
1037278808594,3,6.7499137,0.39218444,-0.17244141,
1037288818360,3,6.5741787,0.3583548,-0.4514612,
1037298828126,3,6.350993,0.34593064,-0.24938141,
1037308837891,3,6.2504025,0.4379892,-0.0809816,
1037318908692,3,6.4262867,0.56687117,0.27512786,
1037328887940,3,6.514004,0.48888338,0.47436357,
1037338897706,3,6.804101,0.60144925,0.7500902,
1037348937989,3,6.7529073,0.64321244,0.79514647,
1037358947755,3,7.030131,0.71820647,0.8294252,
1037368988038,3,7.3631883,0.7110214,1.0847942,
1037378997803,3,7.666757,0.5945636,0.92657316,
1037389038087,3,8.407416,0.8298743,0.76895094,
1037399047852,3,8.96845,0.79993653,0.7099736,
1037409027100,3,9.523196,0.88885164,0.6664142,
1037419097901,3,9.604776,0.8779243,0.7825726,
1037429077149,3,9.726773,0.79140425,0.9900412,
1037439300538,3,9.968969,0.67135394,1.300795,
1037449157716,3,9.870474,0.9259744,1.6375946,
1037459136964,3,10.01208,0.66671354,1.8660196,
1037469177247,3,10.044413,0.7515871,1.7561481,
1037479217530,3,10.265353,0.6156697,1.6220269,
1037489227296,3,10.75274,0.58363634,1.4501843,
1037499267579,3,11.342962,0.27258316,1.1928694,
1037509246827,3,11.967913,0.26464966,0.96399534,
1037519256592,3,12.388089,0.12888199,0.7189549,
1037529266358,3,12.970677,-0.083825685,0.5936655,
1037539276124,3,13.365257,-0.43559417,0.4245172,
1037549316407,3,13.61359,-0.49696654,0.7414082,
1037559356690,3,13.743221,-0.407303,0.80113405,
1037569366456,3,13.517041,-0.17738113,1.3564792,
1037579376221,3,12.829371,0.18366806,2.4054978,
1037589385987,3,12.389136,0.60459274,3.2796798,
1037599426270,3,12.194541,0.69066375,3.8767881,
1037609466553,3,11.6932335,0.88600755,4.3387275,
1037619445801,3,11.433674,0.90786207,4.342919,
1037629455567,3,10.995984,0.89169574,4.093687,
1037639495850,3,10.844499,0.99842376,3.6241136,
1037649505616,3,10.631192,0.87014055,2.8521688,
1037659515382,3,10.584789,1.0103989,2.2703288,
1037669555665,3,10.595567,1.2576846,1.9962487,
1037679565430,3,10.279873,1.4174025,1.6567547,
1037689575196,3,9.929901,1.2678635,1.4346167,
1037699584962,3,9.664352,0.97492266,1.0545571,
1037709686280,3,9.619895,0.91849,0.8586145,
1037719635010,3,9.602681,0.72015244,0.38080812,
1037729675294,3,9.165441,0.40565643,0.12663665,
1037739685059,3,8.775501,0.41478744,0.09774674,
1037749694825,3,8.045769,0.1594185,0.09415421,
1037759704591,3,7.700437,0.20357665,0.11331436,
1037769714356,3,7.0846176,0.17977615,0.24324417,
1037779754639,3,6.881939,0.30117372,0.45355684,
1037789764405,3,6.653364,0.54980665,0.53423905,
1037799804688,3,6.257887,0.56118304,0.5571414,
1037809783936,3,6.022576,0.42421782,0.6141728,
1037819824219,3,6.0954742,0.5360353,0.6554869,
1037829833985,3,6.2300444,0.62300444,1.0746154,
1037839874268,3,6.2598324,0.9237291,1.3798306,
1037849884034,3,6.4632597,0.9009764,1.7250128,
1037859893800,3,6.494245,0.9063652,2.0871098,
1037869934083,3,6.633306,0.94962525,2.432891,
1037879943848,3,6.68914,1.1903247,2.5176146,
1037889953614,3,7.0078273,1.0982661,2.1882994,
1037899963380,3,7.3320527,1.2272978,2.0676503,
1037909973145,3,7.725435,1.2525952,1.8083894,
1037920013428,3,8.195158,1.1225157,1.4804214,
1037930023194,3,8.788823,0.99617845,1.2265494,
1037940032960,3,9.401051,0.56687117,0.96549225,
1037950073243,3,9.607771,0.27183473,0.79858935,
1037960083008,3,9.750573,0.15283218,1.0832973,
1037970123292,3,9.78081,0.35371444,1.6360977,
1037980133057,3,9.941277,0.79514647,2.0228934,
1037990142823,3,9.998158,1.7766554,2.3718178,
1038000183106,3,9.947115,2.2992187,2.160158,
1038010223389,3,10.022109,2.5233028,1.6492703,
1038020202637,3,10.124496,2.6863139,1.1139835,
1038030242921,3,10.868898,2.3155348,0.80757064,
1038040252686,3,11.548185,1.6381934,1.5675403,
1038050292969,3,12.233161,1.3274395,2.5593777,
1038060302735,3,12.931309,0.9369017,4.460724,
1038070312501,3,13.337714,0.4179309,5.464387,
1038080322266,3,13.405823,0.0047900393,5.9707837,
1038090332032,3,13.16168,-0.375569,6.002817,
1038100341798,3,12.845089,-0.59097105,5.9742265,
1038110382081,3,12.417727,-0.4180806,5.441784,
1038120391846,3,11.894864,-0.47466293,5.4043617,
1038130432130,3,11.365565,-0.047151946,4.9832873,
1038140472413,3,11.001372,0.24773483,4.58766,
1038150451661,3,10.614727,0.4870871,4.4403663,
1038160491944,3,10.188263,0.87657714,3.870052,
1038170532227,3,9.863289,0.8020322,3.2633638,
1038180541993,3,9.491463,0.671803,2.6677523,
1038190551759,3,9.405541,0.6334827,2.3908281,
1038200561524,3,9.395062,0.5542973,2.0061283,
1038210571290,3,9.448352,0.51837206,1.9281404,
1038220611573,3,9.474398,0.56627244,2.1932392,
1038230590821,3,9.08865,0.57705003,2.5237517,
1038240631104,3,8.834329,0.6592291,2.9582982,
1038250640870,3,8.517288,0.9833052,2.9009674,
1038260650635,3,8.001611,0.93600357,2.9542565,
1038270690919,3,7.5649686,0.8349637,2.5566833,
1038280700684,3,6.9837275,0.9292676,2.0932472,
1038290740967,3,6.744076,0.9873468,1.5064673,
1038300750733,3,6.2771964,0.9898915,1.0321038,
1038310760499,3,6.079308,1.0201286,0.60174865,
1038320770264,3,6.031408,1.0280621,0.30880782,
1038330810548,3,5.805677,0.9982741,0.1963916,
1038340820313,3,5.9457855,0.9710307,0.14819184,
1038350860596,3,6.30908,0.9289682,0.32871643,
1038360839844,3,6.3451552,0.8174501,0.4273613,
1038370880128,3,6.6199837,0.6553372,0.8081694,
1038380889893,3,6.9980974,0.5059479,1.053659,
1038390930176,3,7.217691,0.5528004,1.0241703,
1038400939942,3,7.746092,0.42810974,1.1690689,
1038410980225,3,8.21327,0.37511992,1.1499088,
1038420989991,3,8.884175,0.32961455,1.3145664,
1038430999757,3,9.338779,0.34473312,1.4533278,
1038441009522,3,9.525292,0.41209304,1.3952485,
1038451049805,3,9.953252,0.52480865,1.549428,
1038461059571,3,10.145003,0.5707631,1.3738431,
1038471069337,3,9.936637,0.21600083,1.3248949,
1038481109620,3,10.101145,0.010478211,1.2925621,
1038491119385,3,10.345287,0.1407074,1.785487,
1038501129151,3,10.58883,0.0199086,2.0835173,
1038511169434,3,11.122471,-0.10178833,2.3790028,
1038521179200,3,11.43517,-0.22992188,2.3646326,
1038531188966,3,11.613001,-0.53678375,2.3080504,
1038541198731,3,11.907139,-0.31240037,1.838926,
1038551239014,3,12.279864,-0.046253815,1.6151413,
1038561248780,3,12.705579,0.55953646,1.2415183,
1038571258546,3,12.585379,0.93794954,1.1660751,
1038581268311,3,12.392879,1.2069402,1.3130695,
1038591308594,3,12.304413,1.5160474,1.8983524,
1038601318360,3,12.1412525,1.6357983,2.374662,
1038611358643,3,12.090657,1.791774,3.069517,
1038621368409,3,11.961476,2.0612137,3.3813186,
1038631378174,3,11.805051,2.116748,3.4042208,
1038641479493,3,11.625874,2.0224442,3.3664994,
1038651428223,3,11.357332,2.151476,3.1735506,
1038661437989,3,10.691367,1.5468832,3.0097911,
1038671447755,3,10.514435,1.53401,2.7334657,
1038681488038,3,10.486893,1.1529025,2.4068449,
1038691528321,3,10.5780525,1.3159136,2.479893,
1038701507569,3,10.4919815,1.3340259,2.3068528,
1038711517335,3,10.28586,1.001717,2.3161335,
1038721557618,3,9.960287,0.91100556,2.3165827,
1038731597901,3,9.491612,0.8466394,2.2499712,
1038741607667,3,9.072185,0.86729646,2.259701,
1038751586915,3,8.584199,0.6575825,2.3161335,
1038761627198,3,8.090675,0.6887178,2.0993843,
1038771636964,3,7.8314147,0.6192622,2.0829186,
1038781677247,3,7.4453673,0.6783893,1.7962646,
1038791656495,3,7.507189,0.52630556,1.6260686,
1038801696778,3,7.907756,0.8095166,1.203198,
1038811706544,3,7.842342,0.9108559,1.1235635,
1038821716309,3,7.9016185,1.035846,0.861758,
1038831787110,3,7.5345817,1.1856843,1.0904824,
1038841796876,3,7.173682,1.3647121,1.2494518,
1038851806641,3,6.400091,1.5858023,1.5019766,
1038861816407,3,6.127957,1.7121396,1.5995736,
1038871826173,3,6.0637403,1.7673748,1.5588584,
1038881835938,3,6.144722,1.9462527,1.2925621,
1038891876221,3,6.271059,2.0984862,1.0653347,
1038901885987,3,6.519842,2.0474424,0.65264285,
1038911895753,3,6.7656307,1.7549505,0.6680608,
1038921936036,3,7.4025564,1.6726217,0.79140425,
1038931945801,3,7.7416015,1.352737,0.92807007,
1038941955567,3,8.096962,1.2389735,0.9624985,
1038951995850,3,8.693921,1.1779006,1.0306069,
1038962005616,3,8.837622,1.1557466,1.3004956,
1038972015382,3,9.25705,1.0794053,1.4052777,
1038982025147,3,9.355994,1.10605,1.676813,
1038992065430,3,9.403445,1.206042,1.575324,
1039002075196,3,9.812096,0.80876815,1.8094373,
1039012115479,3,9.942774,1.0353969,2.0803738,
1039022094727,3,10.385254,0.78152484,1.9917581,
1039032135010,3,10.517429,0.51822233,1.835034,
1039042144776,3,10.9405985,0.34039214,1.6621436,
1039052154542,3,11.104359,0.06780899,1.3446537,
1039062194825,3,11.543994,0.3239264,1.7384849,
1039072235108,3,11.914773,0.3185376,1.9737954,
1039082244874,3,12.441378,0.5204677,2.2770648,
1039092224122,3,12.332554,0.84589094,1.8050963,
1039102294923,3,11.931838,1.019979,1.6371455,
1039112304688,3,11.754157,1.3376184,1.5799644,
