1394397414839457351,0,995.9326,0.0,0.0,
1394397414873026687,0,995.9326,0.0,0.0,
1394397414906596023,0,995.9326,0.0,0.0,
1394397414940165358,0,995.9326,0.0,0.0,
1394397414973734694,0,995.9326,0.0,0.0,
1394397415007304030,0,995.9361,0.0,0.0,
1394397415040873366,0,995.9426,0.0,0.0,
1394397415074442702,0,995.9426,0.0,0.0,
1394397415108012038,0,995.9426,0.0,0.0,
1394397415141581374,0,995.9347,0.0,0.0,
1394397415175150710,0,995.9326,0.0,0.0,
1394397415208720046,0,995.9426,0.0,0.0,
1394397415242289382,0,995.94086,0.0,0.0,
1394397415275858718,0,995.9326,0.0,0.0,
1394397415309428054,0,995.9326,0.0,0.0,
1394397415342997390,0,995.9381,0.0,0.0,
1394397415376566726,0,995.9426,0.0,0.0,
1394397415410136062,0,995.9426,0.0,0.0,
1394397415443705398,0,995.9426,0.0,0.0,
1394397415477274733,0,995.9426,0.0,0.0,
1394397415510844069,0,995.9426,0.0,0.0,
1394397415544413405,0,995.9426,0.0,0.0,
1394397415577982741,0,995.9426,0.0,0.0,
1394397415611552077,0,995.94824,0.0,0.0,
1394397415645121413,0,995.95264,0.0,0.0,
1394397415678690749,0,995.9444,0.0,0.0,
1394397415712260085,0,995.9426,0.0,0.0,
1394397415745829421,0,995.95264,0.0,0.0,
1394397415779398757,0,995.95264,0.0,0.0,
1394397415812968093,0,995.95264,0.0,0.0,
1394397415846537429,0,995.958,0.0,0.0,
1394397415880106765,0,995.9626,0.0,0.0,
1394397415913676101,0,995.9626,0.0,0.0,
1394397415947245437,0,995.95435,0.0,0.0,
1394397415980814773,0,995.95264,0.0,0.0,
1394397416014384108,0,995.9626,0.0,0.0,
1394397416047953444,0,995.9626,0.0,0.0,
1394397416081522780,0,995.9626,0.0,0.0,
1394397416115092116,0,995.95795,0.0,0.0,
1394397416148661452,0,995.95264,0.0,0.0,
1394397416182230788,0,995.95264,0.0,0.0,
1394397416215800124,0,995.9613,0.0,0.0,
1394397416249369460,0,995.9626,0.0,0.0,
1394397416282938796,0,995.9626,0.0,0.0,
1394397416316508132,0,995.9626,0.0,0.0,
1394397416350077468,0,995.9626,0.0,0.0,
1394397416383646804,0,995.9626,0.0,0.0,
1394397416417216140,0,995.9626,0.0,0.0,
1394397416450785476,0,995.9626,0.0,0.0,
1394397416484354812,0,995.9626,0.0,0.0,
1394397416517924148,0,995.9626,0.0,0.0,
1394397416551493483,0,995.9626,0.0,0.0,
1394397416585062819,0,995.9626,0.0,0.0,
1394397416618632155,0,995.9626,0.0,0.0,
1394397416652201491,0,995.9682,0.0,0.0,
1394397416685770827,0,995.9726,0.0,0.0,
1394397416719340163,0,995.9652,0.0,0.0,
1394397416752909499,0,995.9626,0.0,0.0,
1394397416786478835,0,995.9626,0.0,0.0,
1394397416820048171,0,995.9626,0.0,0.0,
1394397416853617507,0,995.9626,0.0,0.0,
1394397416887186843,0,995.9626,0.0,0.0,
1394397416920756179,0,995.9626,0.0,0.0,
1394397416954325515,0,995.9626,0.0,0.0,
1394397416987894851,0,995.955,0.0,0.0,
1394397417021464187,0,995.95264,0.0,0.0,
1394397417055033523,0,995.9527,0.0,0.0,
1394397417088602858,0,995.9626,0.0,0.0,
1394397417122172194,0,995.95996,0.0,0.0,
1394397417155741530,0,995.95264,0.0,0.0,
1394397417189310866,0,995.95264,0.0,0.0,
1394397417222880202,0,995.95264,0.0,0.0,
1394397417256449538,0,995.95264,0.0,0.0,
1394397417290018874,0,995.95264,0.0,0.0,
1394397417323588210,0,995.95264,0.0,0.0,
1394397417357157546,0,995.95264,0.0,0.0,
1394397417390726882,0,995.95264,0.0,0.0,
1394397417424296218,0,995.95264,0.0,0.0,
1394397417457865554,0,995.95264,0.0,0.0,
1394397417491434890,0,995.95264,0.0,0.0,
1394397417525004226,0,995.95264,0.0,0.0,
1394397417558573562,0,995.95264,0.0,0.0,
1394397417592142898,0,995.95264,0.0,0.0,
1394397417625712233,0,995.95264,0.0,0.0,
1394397417659281569,0,995.95264,0.0,0.0,
1394397417692850905,0,995.95264,0.0,0.0,
1394397417726420241,0,995.95264,0.0,0.0,
1394397417759989577,0,995.95264,0.0,0.0,
1394397417793558913,0,995.9431,0.0,0.0,
1394397417827128249,0,995.94336,0.0,0.0,
1394397417860697585,0,995.95264,0.0,0.0,
1394397417894266921,0,995.95264,0.0,0.0,
1394397417927836257,0,995.95557,0.0,0.0,
1394397417961405593,0,995.9626,0.0,0.0,
1394397417994974929,0,995.9571,0.0,0.0,
1394397418028544265,0,995.95264,0.0,0.0,
1394397418062113601,0,995.96063,0.0,0.0,
1394397418095682937,0,995.9626,0.0,0.0,
1394397418129252273,0,995.9626,0.0,0.0,
1394397418162821608,0,995.9608,0.0,0.0,
1394397418196390944,0,995.95264,0.0,0.0,
1394397418229960280,0,995.95264,0.0,0.0,
1394397418263529616,0,995.95264,0.0,0.0,
1394397418297098952,0,995.95264,0.0,0.0,
1394397418330668288,0,995.95264,0.0,0.0,
1394397418364237624,0,995.95264,0.0,0.0,
1394397418397806960,0,995.95264,0.0,0.0,
1394397418431376296,0,995.95264,0.0,0.0,
1394397418464945632,0,995.95264,0.0,0.0,
1394397418498514968,0,995.95264,0.0,0.0,
1394397418532084304,0,995.95264,0.0,0.0,
1394397418565653640,0,995.95264,0.0,0.0,
1394397418599222976,0,995.95264,0.0,0.0,
1394397418632792312,0,995.95264,0.0,0.0,
1394397418666361648,0,995.95264,0.0,0.0,
1394397418699930983,0,995.95264,0.0,0.0,
1394397418733500319,0,995.95264,0.0,0.0,
1394397418767069655,0,995.95264,0.0,0.0,
1394397418800638991,0,995.95264,0.0,0.0,
1394397418834208327,0,995.95264,0.0,0.0,
1394397418867777663,0,995.95264,0.0,0.0,
1394397418901346999,0,995.95264,0.0,0.0,
1394397418934916335,0,995.95264,0.0,0.0,
1394397418968485671,0,995.9503,0.0,0.0,
1394397419002055007,0,995.9426,0.0,0.0,
1394397419035624343,0,995.9426,0.0,0.0,
1394397419069193679,0,995.9426,0.0,0.0,
1394397419102763015,0,995.9426,0.0,0.0,
1394397419136332351,0,995.9512,0.0,0.0,
1394397419169901687,0,995.95264,0.0,0.0,
1394397419203471023,0,995.94324,0.0,0.0,
1394397419237040358,0,995.9426,0.0,0.0,
1394397419270609694,0,995.9426,0.0,0.0,
1394397419304179030,0,995.9468,0.0,0.0,
1394397419337748366,0,995.95264,0.0,0.0,
1394397419371317702,0,995.95264,0.0,0.0,
1394397419404887038,0,995.94415,0.0,0.0,
1394397419438456374,0,995.9426,0.0,0.0,
1394397419472025710,0,995.9326,0.0,0.0,
1394397419505595046,0,995.9352,0.0,0.0,
1394397419539164382,0,995.9426,0.0,0.0,
1394397419572733718,0,995.9426,0.0,0.0,
1394397419606303054,0,995.9426,0.0,0.0,
1394397419639872390,0,995.9426,0.0,0.0,
1394397419673441726,0,995.9426,0.0,0.0,
1394397419707011062,0,995.9426,0.0,0.0,
1394397419740580398,0,995.9426,0.0,0.0,
1394397419774149733,0,995.9426,0.0,0.0,
1394397419807719069,0,995.9426,0.0,0.0,
1394397419841288405,0,995.9426,0.0,0.0,
1394397419874857741,0,995.9426,0.0,0.0,
1394397419908427077,0,995.9426,0.0,0.0,
1394397419941996413,0,995.9426,0.0,0.0,
1394397419975565749,0,995.9426,0.0,0.0,
1394397420009135085,0,995.9426,0.0,0.0,
1394397420042704421,0,995.9426,0.0,0.0,
1394397420076273757,0,995.9426,0.0,0.0,
1394397420109843093,0,995.9426,0.0,0.0,
1394397420143412429,0,995.9426,0.0,0.0,
1394397420176981765,0,995.9426,0.0,0.0,
1394397420210551101,0,995.9426,0.0,0.0,
1394397420244120437,0,995.9426,0.0,0.0,
1394397420277689773,0,995.9426,0.0,0.0,
1394397420311259108,0,995.9426,0.0,0.0,
1394397420344828444,0,995.9426,0.0,0.0,
1394397420378397780,0,995.9372,0.0,0.0,
1394397420411967116,0,995.9326,0.0,0.0,
1394397420445536452,0,995.9326,0.0,0.0,
1394397420479105788,0,995.9326,0.0,0.0,
1394397420512675124,0,995.9326,0.0,0.0,
1394397420546244460,0,995.9326,0.0,0.0,
1394397420579813796,0,995.9326,0.0,0.0,
1394397420613383132,0,995.9326,0.0,0.0,
1394397420646952468,0,995.9281,0.0,0.0,
1394397420680521804,0,995.9226,0.0,0.0,
1394397420714091140,0,995.93024,0.0,0.0,
1394397420747660476,0,995.9326,0.0,0.0,
1394397420781229812,0,995.9326,0.0,0.0,
1394397420814799148,0,995.9326,0.0,0.0,
1394397420848368483,0,995.9326,0.0,0.0,
1394397420881937819,0,995.9326,0.0,0.0,
1394397420915507155,0,995.9326,0.0,0.0,
1394397420949076491,0,995.9326,0.0,0.0,
1394397420982645827,0,995.9326,0.0,0.0,
1394397421016215163,0,995.9326,0.0,0.0,
1394397421049784499,0,995.9236,0.0,0.0,
1394397421083353835,0,995.9226,0.0,0.0,
1394397421116923171,0,995.9226,0.0,0.0,
1394397421150492507,0,995.9226,0.0,0.0,
1394397421184061843,0,995.9226,0.0,0.0,
1394397421217631179,0,995.9226,0.0,0.0,
1394397421251200515,0,995.9226,0.0,0.0,
1394397421284769851,0,995.9226,0.0,0.0,
1394397421318339187,0,995.9226,0.0,0.0,
1394397421351908523,0,995.9226,0.0,0.0,
1394397421385477858,0,995.9226,0.0,0.0,
1394397421419047194,0,995.9226,0.0,0.0,
1394397421452616530,0,995.9167,0.0,0.0,
1394397421486185866,0,995.9126,0.0,0.0,
1394397421519755202,0,995.9126,0.0,0.0,
1394397421553324538,0,995.9126,0.0,0.0,
1394397421586893874,0,995.9126,0.0,0.0,
1394397421620463210,0,995.9148,0.0,0.0,
1394397421654032546,0,995.9226,0.0,0.0,
1394397421687601337,0,995.9226,0.0,0.0,
1394397421721170673,0,995.9226,0.0,0.0,
1394397421754740009,0,995.9226,0.0,0.0,
1394397421788309345,0,995.9226,0.0,0.0,
1394397421821878681,0,995.9226,0.0,0.0,
1394397421855448017,0,995.9326,0.0,0.0,
1394397421889017353,0,995.932,0.0,0.0,
1394397421922586688,0,995.9226,0.0,0.0,
1394397421956156024,0,995.9226,0.0,0.0,
1394397421989725360,0,995.92883,0.0,0.0,
1394397422023294696,0,995.9326,0.0,0.0,
1394397422056864032,0,995.9326,0.0,0.0,
1394397422090433368,0,995.9326,0.0,0.0,
1394397422124002704,0,995.9326,0.0,0.0,
1394397422157572040,0,995.9326,0.0,0.0,
1394397422191141376,0,995.9326,0.0,0.0,
1394397422224710712,0,995.9326,0.0,0.0,
1394397422258280048,0,995.9326,0.0,0.0,
1394397422291849384,0,995.9326,0.0,0.0,
1394397422325418720,0,995.9326,0.0,0.0,
1394397422358988056,0,995.9326,0.0,0.0,
1394397422392557392,0,995.9326,0.0,0.0,
1394397422426126728,0,995.9326,0.0,0.0,
1394397422459696063,0,995.9326,0.0,0.0,
1394397422493265399,0,995.9326,0.0,0.0,
1394397422526834735,0,995.9326,0.0,0.0,
1394397422560404071,0,995.9326,0.0,0.0,
1394397422593973407,0,995.9326,0.0,0.0,
1394397422627542743,0,995.9324,0.0,0.0,
1394397422661112079,0,995.9229,0.0,0.0,
1394397422694681415,0,995.9226,0.0,0.0,
1394397422728250751,0,995.9226,0.0,0.0,
1394397422761820087,0,995.9226,0.0,0.0,
1394397422795389423,0,995.9226,0.0,0.0,
1394397422828958759,0,995.9226,0.0,0.0,
1394397422862528095,0,995.9226,0.0,0.0,
1394397422896097431,0,995.9226,0.0,0.0,
1394397422929666767,0,995.9226,0.0,0.0,
1394397422963236103,0,995.9226,0.0,0.0,
1394397422996805438,0,995.9226,0.0,0.0,
1394397423030374774,0,995.9226,0.0,0.0,
1394397423063944110,0,995.9226,0.0,0.0,
1394397423097513446,0,995.9226,0.0,0.0,
1394397423131082782,0,995.9226,0.0,0.0,
1394397423164652118,0,995.9231,0.0,0.0,
1394397423198221454,0,995.9325,0.0,0.0,
1394397423231790790,0,995.9326,0.0,0.0,
1394397423265360126,0,995.9326,0.0,0.0,
1394397423298929462,0,995.9326,0.0,0.0,
1394397423332498798,0,995.9326,0.0,0.0,
1394397423366068134,0,995.9326,0.0,0.0,
1394397423399637470,0,995.9326,0.0,0.0,
1394397423433206806,0,995.9326,0.0,0.0,
1394397423466776142,0,995.9326,0.0,0.0,
1394397423500345478,0,995.9294,0.0,0.0,
1394397423533914813,0,995.9226,0.0,0.0,
1394397423567484149,0,995.9226,0.0,0.0,
1394397423601053485,0,995.9226,0.0,0.0,
1394397423634622821,0,995.9226,0.0,0.0,
1394397423668192157,0,995.9226,0.0,0.0,
1394397423701761493,0,995.9126,0.0,0.0,
1394397423735330829,0,995.9126,0.0,0.0,
1394397423768900165,0,995.9126,0.0,0.0,
1394397423802469501,0,995.9126,0.0,0.0,
1394397423836038837,0,995.90765,0.0,0.0,
1394397423869608173,0,995.90265,0.0,0.0,
1394397423903177509,0,995.90967,0.0,0.0,
1394397423936746845,0,995.9126,0.0,0.0,
1394397423970316181,0,995.90265,0.0,0.0,
1394397424003885517,0,995.90265,0.0,0.0,
1394397424037454853,0,995.90265,0.0,0.0,
1394397424071024188,0,995.90265,0.0,0.0,
1394397424104593524,0,995.90265,0.0,0.0,
1394397424138162860,0,995.90265,0.0,0.0,
1394397424171732196,0,995.90265,0.0,0.0,
1394397424205301532,0,995.90265,0.0,0.0,
1394397424238870868,0,995.90265,0.0,0.0,
1394397424272440204,0,995.90265,0.0,0.0,
1394397424306009540,0,995.90265,0.0,0.0,
1394397424339578876,0,995.90265,0.0,0.0,
1394397424373148212,0,995.90265,0.0,0.0,
1394397424406717548,0,995.90265,0.0,0.0,
