900864929201,3,9.589508,0.6661148,1.1823912,
900875152590,3,9.586365,0.89334226,1.0903326,
900885162355,3,9.530231,0.93615323,1.1461666,
900895202638,3,9.39656,0.95755875,1.2391232,
900905181886,3,9.5440035,0.71730834,1.4636563,
900925262453,3,9.338331,0.7518864,1.2311897,
900955291750,3,9.566157,0.83286804,1.2021501,
900965301515,3,9.439072,1.0129436,1.2933105,
900975311281,3,9.493408,1.0018666,1.3662089,
900985351564,3,9.259295,0.92402846,1.3717475,
900995361330,3,9.175469,0.91609496,1.348396,
901005371095,3,9.388776,0.7566765,1.2743001,
901015228273,3,9.35345,0.95351714,1.2772938,
901025268556,3,9.405541,0.8421487,1.1849359,
901035247804,3,9.2747135,0.8134085,1.088237,
901045288087,3,9.247021,0.762664,0.9289682,
901055297853,3,9.301806,0.96668977,0.9925859,
901065307619,3,9.280701,0.735271,1.0084529,
901075347902,3,9.369915,0.93540484,0.94902647,
901085357667,3,9.447155,0.9316626,1.0129436,
901095397951,3,9.495953,0.9142987,0.94273955,
901105407716,3,9.438024,0.9092093,1.0900333,
901115417482,3,9.383686,0.7864645,1.1096425,
901125427248,3,9.570349,0.9571097,1.3364209,
901135467531,3,9.409134,0.87238586,1.2006532,
901145477296,3,9.612411,0.76535845,1.265169,
901155487062,3,9.5809765,0.7432045,1.4403049,
901165496828,3,9.472003,0.78721297,1.370999,
901175506593,3,9.477691,0.70114195,1.1979588,
901185546876,3,9.561816,0.70802766,1.2178674,
901195587160,3,9.46886,0.581391,1.3650115,
901205596925,3,9.554931,0.5885761,1.3781841,
901215606691,3,9.668544,0.6662645,1.262774,
901225646974,3,9.542656,0.5236111,1.3563294,
901235656740,3,9.650881,0.62674665,1.3175601,
901245666505,3,9.595646,0.5411247,1.4254857,
901255706788,3,9.737102,0.70278853,1.3745915,
901265716554,3,9.846824,0.5575905,1.4087205,
901275726320,3,9.688453,0.744402,1.2641213,
901285736085,3,9.627379,0.6433621,1.3241464,
901295745851,3,9.633218,0.51822233,1.4064752,
901305786134,3,9.418414,0.41358992,1.4380596,
901315765382,3,9.408535,0.49472123,1.4440471,
901325805665,3,9.4253,0.4017645,1.3947995,
901335845949,3,9.542207,0.5113367,1.2871733,
901345886232,3,9.551787,0.41329056,1.404679,
901355865480,3,9.4684105,0.56567365,1.294059,
901365905763,3,9.578581,0.5749544,1.2867242,
901375915529,3,9.635313,0.5495073,1.3445041,
901385925294,3,9.582024,0.5204677,1.3536351,
901395935060,3,9.409733,0.5492079,1.3841716,
901406158449,3,9.371562,0.44502458,1.5188915,
901416168214,3,9.303154,0.25970992,1.4626085,
901426208498,3,9.2979145,0.41239244,1.5096108,
901436218263,3,9.534123,0.38290375,1.4407539,
901446228029,3,9.401051,0.3900888,1.5881974,
901456085207,3,9.250913,0.48080018,1.4422508,
901466064455,3,9.344917,0.5903723,1.2850777,
901476104738,3,9.402996,0.87912184,1.4175522,
901486114504,3,9.500294,0.88181627,1.1635305,
901496124269,3,9.423055,0.32063323,0.9732761,
901506134035,3,9.625883,0.42376876,1.3407619,
901516174318,3,9.712703,0.45864624,1.6825012,
901526184084,3,9.912387,0.60429335,1.6422349,
901536224367,3,10.177336,0.46268785,1.601819,
901546234132,3,10.873538,0.5507048,1.075214,
901556213380,3,10.404564,0.30326936,1.4530284,
901566253664,3,9.682016,0.3606001,1.6724721,
901576263429,3,9.489516,0.48588958,1.7386345,
901586303713,3,9.300011,0.7711963,2.066303,
901596282960,3,8.994495,0.87463117,2.1179457,
901606353761,3,9.167536,1.305136,1.963467,
901616333009,3,9.285192,1.3765374,1.773512,
901626373293,3,9.213191,1.3003459,1.6895366,
901636413576,3,9.1991205,1.3763878,1.556613,
901646423341,3,9.27591,1.3669574,1.3870157,
901656433107,3,9.470805,1.1193722,1.4802718,
901666473390,3,9.542057,0.9960287,1.4995816,
901676452638,3,9.680968,0.97312635,1.4639556,
901686462404,3,9.652977,1.0151889,1.4386582,
901696502687,3,9.705368,1.0277628,1.3320799,
901706695558,3,9.645343,1.181044,1.3293855,
901716705324,3,9.524394,1.0181826,1.5808625,
901726776125,3,9.316775,1.1181748,1.4849122,
901736785890,3,9.3630295,0.8196954,1.6073575,
901746795656,3,9.451046,0.81011534,1.3377681,
901756805421,3,9.586365,0.60549086,1.2737013,
901766815187,3,9.599089,0.6325845,1.2407699,
901776855470,3,9.565259,0.5177733,1.22625,
901786682130,3,9.415421,0.6092331,1.4621594,
901796875001,3,9.341774,0.68662214,1.6149917,
901806915285,3,9.235195,0.72673875,1.7079483,
901816955568,3,9.464668,0.6252498,1.5102096,
901826751710,3,9.277408,0.6529422,1.4579681,
901836791994,3,9.178463,0.7746391,1.6125966,
901846801759,3,9.294322,0.8704399,1.5594571,
901856842042,3,9.387728,0.8620573,1.5097604,
901866851808,3,9.19433,0.8443941,1.518143,
901876861574,3,9.015602,0.7575746,1.1573932,
901886871339,3,9.061108,0.9234297,1.2590318,
901896911622,3,9.486672,0.86669767,1.3497432,
901906921388,3,9.557924,0.84888476,1.2141252,
901917114259,3,9.621392,0.80083466,1.3584251,
901927124025,3,9.540561,0.66312104,1.3112732,
901937164308,3,9.560469,0.8029303,1.3627661,
901947143556,3,9.664502,0.51912045,1.3480966,
901957214357,3,9.710157,0.46957353,1.3623171,
901967193605,3,9.591904,0.4671785,1.5608042,
901977203371,3,9.670341,0.29952714,1.9291883,
901987243654,3,9.667347,0.50250506,1.6859441,
901997070314,3,9.682466,0.35476226,1.4682966,
902007141115,3,9.633667,0.48559022,1.524879,
902017120363,3,9.375454,0.5346881,1.4350657,
902027130128,3,9.449699,0.52825147,1.2308904,
902037353517,3,9.360485,0.6397696,1.348396,
902047363283,3,9.640253,0.6126759,1.2743001,
902057373048,3,9.536968,0.54696256,1.2708572,
902067382814,3,9.588161,0.7503896,1.3072315,
902077392579,3,9.549691,0.66940796,1.4078224,
902087432863,3,9.552236,0.60324556,1.6232245,
902097442628,3,9.494307,0.57660097,1.7233663,
902107452394,3,9.5217,0.47870454,1.5667919,
902117462160,3,9.602531,0.5343887,1.4799724,
902127502443,3,9.610615,0.4831952,1.4093193,
902137542726,3,9.494756,0.5474117,1.3479469,
902147552492,3,9.495953,0.6450087,1.0484198,
902157562257,3,9.427096,0.651595,1.0475217,
902167602541,3,9.400302,0.6885681,1.137784,
902177612306,3,9.384135,0.59770703,1.2386742,
902187622072,3,9.613459,0.61507094,1.221909,
902197631837,3,9.473499,0.70623136,1.1350895,
902207641603,3,9.501342,0.73407346,1.3998889,
902217651368,3,9.552236,0.8105644,1.3756393,
902227691652,3,9.5544815,0.63557833,1.3356725,
902237701417,3,9.526789,0.65114594,1.3102254,
902247741701,3,8.841663,0.6819818,0.7499405,
902257568361,3,9.28085,1.0318043,0.9951306,
902267578127,3,9.4860735,0.8114626,1.1590397,
902277618410,3,9.701924,0.64635587,1.4870077,
902287628175,3,9.645193,0.5420229,1.626817,
902297637941,3,9.775871,0.72643936,1.5299684,
902307678224,3,9.736802,0.80592406,1.5814613,
902317871095,3,9.696386,0.6354286,1.3581258,
902327880861,3,9.657916,0.7006929,1.2316388,
902337921144,3,9.529334,0.7165599,1.311872,
902347930910,3,9.486822,0.85921323,1.0359956,
902357940675,3,9.31498,0.66791105,1.0900333,
902367950441,3,9.257648,0.59890455,0.9806108,
902377990724,3,9.497899,0.6129753,0.84873503,
902387817384,3,9.4788885,0.6803352,1.1222163,
902397827150,3,9.647887,0.6360274,1.0746154,
902407867433,3,9.556726,0.57390654,1.2765454,
902418029787,3,9.541758,0.5343887,1.1891272,
902428070070,3,9.554032,0.46373567,1.1937675,
902438079836,3,9.524544,0.53364027,1.2606784,
902448089601,3,9.443562,0.5132826,1.2466077,
902458129884,3,9.650581,0.48858398,1.2759466,
902468139650,3,9.402099,0.65518755,1.3654605,
902478179933,3,9.4121275,0.57255936,1.1588901,
902488189699,3,9.528735,0.4418811,1.1859838,
902498199464,3,9.503886,0.46164,1.1506572,
902508209230,3,9.545799,0.30566436,1.2930112,
902518249513,3,9.504785,0.43379793,1.2458593,
902528259279,3,9.545799,0.50864226,1.2823833,
902538269044,3,9.506881,0.57225996,1.2304413,
902548278810,3,9.662107,0.5084926,1.2516971,
902558319093,3,9.63696,0.4712201,1.3106744,
902568328859,3,9.558373,0.45445496,1.2918136,
902578369142,3,9.668694,0.470771,1.4049783,
902588195802,3,9.596395,0.62420195,1.0919793,
902598205568,3,9.453292,0.54097503,1.1722124,
902608215333,3,9.4402685,0.5629793,1.3112732,
902618255617,3,9.669742,0.49741563,1.3156142,
902628265382,3,9.690997,0.45565248,1.3135185,
902638275148,3,9.494307,0.6170169,1.3736933,
902648468019,3,9.56481,0.65458876,1.2582834,
902658508302,3,9.621692,0.5188211,1.332529,
902668518068,3,9.583521,0.49322432,1.2434642,
902678527833,3,9.5452,0.52855086,1.1963123,
902688568117,3,9.491762,0.4870871,1.1554472,
902698577882,3,9.52589,0.631387,1.1599379,
902708618165,3,9.607022,0.65099627,1.2054433,
902718627931,3,9.709708,0.68841845,1.2117302,
902728637697,3,9.482182,0.61282563,1.1282039,
902738647462,3,9.398655,0.82643145,1.1178753,
902748687745,3,9.530231,0.690065,1.3474978,
902758697511,3,9.561966,0.7161108,1.3085788,
902768737794,3,9.425899,0.9710307,1.2982503,
902778747560,3,9.449699,0.8601114,1.0654843,
902788757325,3,9.457334,0.8572673,1.1515553,
902798797609,3,9.470506,0.75398207,1.069526,
902808807374,3,9.327105,0.57705003,1.115181,
902818817140,3,9.561367,0.52600616,1.2205619,
902828826906,3,9.565708,0.5493576,1.2618759,
902838836671,3,9.645493,0.68811905,1.3498929,
902848876955,3,9.5696,0.5095404,1.4313235,
902858886720,3,9.45853,0.6755452,1.3726456,
902868896486,3,9.416918,0.4896318,1.4215938,
902878936769,3,9.655821,0.6078859,1.3528867,
902888946535,3,9.565708,0.51657575,1.3582754,
902898986818,3,9.722732,0.5661228,1.3177098,
902908996584,3,9.530082,0.5125342,1.332978,
902919006349,3,9.630822,0.6197113,1.2133768,
902929016115,3,9.62259,0.583786,1.2186159,
902939025880,3,9.628727,0.44247985,1.1392808,
902949127199,3,9.545051,0.41867936,1.137784,
902959075929,3,9.560618,0.46493316,1.0645862,
902969116213,3,9.602232,0.5230124,1.1621833,
902979125978,3,9.526789,0.6524931,1.115181,
902989135744,3,9.486672,0.62195665,1.2097843,
902999145509,3,9.527837,0.55384827,1.2549902,
903009185793,3,9.456585,0.5548961,1.069975,
903019195558,3,9.567354,0.62165725,1.2054433,
903029205324,3,9.5423565,0.5043013,1.2117302,
903039215090,3,9.528286,0.5119354,1.1217673,
903049255373,3,9.467362,0.4219725,1.2142749,
903059265138,3,9.507628,0.54247195,1.2723541,
903069305421,3,9.683513,0.43619293,1.2814851,
903079315187,3,9.554032,0.5625302,1.4022839,
903089324953,3,9.513766,0.5704637,1.1154803,
903099365236,3,9.636511,0.49127838,1.2247531,
903109375001,3,9.661658,0.47466293,1.2792398,
903119384767,3,9.570199,0.5040019,1.2775933,
903129394533,3,9.639205,0.44517425,1.3376184,
903139404298,3,9.562715,0.45969406,1.4500346,
903149414064,3,9.505533,0.5011578,1.2123289,
903159454347,3,9.623338,0.44502458,1.2485536,
903169464113,3,9.461076,0.33934432,1.2889695,
903179504396,3,9.616901,0.47840515,1.3123211,
903189514162,3,9.490864,0.54726195,1.2490027,
903199523927,3,9.465716,0.42781037,1.237327,
903209533693,3,9.537566,0.36209702,1.049767,
903219573976,3,9.570947,0.4020639,1.1035053,
903229583742,3,9.325308,0.37811372,0.9963281,
903239593507,3,9.541907,0.20282821,1.1311977,
903249633790,3,9.491612,0.26569748,1.1416758,
903259643556,3,9.435629,0.29877868,1.0647359,
903269683839,3,9.409433,0.3927832,0.9858499,
903279693605,3,9.399553,0.4206253,0.98450273,
903289520265,3,9.4012,0.2520758,0.92208254,
903299530031,3,9.388476,0.2615062,0.9858499,
903309539796,3,9.3277025,0.24264541,0.7845186,
903319549562,3,9.354946,0.23740631,0.8827144,
903329772951,3,9.457184,0.21136047,0.809816,
903339782716,3,9.360934,0.27677444,0.7247928,
903349822999,3,9.52634,0.2733316,0.5014572,
903359649660,3,9.505982,0.52914965,0.47406417,
903369659425,3,9.369616,0.52376086,0.5351372,
903379669191,3,9.423504,0.49337402,0.7658075,
903389678956,3,9.602382,0.5864804,0.832419,
903399688722,3,9.457932,0.38664597,0.74515045,
903409729005,3,9.477093,0.28066635,0.79484713,
903419708253,3,9.501641,0.37901184,0.76281375,
903429779054,3,9.496252,0.33410522,0.82583266,
903439788820,3,9.652977,0.3276686,0.7577243,
903449798585,3,9.7161455,0.47136977,0.85786605,
903459838868,3,9.682466,0.46508285,0.7893086,
903470031740,3,9.700278,0.43050477,0.7496411,
903480072023,3,9.664502,0.40311173,0.84888476,
903490081788,3,9.639205,0.6104306,0.9222322,
903499938966,3,9.79084,0.62420195,0.9062155,
903509948732,3,9.741892,0.58184004,0.86894304,
903519958498,3,9.79548,0.4510121,0.92747134,
903529968263,3,9.759255,0.5029541,0.87208647,
903539978029,3,9.951007,0.7225475,0.8330177,
903549987794,3,9.663156,0.7842192,0.65488815,
903560028078,3,9.566157,1.1073972,0.3607498,
903570037843,3,9.462722,1.131048,0.05478607,
903580078127,3,9.361084,1.1922706,-0.008831634,
903590087892,3,9.586514,1.1090437,-0.13861175,
903600097658,3,9.659264,1.1138338,0.04670288,
903610137941,3,9.789493,1.051713,0.038020935,
903620147707,3,9.857901,1.0359956,0.09999207,
903630157472,3,9.689052,1.1319461,0.05987549,
903640167238,3,9.620943,1.0202783,0.18486556,
903650177004,3,9.6179495,1.0452763,0.30027556,
903660217287,3,9.538165,0.932411,0.22602996,
903670227052,3,9.530231,0.96803695,0.2549199,
903680236818,3,9.493258,0.8020322,0.35940263,
903690277101,3,9.332493,0.75143737,0.37497026,
903700286867,3,9.438922,0.6994954,0.5584886,
903710296632,3,9.446107,0.6800358,0.5454657,
903720336916,3,9.407637,0.66401917,0.626597,
903730346681,3,9.509126,0.6095325,0.66252226,
903740356447,3,9.457783,0.58977354,0.44487488,
903750366213,3,9.354497,0.55669236,0.29518616,
903760375978,3,9.283095,0.6453081,0.2323169,
903770416261,3,9.29043,0.6752458,0.2122586,
903780639650,3,9.297317,0.88316345,0.2520758,
903790618898,3,9.164243,1.0303074,0.13352233,
903800659181,3,9.125922,1.1187735,0.29144394,
903810699464,3,8.99734,1.1916718,0.15896942,
903820709230,3,9.103169,0.76925033,0.047451325,
903830718996,3,9.318722,0.8659493,-0.009131012,
903840728761,3,9.388926,0.7521858,0.22902374,
903850769044,3,9.467362,0.6394702,0.15612534,
903860809328,3,9.494606,0.8083191,0.3161426,
903870635988,3,9.7023735,0.7086264,0.27632537,
903880645753,3,9.905352,0.7813751,0.31524444,
903890655519,3,9.88679,0.63647646,0.36658767,
903900695802,3,9.989178,0.69859725,0.33874556,
903910705568,3,9.80042,0.7873627,0.3568579,
903920898439,3,9.905651,1.0280621,0.46089157,
903930908205,3,9.923464,1.0219249,0.67210233,
903940917970,3,10.051148,0.9807605,0.55923706,
903950744630,3,10.056987,0.7918533,0.5798941,
903960784913,3,10.364746,1.0476713,0.6280939,
903970794679,3,10.297236,0.69605255,0.7722441,
903980804445,3,10.306967,0.66686326,0.9508228,
903990814210,3,10.410701,0.67210233,0.8903485,
904000854494,3,10.365944,0.6593788,0.9735754,
904010864259,3,10.439291,0.52540743,0.9515712,
904020874025,3,10.34364,0.44622207,1.0237212,
904030883790,3,10.472523,0.30701157,0.9969269,
904040893556,3,10.381811,0.28994706,0.9355545,
904050903322,3,10.293794,0.39233413,0.7800279,
904060943605,3,10.210118,0.40131545,0.60294616,
904070953371,3,10.029893,0.23186783,0.13906083,
904080993654,3,10.365644,0.40041733,0.43574387,
904091033937,3,10.428364,0.6899153,0.2667453,
904101013185,3,10.566676,0.8171507,0.34712815,
904111022951,3,10.551707,0.7455995,0.23471192,
904121063234,3,10.320888,0.3381468,0.25536895,
904131072999,3,9.542656,0.09789643,1.2496015,
904141113283,3,9.68516,-0.17124389,0.278421,
904151123048,3,10.059531,-0.26330245,-0.13187577,
904161163331,3,10.837913,-0.540526,-0.42167312,
904171173097,3,11.389814,-0.5490582,-0.30177248,
904181182863,3,11.346555,-0.5300478,0.019758912,
904191192628,3,10.729538,-0.51208514,0.5098398,
904201202394,3,10.142159,-0.49187714,1.3150154,
904211242677,3,9.452693,-0.11032059,2.2016218,
904221252443,3,8.934919,-0.32063323,2.577939,
904231292726,3,8.738977,-0.106728055,2.8145971,
904241302492,3,9.172925,0.11600876,3.0599368,
904251312257,3,9.491762,0.3927832,3.1313384,
904261322023,3,9.31947,0.51747394,3.2980917,
904271362306,3,9.188942,0.49951127,3.161725,
904281372072,3,8.787327,0.7288344,2.841541,
904291381837,3,8.532257,0.86190766,2.6418562,
904301422121,3,8.477471,1.2379258,2.0865111,
904311431886,3,8.528814,1.1476635,1.7296531,
904321441652,3,8.793464,1.2490027,1.3778846,
904331481935,3,8.923992,1.0708731,1.1594888,
904341491701,3,9.078321,1.0196795,1.2096345,
904351531984,3,9.214389,1.0538086,1.4784755,
904361511232,3,9.169183,0.8490344,1.7790505,
904371551515,3,8.971294,0.64381117,2.1627026,
904381561281,3,8.76652,0.65803164,2.3396347,
904391601564,3,8.570128,0.4565506,2.506837,
904401611330,3,8.662037,0.39787263,2.4629781,
904411621095,3,8.810379,0.40161484,2.4286995,
904421661378,3,8.703201,0.46418473,2.2679338,
904431671144,3,8.861722,0.27348128,2.1981788,
904441680910,3,9.034613,0.5119354,1.936972,
904451690675,3,8.879086,0.15313156,1.8024019,
904461730959,3,8.889115,0.12798385,1.3876145,
904471740724,3,9.029373,-0.3634442,0.9406439,
904481750490,3,8.902587,-0.4420308,0.5932164,
904491790773,3,9.236393,-0.4047583,0.35146913,
904501800539,3,9.34851,-0.2826123,0.3381468,
904511779787,3,9.278456,-0.085621946,0.1074765,
904521820070,3,8.926987,-0.022752685,0.27093658,
904531829836,3,8.940758,0.07259903,0.3344046,
904541870119,3,8.765173,0.2811154,0.5780978,
904551879884,3,8.767717,0.36823425,0.58079225,
904561889650,3,8.866812,0.35940263,0.567919,
904571899416,3,8.8090315,0.2321672,0.4405339,
904581970216,3,8.969797,0.2176474,0.37227586,
904591949464,3,9.065449,0.13950989,0.24234603,
904601989748,3,9.222472,0.1896556,0.13097763,
904611999513,3,9.32426,0.19848724,0.3686833,
904622009279,3,9.264534,0.15582596,0.41194335,
904632049562,3,9.588611,0.1818718,0.7408095,
904642059328,3,9.966874,-0.1803749,1.1752062,
904652069093,3,10.096055,-0.27437943,1.4060261,
904662078859,3,10.437495,-0.07873627,1.7564474,
904672119142,3,10.66607,-0.06331833,1.9853215,
904682098390,3,10.422976,-0.04550537,2.2453308,
904692138673,3,10.435399,-0.085472256,2.392774,
904702148439,3,10.072554,0.16211289,2.449057,
904712188722,3,10.167606,0.11331436,2.1055214,
904722198488,3,10.045161,0.20791763,1.6166382,
904732208253,3,9.985735,0.1261876,1.1317964,
904742248537,3,10.2668495,0.1633104,0.6084846,
904752258302,3,10.699001,0.26824218,0.25956023,
904762268068,3,11.12756,0.47301635,0.23710693,
904772277833,3,11.259136,0.51462984,0.29623398,
904782318117,3,10.90183,0.85846484,0.6192622,
904792358400,3,10.582244,1.2076886,1.0557545,
904802368165,3,10.057884,1.1398796,1.3747412,
904812377931,3,10.03588,1.2958553,1.5420932,
904822418214,3,9.942325,1.5826589,1.8121316,
904832427980,3,10.071357,1.5593075,2.0803738,
904842437745,3,10.150393,1.6979191,2.3293061,
904852447511,3,10.104588,1.6375946,2.4354355,
904862457277,3,10.181976,1.703757,2.4403753,
904872467042,3,10.10818,1.6206797,2.36104,
904882507325,3,10.083182,1.647025,2.2950275,
904892547609,3,10.187515,1.5320641,2.3349943,
904902557374,3,10.185868,1.4257851,2.366878,
904912567140,3,10.048155,1.5283219,2.4544458,
904922576906,3,10.009535,1.6169375,2.4153771,
904932617189,3,9.7691345,1.4576688,2.426454,
904942626955,3,9.730066,1.7298028,2.1044738,
904952667238,3,9.702523,1.6521144,1.8961071,
904962677004,3,9.537866,1.5560143,1.5983762,
904972686769,3,9.540859,1.1838881,1.2449611,
904982696535,3,9.476644,1.2484039,1.1533515,
904992736818,3,9.134006,1.1181748,1.3491445,
905002746584,3,9.0406,0.9852512,1.4699433,
905012756349,3,8.885822,0.9403446,1.5163467,
905022766115,3,8.54977,0.8479866,1.4346167,
905032836916,3,8.598719,0.6911128,1.3383669,
905042999269,3,8.345146,0.8494835,0.9942325,
905053039552,3,8.292605,0.8137079,0.8988808,
905063049318,3,8.131091,0.9195378,0.6879694,
905073059084,3,8.0806465,0.89004916,0.73856413,
905083068849,3,7.7987823,0.8092172,0.70428544,
905093078615,3,7.6395135,0.89798266,0.7177574,
905102905275,3,7.608528,0.7816745,0.61507094,
905112945558,3,7.8005786,0.780477,0.53304154,
905122955324,3,8.002957,0.9761202,0.57645124,
905132995607,3,8.139174,1.1936178,0.41299117,
905143005373,3,8.336913,1.171464,0.79679304,
905153228761,3,8.485703,1.3446537,0.90052736,
905163055421,3,8.486153,1.4021343,1.131048,
905173248293,3,8.602311,1.5467335,1.2684622,
905183258058,3,8.521629,1.3060341,1.1780503,
905193115236,3,8.730744,1.3335768,1.3159136,
905203125002,3,8.893007,1.2725039,1.2662169,
905213104250,3,9.279054,1.1752062,0.95441526,
905223144533,3,9.316177,0.98135924,1.1400293,
905233154298,3,9.711355,1.0455757,1.1120375,
905243194582,3,9.796228,0.9303154,1.4374608,
905253234865,3,9.922715,0.84110093,1.751358,
905263214113,3,9.801618,0.81984514,1.7142352,
905273223878,3,9.877809,0.6725514,1.8501526,
905283294679,3,10.087672,0.72389466,1.9660116,
905293304445,3,10.308164,0.71326673,1.6875906,
905303314210,3,10.464439,0.55803955,1.3328284,
905313293459,3,10.480306,0.43050477,1.2111315,
905323333742,3,11.025023,0.33635056,0.8056247,
905333343507,3,11.491004,0.0052391053,0.81700104,
905343353273,3,11.721076,-0.08307724,0.7379654,
905353393556,3,11.798315,-0.06990463,1.153651,
905363433839,3,11.511512,-0.22857468,1.5319144,
905373443605,3,11.186538,-0.0981958,2.2222788,
905383453371,3,11.018887,-0.30072463,2.7981312,
905393463136,3,10.828332,-0.2863545,3.093467,
905403503419,3,10.434651,-0.41478744,2.8297155,
905413513185,3,10.367142,-0.7066805,2.5186625,
905423553468,3,10.357561,-1.0964699,1.9152672,
905433746339,3,10.363549,-1.0671309,1.422941,
905443786622,3,10.376721,-1.0012679,1.1744577,
905453582765,3,9.994566,-0.8928932,1.083447,
905463592531,3,9.770632,-0.7180568,1.4727874,
905473632814,3,9.678574,-0.4540059,1.9787352,
905483642579,3,9.448502,-0.2891986,2.2043161,
905493652345,3,9.360485,-0.3439847,2.1996758,
905503662111,3,9.197324,-0.37661684,1.9972966,
905513732912,3,9.086555,-0.5780978,1.893263,
905523712160,3,9.262139,-0.78092605,1.0822494,
905533721925,3,9.38204,-0.8267308,0.95875627,
905543731691,3,9.301507,-0.68273026,1.0003697,
905553771974,3,9.188193,-0.6093828,0.92283094,
905563781740,3,8.802445,-0.26195526,1.3385166,
905573791505,3,8.778195,-0.12768447,1.3856685,
905583831788,3,8.751251,-0.005388794,1.7790505,
905593841554,3,8.46819,-0.053438872,1.8919158,
905603851320,3,8.30473,0.04535568,1.6046631,
905613891603,3,8.217611,0.039068755,1.3076806,
905623901368,3,8.052205,0.08187973,0.82523394,
905633941652,3,7.9222755,0.19998413,0.69754946,
905643951417,3,7.88171,0.17528549,0.42287064,
905653961183,3,7.6971436,-0.019309845,0.34997222,
905663970949,3,7.8153977,0.11570938,0.49921188,
905673980714,3,7.8466825,0.1434018,0.45460466,
905683990480,3,8.03095,0.14040802,0.6394702,
905694030763,3,8.086634,0.17034577,0.80936694,
905704071047,3,8.115074,0.24698639,0.8171507,
905714111330,3,8.185279,0.49996033,1.2067904,
905724121095,3,8.392747,0.33530274,1.321452,
905734344484,3,8.587193,0.407303,1.3698015,
905744171144,3,8.832683,0.4815486,1.3720468,
905754180910,3,9.157956,0.31090346,1.3784834,
905764190675,3,9.3944645,0.16750167,1.1617341,
905774200441,3,9.661209,-0.019758912,0.7990384,
905784210207,3,10.066866,0.1393602,0.6081853,
905794250490,3,10.330767,0.08652008,0.592917,
905804260255,3,10.162367,0.034578096,0.66955763,
905814270021,3,9.930948,0.045056306,0.8710387,
905824249269,3,9.965377,0.04565506,1.4371614,
905834289552,3,9.919722,0.0068856813,1.888922,
905844512941,3,9.990674,0.09759705,2.0279827,
905854370119,3,10.29065,0.10822494,2.2302122,
905864379884,3,10.547516,-0.031135254,2.2222788,
905874389650,3,10.51204,0.07858658,2.1445904,
905884399416,3,10.531949,0.13965958,1.7345929,
905894409181,3,10.603799,0.11660752,1.3780344,
905904449464,3,10.893147,0.42302033,0.9422905,
905914489748,3,11.076217,0.48229706,0.62989014,
905924499513,3,11.297606,0.5581892,0.5423222,
905934509279,3,11.279943,0.76161623,0.6930588,
905944519044,3,11.096275,0.8032297,0.979563,
905954559328,3,11.004066,0.91265213,1.510958,
905964569093,3,11.150312,0.8080197,1.9676583,
905974578859,3,11.34401,0.58184004,2.7864556,
905984588625,3,11.402389,0.48529083,3.234923,
905994598390,3,11.549084,0.66791105,3.6318974,
906004608156,3,11.474239,0.6569838,3.652255,
906014617921,3,11.500884,0.76191556,3.4081128,
906024688722,3,11.222612,0.83975375,3.1537917,
906034667970,3,11.1408825,1.1466156,2.6604176,
906044677736,3,10.380314,1.1542497,2.0679498,
906054718019,3,10.121652,1.223406,1.8922151,
906064758302,3,9.879605,1.2114308,1.701362,
906074768068,3,9.735156,1.0584489,1.5033238,
906084777833,3,9.756412,1.3736933,1.3265414,
906094787599,3,9.278007,1.4033318,1.3958473,
906104797365,3,8.8967495,1.3940511,1.3064831,
906114837648,3,8.361013,1.5935861,1.2422667,
906124847413,3,8.134234,1.4995816,1.1059003,
906134918214,3,7.87213,1.3425581,0.7405101,
906144897462,3,7.9288616,1.0385404,0.6183641,
906154907228,3,8.122858,0.8719368,0.60204804,
906164916994,3,8.086634,0.7008426,0.6119275,
906174957277,3,7.8291693,0.8111632,0.7694,
906184967042,3,7.752828,0.67868865,0.81535447,
906195007325,3,7.725435,0.52630556,1.0282118,
906205017091,3,7.7457924,0.3860472,0.84454376,
906215057374,3,7.6607695,0.51283354,0.9090596,
906225067140,3,7.5299416,0.7057823,0.76371187,
906235076906,3,7.5604777,0.6716533,0.6021977,
906245086671,3,7.4221654,0.53678375,0.7044351,
906255126955,3,7.4006104,0.6143225,0.55654263,
906265136720,3,7.565268,0.67389864,0.5733078,
906275329591,3,7.7921963,0.9303154,0.75682616,
906285186769,3,8.135881,1.041085,0.8255333,
906295379640,3,8.263566,1.0720706,1.0780581,
906305206300,3,8.62207,0.97881454,1.3457016,
906315216066,3,8.780591,0.9852512,1.4310242,
906325256349,3,8.914712,0.837209,1.5919396,
906335266115,3,9.0885,0.68407744,1.4338683,
906345275880,3,9.315878,0.70712954,1.5877483,
906355285646,3,9.625284,0.61147845,1.5281721,
906365295412,3,9.673933,0.7038364,1.4588662,
906375335695,3,9.882599,0.87148774,1.679208,
906385345460,3,9.832154,0.7050339,1.7754579,
906395568849,3,9.870624,0.837209,1.8229092,
906405364992,3,9.668095,0.91639435,1.9540366,
906415435793,3,9.959839,0.9523196,1.8999989,
906425445558,3,10.495724,0.9023236,1.6974701,
906435455324,3,10.645113,0.87208647,1.389261,
906445465090,3,11.120524,0.6822812,0.9234297,
906465484621,3,11.342663,0.732876,0.8095166,
906475524904,3,11.329191,0.5867798,1.2816348,
906485534670,3,11.197465,0.21255799,1.8452128,
906495544435,3,11.208692,0.23605911,2.7892997,
906505584718,3,11.196267,0.121098176,3.426375,
906515594484,3,11.182796,-0.13367203,3.9631586,
906525604250,3,11.139086,-0.5517526,4.043841,
906535614015,3,11.063942,-0.83346677,3.7314405,
906545623781,3,10.875634,-1.1645782,2.973267,
906555633547,3,10.821746,-1.2702584,2.2480252,
906565856935,3,10.660232,-1.1246114,2.259701,
906575683595,3,10.525961,-0.9523196,1.9570303,
906585723878,3,10.31535,-0.7099736,2.2505698,
906595733644,3,9.968071,-0.4236191,2.8101063,
906605773927,3,9.737102,-0.3544629,2.9048593,
906615783693,3,9.367371,-0.23516098,2.7114615,
906625823976,3,9.339528,0.013322297,2.5239015,
906635803224,3,9.15122,-0.1751358,1.9220031,
906645843507,3,9.200617,-0.21405487,1.3028907,
906655853273,3,9.185648,-0.12543915,1.0571017,
906665863039,3,9.075328,-0.018262023,0.74485105,
906675903322,3,8.857381,0.019010467,0.79484713,
906685882570,3,8.580756,0.024998017,0.9262738,
906695922853,3,8.518486,-0.024249572,1.3150154,
906705932619,3,8.463999,0.042361908,1.6684304,
906715942384,3,8.207732,0.25836274,1.7748592,
906725982667,3,8.140073,0.07484436,1.9755918,
906736022951,3,7.9734693,0.11361374,2.0083735,
906746063234,3,7.9507165,0.13471985,1.7905765,
906756042482,3,7.779772,-0.081430666,1.4000386,
906766052248,3,7.782616,0.1300795,0.8680449,
906776062013,3,7.6925035,0.06885681,0.5275031,
906786102296,3,7.7851605,0.2230362,0.47301635,
906796112062,3,7.7463913,0.103285216,0.558788,
906806152345,3,7.770491,0.29129425,0.6637198,
906816131593,3,7.8704834,0.23321503,0.941542,
906826171876,3,7.9867916,0.27782226,1.1070977,
906836212160,3,8.1319895,0.41314086,1.3705499,
906846252443,3,8.334369,0.33141083,1.2386742,
906856231691,3,8.745713,0.25447083,1.1488609,
906866241456,3,8.900192,0.33694932,1.1811937,
906876281740,3,9.042846,0.48903304,1.0171349,
906886291505,3,9.46871,0.8014334,1.0654843,
906896301271,3,9.464668,0.6286926,1.14931,
906906341554,3,9.455836,0.59501266,1.0972183,
906916351320,3,9.446856,0.35910323,0.9250763,
906926361085,3,9.936637,0.02574646,1.1127859,
906936401368,3,10.3440895,0.14564712,1.1106904,
906946411134,3,10.939102,-0.100291446,1.2633728,
906956420900,3,11.140733,-0.004191284,1.8401234,
906966461183,3,11.289823,0.060474243,2.427951,
906976470949,3,11.285931,0.016166382,3.0570927,
906986480714,3,11.09882,0.14519806,3.4645455,
906996490480,3,11.461965,0.1963916,3.3284783,
907006530763,3,11.883039,0.2933899,2.7933412,
907016540529,3,12.188404,0.16450791,2.4117846,
907026550294,3,12.415332,0.09415421,1.4049783,
907036560060,3,12.434492,0.33171022,0.773741,
907046600343,3,11.927946,0.6951544,0.445773,
907056640627,3,11.614347,0.8044272,0.44143203,
907066650392,3,11.092383,0.88481003,1.0818003,
907076660158,3,10.898387,1.0626402,1.5091617,
907086669923,3,10.986254,1.0557545,2.2341042,
907096679689,3,10.934312,0.8533754,2.8310628,
907106689455,3,10.921289,0.8569679,3.0476623,
907116729738,3,10.660531,1.121468,2.8599527,
907126739504,3,10.233469,0.9466315,2.649191,
907136749269,3,9.964329,1.0246193,2.2372477,
907146789552,3,9.754017,1.0346484,1.889371,
907156829836,3,9.8712225,1.228645,1.7808467,
907166839601,3,9.7498255,1.4139596,1.7199234,
907176849367,3,9.623787,1.4376105,1.6096028,
907186859132,3,9.430988,1.5266752,1.5723304,
907196868898,3,9.402697,1.5329622,1.4543756,
907206878664,3,9.151968,1.6193326,1.3156142,
907216918947,3,8.80499,1.5932868,1.0060579,
907226928713,3,8.496482,1.5124549,0.9939331,
907236938478,3,8.118966,1.4356645,0.90531737,
907246978761,3,7.9703255,1.2150234,0.8152048,
907257019044,3,7.903265,1.2198133,0.7873627,
907267028810,3,7.863747,1.1770024,0.89364165,
907277038576,3,7.861801,1.0611434,1.1177257,
907287078859,3,7.7392063,0.8063731,1.1862831,
907297088625,3,7.806716,0.77299255,1.3506414,
907307098390,3,7.5107813,0.84454376,1.1711645,
907317108156,3,7.366182,0.8608598,1.0467732,
907327148439,3,7.066954,0.6120772,0.9807605,
907337127687,3,7.195088,0.6328839,0.6918613,
907347167970,3,7.377259,0.66401917,0.83541274,
907357177736,3,7.761959,0.76640624,0.64860123,
907367218019,3,7.910899,0.7905061,0.74739575,
907377227785,3,8.014483,0.7680528,0.8551717,
907387237550,3,8.16552,0.6831793,0.8837622,
907397247316,3,8.428373,0.8662486,0.9238788,
907407257082,3,8.655451,0.8876541,1.0482701,
907417266847,3,8.739127,0.88855225,1.1915222,
907427307130,3,8.846154,0.93600357,1.2304413,
907437316896,3,9.109008,0.97462326,1.2903168,
907447326662,3,9.379196,0.8797206,1.2350817,
907457366945,3,9.561517,0.5980064,1.4323714,
907467376710,3,9.675281,0.6300398,1.2609777,
907477386476,3,9.74728,0.6445596,1.1605366,
907487396242,3,9.793534,0.565524,1.1924204,
907497436525,3,9.855804,0.531844,1.4003379,
907507446290,3,9.946965,0.7066805,1.5840061,
907517456056,3,10.0263,0.81789917,1.7173787,
907527496339,3,10.208471,0.91549623,1.5600559,
907537506105,3,10.391091,0.8662486,1.4688954,
907547576906,3,10.6552925,0.898282,1.1057506,
907557556154,3,10.949281,0.86325485,0.99213684,
907567565919,3,11.098221,0.5348378,1.1460168,
907577606202,3,11.5243845,0.5670209,1.2885205,
907587615968,3,11.653716,0.4351451,1.9315833,
907597625734,3,11.448942,0.2269281,2.894381,
907607666017,3,11.450289,0.030386811,3.2635136,
907617645265,3,11.250305,-0.37212616,3.5127451,
907627685548,3,11.032508,-0.60579026,3.1780412,
907637695314,3,11.005414,-0.6553372,2.556384,
907647735597,3,10.784773,-0.7629634,1.8137783,
907657745363,3,10.514435,-0.8152048,1.6784596,
907667755128,3,10.23317,-0.355361,1.8592836,
907677764894,3,10.048155,0.042062532,1.8525476,
907687805177,3,9.947115,0.09265732,2.3188279,
907697814943,3,9.596395,0.33380586,2.299518,
907707855226,3,9.457633,0.17932709,2.11585,
907717864992,3,9.558673,-0.0019459534,1.4492862,
907727874757,3,9.376351,0.09071136,0.9198372,
907737915041,3,9.557176,-0.2856061,0.3793112,
907747924806,3,9.494606,-0.4125421,0.23830444,
907757934572,3,9.579779,-0.4314029,0.45550278,
907767974855,3,9.325757,-0.30102402,0.94273955,
907777954103,3,9.161399,-0.18546432,1.2728032,
907787994386,3,8.975336,-0.14355148,2.11585,
907798004152,3,8.80978,0.00464035,2.186952,
907808013917,3,8.6559,0.16630417,2.233206,
907818054201,3,8.332722,0.09415421,2.1751268,
907828063966,3,8.109237,0.11451187,1.662892,
907838073732,3,7.957003,0.104782104,1.0479708,
907848083498,3,7.848928,0.061222687,0.52510804,
907858123781,3,7.788005,0.22049148,0.10523117,
907868103029,3,7.755223,0.19339782,-0.22588028,
907878143312,3,7.680528,0.30192214,0.18666184,
907888153078,3,7.748038,0.3305127,0.4552034,
907898162843,3,7.8005786,0.34473312,0.7149133,
907908172609,3,7.585925,0.45505372,1.002166,
907918243410,3,7.7630067,0.53109556,1.2560381,
907928253175,3,7.951764,0.53453845,1.11084,
907938293459,3,8.162676,0.36703673,1.06758,
907948303224,3,8.447534,0.47975236,1.024769,
907958343507,3,8.746761,0.7408095,1.1066487,
907968322755,3,8.835826,0.79799056,1.0933264,
907978332521,3,9.087153,0.74904233,1.1162288,
907988372804,3,9.287886,0.6930588,0.92807007,
907998382570,3,9.49715,0.44966492,0.82268924,
908008422853,3,9.6830635,0.3266208,0.91235274,
908018432619,3,9.777667,0.15103592,1.0520123,
908028625490,3,9.984238,0.31494507,1.2198133,
908038482667,3,9.866881,0.46014312,1.4618601,
908048522951,3,10.007739,0.5571414,1.9353255,
908058502199,3,10.059232,0.69066375,1.9700532,
908068511964,3,10.0207615,0.69246,2.100582,
908078552248,3,10.365195,0.78062665,1.8507514,
908088592531,3,10.570269,0.821342,1.6328045,
908098602296,3,10.889405,0.9716295,1.4808705,
908108612062,3,11.065439,1.0623409,1.3792319,
908118621828,3,11.230396,1.0837463,1.3121713,
908128662111,3,11.493999,1.1771522,1.1629317,
908138641359,3,11.381433,1.2308904,1.2591815,
908148681642,3,11.283686,1.3344749,1.497935,
908158691408,3,11.049273,1.3477973,1.850901,
908168701173,3,11.302846,1.3248949,2.5271947,
908178741456,3,11.520942,1.2678635,2.971321,
908188751222,3,11.657758,1.0350975,3.2347732,
908198760988,3,11.651321,1.1985576,3.4211357,
908208770753,3,11.601475,1.206042,3.4834063,
908218841554,3,11.287428,1.1591895,3.2476466,
908228851320,3,10.806328,1.3268409,3.109933,
908238861085,3,10.309062,1.3433065,2.8240273,
908248870851,3,10.088271,1.2945081,2.7077193,
908258911134,3,9.974808,1.4964381,2.6098228,
908268920900,3,9.849218,1.4521303,2.532284,
908278930665,3,9.9379835,1.4608122,2.395319,
908288940431,3,9.490714,1.2440629,2.3093977,
908298980714,3,9.246272,1.1587404,2.2903872,
908308990480,3,8.979228,1.1440709,2.074536,
908319000245,3,8.500374,1.0939251,1.9119741,
908329010011,3,8.308323,0.9238788,1.6916323,
908339019777,3,8.095166,0.7934999,1.5717316,
908349060060,3,7.921976,0.5854326,1.4178516,
908359069825,3,7.984995,0.5221143,1.3635145,
908369079591,3,7.6975927,0.2826123,0.9051677,
908379089357,3,7.6842704,0.318837,0.8152048,
908389099122,3,7.6019416,0.2969824,0.5680687,
908399139406,3,7.514374,0.23995101,0.49651748,
908409149171,3,7.5532928,0.26315278,0.5812413,
908419158937,3,7.3851924,0.45550278,0.5680687,
908429199220,3,7.4312963,0.58049285,0.83406556,
908439178468,3,7.446265,0.59501266,0.9473799,
908449218751,3,7.373816,0.87942123,1.0041119,
908459228517,3,7.6134677,0.8687933,1.1787987,
908469238283,3,7.813751,0.9608519,1.0234218,
908479461671,3,8.126152,1.0919793,1.2398716,
908489501955,3,8.54049,1.1431727,1.3123211,
908499328615,3,8.529413,1.2293935,1.3564792,
908509338380,3,8.623568,1.0162368,1.207988,
908519348146,3,8.83867,0.91384965,1.1882291,
908529357912,3,9.340876,0.9199869,1.2582834,
908539367677,3,9.525442,0.7933502,1.2787907,
908549407960,3,9.770482,0.8111632,2.0407064,
908559448244,3,9.691446,0.7259903,2.2845492,
908569458009,3,9.457783,0.7069798,2.6053321,
908579467775,3,9.591005,1.0394385,3.0587394,
908589508058,3,9.6228895,1.1515553,2.9442275,
908599517824,3,9.710457,1.5028747,2.7303224,
908609558107,3,10.325079,1.7491127,2.3056555,
908619567873,3,10.632839,1.7991087,1.5914905,
908629608156,3,10.905123,1.8917661,1.0059083,
908639617921,3,10.919942,1.5822098,0.5037025,
908649627687,3,11.109747,1.2259506,0.4418811,
908659637453,3,11.484118,0.87627774,0.62824357,
908669647218,3,11.567945,0.5011578,1.6108003,
908679687501,3,11.485915,0.15911911,2.5743465,
908689697267,3,11.574531,-0.21570145,3.4206867,
908699707033,3,11.28623,-0.7728429,3.9457946,
908709716798,3,11.333083,-0.9425899,3.7764966,
908719726564,3,11.3588295,-1.3223501,3.2870147,
908729766847,3,10.753787,-1.7332457,3.0020072,
908739776613,3,10.773097,-1.4447955,3.031945,
908749816896,3,10.857821,-1.1972104,3.2741413,
908759826662,3,10.683434,-0.9900412,3.6142342,
908769836427,3,9.864636,-0.51822233,4.027824,
908779876710,3,9.442065,-0.36958146,4.0856037,
908789886476,3,8.966804,-0.15208374,3.9978864,
908799896242,3,8.86307,0.05583389,3.6413279,
908809936525,3,8.961564,0.21600083,2.762655,
908819915773,3,8.699459,0.120050356,1.9931053,
908829956056,3,8.773406,0.031883698,1.3018428,
908839965822,3,8.983269,-0.105530545,0.5195696,
908850006105,3,9.083112,0.05583389,0.40595582,
908860015871,3,8.917855,-0.12798385,0.540526,
908870025636,3,8.929681,0.046253815,0.8864566,
908880035402,3,8.685089,0.022004241,1.1410772,
908890045167,3,8.54049,-0.015717316,1.8603314,
908900085451,3,8.312365,-0.176483,1.8354831,
908910095216,3,8.138426,-0.2163002,1.8621277,
908920318605,3,8.076605,-0.27827132,1.7193246,
908930328371,3,7.9511657,-0.29832962,1.3774356,
908940155031,3,7.6895094,-0.3465294,1.0756631,
908950225831,3,7.808662,-0.14879058,0.8424481,
908960205079,3,7.590565,0.15058686,0.77149564,
908970214845,3,7.6471477,0.0676593,0.6864725,
908980255128,3,7.419621,0.23785537,0.6825806,
908990264894,3,7.6091266,0.34039214,0.9318123,
909000274660,3,7.68457,0.43544447,1.2528946,
909010345460,3,8.070766,0.34308654,1.3600717,
909020507814,3,8.533605,0.36045045,1.5564634,
909030334474,3,8.701256,0.27946883,1.6967217,
909040374757,3,9.098081,0.55953646,1.6322058,
909050384523,3,9.335636,0.47136977,1.6163388,
909060394288,3,9.518705,0.3382965,1.3230987,
909070404054,3,9.472153,0.41718248,1.273402,
909090454103,3,9.550889,0.28201354,1.4470409,
909100463868,3,9.747879,0.1790277,1.710942,
909110504152,3,9.886042,0.36134857,1.8134788,
909120513917,3,10.030043,0.3568579,1.8998493,
909130523683,3,10.148446,0.49861312,2.1576133,
909140533449,3,10.192754,0.54591477,2.3156846,
909150543214,3,10.31505,0.47720763,2.2327569,
909160614015,3,10.441088,0.4010161,2.1859045,
909170623781,3,10.943593,0.49202684,1.6612455,
909180633547,3,11.401191,0.52196455,1.3251942,
909190643312,3,11.73829,0.20956421,1.0538086,
909200653078,3,11.938873,0.40580612,0.6822812,
909210693361,3,11.978091,0.5933661,0.86295545,
909220703127,3,11.711197,0.64919996,1.1701168,
909230712892,3,11.477383,0.62599826,1.7928218,
909240722658,3,11.763438,0.8637039,2.653532,
909250762941,3,11.671229,1.0014175,3.2953973,
909260772707,3,11.563753,0.8336165,3.6410284,
909270812990,3,11.223361,1.0023156,3.8805304,
909280822755,3,10.93027,1.1067984,3.8529878,
909290832521,3,10.721155,0.954565,3.5378928,
909300842287,3,10.26206,1.2034973,3.4221835,
909310882570,3,9.828113,1.3762381,3.031945,
909320892336,3,9.8165865,1.5196398,2.8699818,
909330902101,3,9.629026,1.5822098,2.8172915,
909340942384,3,9.671987,1.6860938,2.6686506,
909350952150,3,9.736353,1.5425422,2.5951533,
909360961916,3,9.5070305,1.7230668,2.215393,
909370971681,3,9.393267,1.5184424,1.8453625,
909381011964,3,9.19463,1.4293776,1.8390756,
909391021730,3,8.839269,1.3522879,1.5462844,
909401245119,3,8.364756,1.1163784,1.453178,
909411071779,3,8.0999565,1.1421249,1.3091775,
909421081544,3,7.9092526,0.87672687,1.4422508,
909431091310,3,7.863897,0.77838135,1.3689034,
909441101076,3,7.8188405,0.85127974,1.2924124,
909451141359,3,7.640412,1.0008187,1.4221926,
909461181642,3,7.361392,0.8981323,1.5829582,
909471374513,3,7.410789,1.0331515,1.5151492,
909481201173,3,7.322772,1.1919713,1.2540921,
909491210939,3,7.221882,1.1864328,1.1064991,
909501220705,3,7.2539153,1.2120296,1.1599379,
909511230470,3,7.474706,1.2088861,1.0828482,
909521270753,3,7.7255845,1.3290862,1.1867322,
909531280519,3,7.9522133,1.250799,1.3076806,
909541290285,3,8.012089,1.2644206,1.3497432,
909551300050,3,8.1352825,1.2822336,1.3409115,
909561309816,3,8.093669,1.0163864,1.359922,
909571350099,3,8.472382,0.95695996,1.2683126,
909581359865,3,8.694071,0.84454376,1.0211765,
909591369630,3,9.007519,0.74036044,0.7538324,
909601409913,3,9.421857,0.75053924,0.6619235,
909611419679,3,9.664652,0.68018556,0.3546126,
909621459962,3,10.086475,0.47047165,0.7123686,
909631469728,3,9.974808,0.5468129,0.65354097,
909641479494,3,9.75252,0.5525011,0.8637039,
909651489259,3,9.772279,0.4752617,1.3593233,
909661529542,3,9.78126,0.7936496,1.8526973,
909681549074,3,9.773625,0.7381151,1.6587007,
909691589357,3,9.734557,0.9419911,1.3810282,
909701599122,3,10.104737,1.0975177,1.0800041,
909711639406,3,10.444381,1.0982661,1.0189312,
909721649171,3,10.782528,0.83810717,0.84619033,
909731658937,3,11.08415,0.7099736,1.1027569,
909741668702,3,11.267818,0.35790575,1.5810122,
909751708986,3,11.218271,0.20193009,2.0612137,
909761718751,3,11.342962,-0.21375549,2.6638606,
909771728517,3,11.4046335,-0.7855664,2.8207343,
909781738283,3,11.551478,-1.1838881,2.7482848,
909791748048,3,11.427087,-1.3850697,2.2376966,
909801818849,3,11.1762085,-1.3922548,2.0356169,
909811798097,3,10.769055,-1.3064831,2.2305117,
909821807863,3,10.427616,-1.1391312,2.605033,
909831848146,3,10.351724,-0.9916878,3.2437546,
909841857912,3,9.946217,-0.64949936,4.0622525,
909851898195,3,9.712403,-0.58198977,4.0118074,
909861907960,3,9.278156,-0.24144791,3.871998,
909871917726,3,9.369765,-0.19339782,3.325784,
909881958009,3,9.270822,-0.1008902,2.8168423,
909891967775,3,9.203911,-0.2836601,1.8601817,
909902008058,3,9.19433,-0.22543122,1.2247531,
909912017824,3,9.256302,-0.21210891,0.7825726,
909922027590,3,9.325757,-0.19205064,0.59665924,
909932037355,3,9.251661,-0.014819183,0.8653505,
909942077638,3,9.076226,0.010478211,1.127156,
909952087404,3,8.891809,0.21165985,1.4747332,
909962097170,3,8.586594,0.2296225,1.91871,
909972106935,3,8.280031,0.18097366,2.0058289,
909982116701,3,7.943382,0.18516494,1.9044896,
909992156984,3,7.6655593,0.14879058,1.540746,
910002166750,3,7.665709,0.4008664,1.1520044,
910012207033,3,7.5754466,0.33500335,0.75338334,
910022216798,3,7.6357713,0.37497026,0.6146219,
910032196047,3,7.5029974,0.22842498,0.59531206,
910042205812,3,7.2495747,0.352966,0.6288423,
910052246095,3,7.4744067,0.42960662,0.8884026,
910062255861,3,7.394473,0.38589752,1.1713142,
910072265627,3,7.4122863,0.27422974,1.3693525,
910082275392,3,7.5980496,0.3915857,1.5977774,
910092346193,3,8.036637,0.45071274,1.6642392,
910102355959,3,8.368648,0.343835,1.5081139,
910112365724,3,8.85274,0.3411406,1.4278808,
910122406007,3,9.251362,0.26569748,1.2907659,
910132415773,3,9.501941,0.09235794,0.88885164,
910142425539,3,9.339378,0.060623933,0.78856015,
910152465822,3,9.338331,-0.009580079,0.62480074,
910162445070,3,9.228609,-0.3632945,0.65608567,
910172485353,3,9.591155,-0.4376898,0.89394104,
910182495119,3,9.859397,-0.7012917,1.1844869,
910192535402,3,10.306068,-0.4897815,1.7074993,
910202545167,3,10.440788,-0.42421782,1.959575,
910212585451,3,10.569521,-0.062120818,2.3065536,
910222595216,3,10.652747,0.3716771,2.5312362,
910232604982,3,10.766361,0.484243,2.3781047,
910242645265,3,10.814561,0.7882608,2.1710851,
910252655031,3,10.898537,1.0776091,1.8303937,
910262695314,3,11.065888,0.970432,1.2620256,
910272705079,3,11.462713,0.7720944,0.74125856,
910282714845,3,11.620785,0.65743285,0.42272094,
910292724611,3,11.987073,0.82209045,0.5242099,
910302734376,3,11.85355,0.79963714,1.0383906,
910312774660,3,11.757151,1.1253598,2.0640578,
910322784425,3,11.557017,1.3425581,2.7413993,
910332824708,3,11.5413,1.4513818,3.394042,
910342803956,3,11.394305,1.5639478,3.9444475,
910352813722,3,11.32515,1.4144087,3.995641,
910362854005,3,11.068283,1.2484039,4.0776706,
910372894288,3,11.024125,0.9976753,3.619174,
910382904054,3,10.88237,1.1365864,3.2991395,
910392913820,3,10.226434,1.0398875,2.7252328,
910402923585,3,9.989925,1.1385324,2.6643095,
910412933351,3,9.886491,1.2570859,2.461631,
910422943117,3,10.008636,1.350791,2.349065,
910432983400,3,9.700278,1.524879,2.2448816,
910442993165,3,9.451645,1.5135026,2.1433928,
910453002931,3,8.984317,1.5259268,2.0549269,
910463043214,3,8.743468,1.3802797,1.7260606,
910473052980,3,8.384066,1.1629317,1.5196398,
910483062745,3,8.20414,1.2302916,1.3338761,
910493103029,3,8.1269,1.1064991,1.1445199,
910503112794,3,7.820188,1.0018666,1.135838,
910513336183,3,7.6169105,1.0466236,1.2945081,
910523345949,3,7.4913216,0.8722362,1.095422,
910533386232,3,7.259753,0.90726334,1.2066407,
910543395998,3,7.2426887,0.96683943,1.2612772,
910553405763,3,7.138655,0.9029224,1.2207115,
910563415529,3,7.2608013,0.7430548,1.3156142,
910573425294,3,7.4169264,0.90786207,1.3695021,
910583435060,3,7.4197707,1.059347,1.2386742,
910593475343,3,7.4564443,0.95890594,1.3659096,
910603485109,3,7.524852,1.1885284,1.2621753,
910613525392,3,7.6742415,1.2186159,1.3003459,
910623352052,3,7.874525,1.2672647,1.3988411,
910633361818,3,8.120314,1.447939,1.5024257,
910643371584,3,8.303682,1.4970369,1.5178436,
910653381349,3,8.733588,1.2822336,1.5573615,
910663421632,3,8.88672,1.4163547,1.698967,
910673431398,3,9.349558,1.2011023,2.032174,
910683441164,3,9.499994,1.0922786,2.05822,
910693450929,3,9.648786,0.9840537,2.1176462,
910703491213,3,9.750275,0.9403446,2.1074674,
910713500978,3,9.720635,0.6351292,2.251019,
910723510744,3,10.114916,0.8339159,2.4920177,
910733703615,3,10.189012,0.98285615,2.5999434,
910743591310,3,10.308463,0.966091,2.404899,
910753601076,3,10.574161,1.219065,2.2131476,
910763610841,3,10.610086,1.1898756,1.7312998,
910773620607,3,10.934162,1.2014017,1.1349399,
910783660890,3,10.987901,0.9891431,0.96130097,
910793670656,3,11.186089,1.155597,1.1552975,
910803680421,3,11.072624,0.85367477,1.5620018,
910813690187,3,10.977123,0.5709128,2.4043002,
910823730470,3,10.9641,0.45250902,3.2494428,
910833740236,3,10.705438,-0.07319778,3.6432738,
910843750001,3,10.594668,-0.29309052,3.6485128,
910853790285,3,10.780881,-0.4646338,3.4337096,
910863800050,3,11.028167,-0.87672687,2.7659483,
910873809816,3,11.241623,-0.9967772,1.9266435,
910884063722,3,11.027867,-1.26472,1.7158818,
910893859865,3,10.972782,-1.332978,1.7534537,
910903869630,3,10.806927,-1.0629396,2.398163,
910913879396,3,10.078991,-0.6119275,3.2879128,
910923919679,3,9.697135,-0.4061055,3.961063,
910933929445,3,9.180709,-0.09355545,4.5017385,
910943939210,3,9.238488,0.002694397,4.333189,
910953948976,3,8.920849,0.2694397,3.8996906,
910964019777,3,9.084608,0.16555573,2.8562105,
910974029542,3,9.0920925,0.337099,1.9264939,
910984039308,3,9.038654,0.27408004,1.075214,
910994049074,3,9.12233,0.3915857,0.6746471,
911004058839,3,9.115444,0.28081605,0.6647676,
911014099122,3,9.136551,0.10807525,0.9610016,
911024108888,3,8.993448,0.061372377,1.2542418,
911034118654,3,8.71817,0.20971389,1.8160236,
911044128419,3,8.79571,0.12409195,2.0118165,
911054138185,3,8.261769,0.027842103,1.7799486,
911064147951,3,8.179141,-0.06915619,1.6983682,
911074188234,3,8.069869,0.010178833,1.3871654,
911084197999,3,7.781119,0.020357667,1.0029144,
911094207765,3,7.711813,0.28515702,0.7164102,
911104217531,3,7.3366933,0.29309052,0.6709049,
911114257814,3,7.308552,0.18606308,0.60863435,
911124267579,3,7.249275,0.40251297,0.7219487,
911134277345,3,7.244335,0.41044647,0.789608,
911144287111,3,7.5817337,0.391436,0.97746736,
911154357912,3,7.6595716,0.49157774,1.151705,
911164337160,3,7.555688,0.5542973,1.2759466,
911174377443,3,7.9616437,0.34428406,1.2751982,
911184387208,3,7.993228,0.26584718,1.1870315,
911194427492,3,8.104297,0.10942245,1.1937675,
911204437257,3,8.255632,0.11526032,1.0347981,
911214447023,3,8.305629,0.00583786,1.0942246,
911224487306,3,8.325088,-0.048648834,0.959355,
911234497072,3,8.201445,0.011226654,0.97686857,
911244537355,3,8.296647,0.28051665,0.9216335,
911254547121,3,8.318202,0.3489244,0.63527894,
911264556886,3,8.544981,0.5906717,0.8693921,
911274566652,3,8.710386,1.0985656,1.0542576,
911284606935,3,8.791069,1.4573693,1.2778926,
911294616701,3,9.224867,1.5405964,1.9633173,
911304626466,3,9.81464,1.4928457,2.1776714,
911314697267,3,10.540481,1.404679,2.359693,
911324676515,3,11.270662,1.1317964,2.002386,
911334716798,3,12.041859,1.0267149,1.9128722,
911344726564,3,12.778477,0.97881454,1.8269508,
911354736330,3,13.218712,1.0389894,1.7284557,
911364746095,3,13.006902,0.9922865,2.3604414,
911374786378,3,12.934752,1.1364368,3.0904734,
911384796144,3,12.350966,1.1494597,4.0164475,
911394805910,3,12.352014,1.2705579,4.5192523,
911404815675,3,12.302467,1.2352313,4.6177473,
911414825441,3,12.147539,1.1841874,4.6869035,
911424865724,3,12.007131,1.1258088,4.4643164,
911434875490,3,12.060869,0.7791298,3.9079235,
911444885255,3,11.942915,0.7632628,3.361859,
911454895021,3,11.845018,0.85921323,2.7990294,
911464935304,3,11.4449005,1.1431727,2.381847,
911474945070,3,10.876083,1.3605208,2.37556,
911484954836,3,10.742261,1.4522799,2.3881338,
911494995119,3,10.484497,1.5188915,2.597249,
911505187990,3,10.117909,1.6530125,2.3016138,
911515228273,3,9.838591,1.6613951,2.1459374,
911525238039,3,9.561217,1.5564634,1.9690055,
911535064699,3,9.256002,1.3882132,1.771566,
911545074464,3,8.981772,1.1698173,1.6399896,
911555084230,3,8.493937,1.2241544,1.7435743,
911565124513,3,8.243507,1.0439291,1.868714,
911575134279,3,7.868687,0.9129515,1.769171,
911585144044,3,7.186855,0.8640033,1.8441651,
911595153810,3,6.955586,0.7111711,1.8497036,
911605163576,3,6.3170137,0.49127838,1.8155745,
911615203859,3,6.1456203,0.601599,1.7236656,
911625244142,3,5.980813,0.6195616,1.3862672,
911635253908,3,5.880671,0.6806346,1.3060341,
911645263673,3,6.1061025,0.6596782,1.0035132,
911655303956,3,6.320756,0.7921527,0.8068222,
911665344240,3,6.4253883,1.1572435,0.42137375,
911675384523,3,6.883735,1.1741583,0.5240602,
911685546876,3,7.128626,1.1985576,0.58902514,
911695556642,3,7.4601865,1.1910732,0.8414003,
911705383302,3,7.8776684,0.9779164,0.70907545,
911715393068,3,8.326884,0.94648176,0.6965016,
911725402833,3,9.158256,0.7430548,1.0398875,
911735412599,3,9.37725,0.9012758,1.4169534,
911745422365,3,9.423803,1.0289602,1.8967057,
911755462648,3,9.518556,1.1530522,2.168241,
911765472413,3,9.548643,1.1072475,2.4623795,
911775482179,3,9.737102,1.0642868,2.7318192,
911785522462,3,9.829609,0.9698332,2.890489,
911795532228,3,9.947864,0.9181906,2.8547137,
911805541994,3,9.957593,0.9437874,2.7928922,
911815582277,3,10.265503,0.99213684,2.4697142,
911825622560,3,10.344239,1.1192225,2.1665945,
911835632325,3,10.371632,1.4389577,1.6238233,
911845642091,3,10.590028,1.8535954,1.1407777,
911855682374,3,10.85378,1.8512005,0.8625064,
911865692140,3,10.966944,1.7028589,0.9830058,
911875701906,3,11.2518015,1.5132033,1.2723541,
911885742189,3,11.428285,1.108894,1.9910097,
911895751955,3,11.54609,1.0750644,2.7810667,
911905761720,3,11.573033,0.83062273,3.52487,
911915802004,3,11.511961,0.35476226,4.060157,
911925781251,3,11.453133,-0.049846344,4.037554,
911935821535,3,11.560161,-0.50490004,3.44314,
911945831300,3,11.322155,-0.5882767,2.6954448,
911955841066,3,11.055261,-0.8608598,2.0330722,
911965881349,3,10.784923,-0.72299653,1.7768052,
911975891115,3,10.55096,-0.75742495,2.2357507,
911985900880,3,10.43061,-0.38919067,2.9686267,
911995910646,3,9.945468,-0.18726058,3.350782,
912005981447,3,9.402697,0.09939331,3.4844542,
912015991213,3,9.205707,0.1619632,3.0391302,
912026000978,3,9.117091,0.19070344,2.6897566,
912036041261,3,9.179661,0.10822494,1.7898281,
912046051027,3,9.378148,0.16884887,1.1870315,
912056060793,3,9.660461,0.04700226,0.46059218,
912066070558,3,9.430389,0.13591737,0.34742752,
912076080324,3,9.39626,0.21315674,0.54860914,
912086120607,3,9.035511,0.15013778,0.8159532,
912096130373,3,8.91576,0.34712815,1.26472,
912106140138,3,8.64138,0.32826737,1.9498453,
912116149904,3,8.42014,0.28874955,2.0029848,
912126373293,3,8.199349,0.3492238,2.0655546,
912136230470,3,8.034243,0.1261876,1.8018031,
912146209718,3,7.8031235,0.088016964,1.4135106,
912156219484,3,7.5170684,0.02814148,0.92462724,
912166229250,3,7.5125775,0.008232879,0.68916684,
912176269533,3,7.4393797,0.067509614,0.58588165,
912186279298,3,7.489675,0.160616,0.5640271,
912196289064,3,7.4553967,0.32826737,0.732876,
912206298830,3,7.228019,0.36823425,1.0738668,
912216339113,3,7.1745806,0.4840933,1.2852273,
912226348878,3,7.268884,0.3411406,1.4453943,
912236450197,3,7.726782,0.48499146,1.5582596,
912246398927,3,7.92003,0.49382308,1.2903168,
912256439210,3,8.3869095,0.33500335,1.275797,
912266448976,3,8.490194,0.20731887,1.0710227,
912276458742,3,9.08835,0.1992357,0.9023236,
912286499025,3,9.513766,0.17947678,0.9247769,
912296508790,3,9.769883,0.22812562,1.0331515,
912306518556,3,9.803264,0.221689,1.2876223,
912316528322,3,9.785451,0.21719833,1.434916,
912326568605,3,9.788894,0.22333556,1.6673827,
912336578371,3,9.819131,0.22588028,1.6115488,
912346618654,3,10.067764,0.49906218,1.8110838,
912356628419,3,9.948013,0.71162015,1.8245559,
912366638185,3,10.041569,0.6976991,1.6209792,
912376647951,3,10.250085,0.74006104,1.6889378,
912386688234,3,10.365046,0.6882687,1.4555731,
912396697999,3,10.712323,0.65369064,1.4555731,
912406707765,3,11.018437,0.80472654,1.3350737,
912416748048,3,11.24761,0.6848259,1.1467652,
912426757814,3,11.561358,0.89004916,1.2563374,
912436767579,3,11.539204,1.052162,1.2311897,
912446777345,3,11.430829,0.8833131,1.389261,
912456787111,3,11.352692,0.90786207,1.6760646,
912466827394,3,11.585608,1.1561956,2.0547771,
912476837160,3,11.531869,0.9698332,2.3281088,
912486846925,3,11.91642,0.8364606,2.502047,
912496856691,3,12.1363125,0.68407744,2.2541625,
912506896974,3,12.01731,0.53304154,2.1826112,
912516906740,3,11.953842,0.54756135,1.8911673,
912526947023,3,11.634855,0.7180568,1.9270926,
912536956788,3,11.114837,0.7818242,2.238445,
912546966554,3,10.768307,0.82358736,2.4355853,
912557006837,3,10.543774,1.2189152,2.50055,
912567016603,3,10.333462,1.3403128,2.4132814,
912577026368,3,10.085128,1.4254857,2.0459454,
912587036134,3,9.428593,1.334924,1.7342935,
912597076417,3,9.02638,1.3479469,1.425336,
912607086183,3,8.685239,1.4558725,1.1079959,
912617126466,3,8.362061,1.2609777,1.0738668,
912627136232,3,7.8763213,1.0412347,1.031505,
912637176515,3,7.651788,1.0957215,1.3563294,
912647186281,3,7.2241273,0.9605525,1.590742,
912657196047,3,7.180867,0.9092093,1.7519568,
912667205812,3,6.8886747,0.82298857,1.7185762,
912677246095,3,6.8557434,0.72643936,1.663341,
912687225343,3,6.920858,0.48559022,1.5102096,
912697448732,3,6.945407,0.47451323,1.3504916,
912707458498,3,7.0389624,0.5771997,1.0678793,
912717498781,3,7.062613,0.7990384,1.325793,
912727508547,3,6.893914,1.0415341,1.4409037,
912737518312,3,6.9527416,1.0526111,1.3751903,
912747528078,3,6.8027534,1.1198213,1.2991484,
912757385255,3,7.0989876,1.1615845,1.4353652,
912767547609,3,7.162156,1.3334271,1.4675483,
912777587892,3,7.4122863,1.5714322,1.4130615,
912787597658,3,7.707772,1.6813037,1.3762381,
912797637941,3,7.895481,1.6110997,1.4991325,
912807464601,3,8.043823,1.3971945,1.6143929,
912817474367,3,8.373287,1.1981086,1.7401314,
912827484132,3,9.014105,1.2620256,1.9243982,
912837493898,3,9.398506,1.2347822,1.8190173,
912847534181,3,9.667796,1.1841874,2.0441492,
912857543947,3,9.546847,1.0979668,2.366429,
912867584230,3,9.4253,1.1713142,2.4692652,
912877624513,3,9.716295,1.0585986,2.4763005,
912887634279,3,9.789942,1.0255175,2.392774,
912897644044,3,10.416987,1.0669812,1.6751665,
912907684328,3,10.76187,1.0301578,1.2850777,
912917694093,3,11.222912,1.1210189,0.6692583,
912927703859,3,11.513008,1.1552975,0.27961853,
912937713625,3,11.939173,0.6731502,0.52825147,
912947723390,3,12.251273,0.44008484,1.0922786,
912957763673,3,12.2312155,0.25941056,1.6473243,
912967773439,3,12.460388,-4.4906617E-4,2.7846594,
912977783205,3,12.294534,-0.048948213,3.8152661,
912987823488,3,12.009676,-0.014669495,4.7572575,
912997833253,3,11.878249,-0.16360977,5.1211505,
913007843019,3,11.655064,-0.2865042,4.742438,
913017883302,3,11.335178,-0.22782624,4.0368056,
913027893068,3,11.014995,-0.42496628,3.382965,
913037902833,3,10.572365,-0.5373825,2.8666887,
913047912599,3,10.435848,-0.42212218,3.0235624,
913057922365,3,10.352173,-0.2706372,3.7832327,
913067962648,3,10.169851,-0.0011975098,4.1924815,
913077972413,3,9.896969,0.15088624,4.520899,
913088012697,3,9.720935,0.0676593,4.7705793,
913098022462,3,9.536519,0.07020401,4.3391767,
913108062745,3,9.527987,0.040266264,3.6398308,
913118072511,3,9.66091,0.02814148,2.9301567,
913128082277,3,9.729318,-0.064815216,2.3147864,
913138092042,3,9.631571,-0.18531464,1.8327887,
913148101808,3,9.452693,0.011376343,1.7847387,
913158111574,3,9.137149,0.013921051,1.8426682,
913168151857,3,9.217083,0.0742456,2.1333637,
913178161622,3,8.917706,0.18666184,2.359693,
913188171388,3,8.86726,0.25432113,2.4174728,
913198211671,3,8.542436,0.2680925,2.3772066,
913208190919,3,8.185578,0.34832564,2.3860383,
913218231202,3,7.6788816,0.27887008,2.278861,
913228240968,3,7.2341566,0.3659889,2.2116508,
913238281251,3,7.1489835,0.5162764,1.8881736,
913248291017,3,6.998846,0.66282165,1.7076489,
913258331300,3,6.777007,0.8288264,1.6175363,
913268341066,3,6.8849325,0.9460327,1.443598,
913278350831,3,6.625522,1.007405,1.1216176,
913288360597,3,6.9016976,0.9672885,0.86385363,
913298400880,3,7.1379066,0.9331595,0.46283752,
913308410646,3,7.776778,0.58109164,0.49591872,
913318420412,3,8.298593,0.47451323,0.72105056,
913328430177,3,8.933273,0.38140687,0.963696,
913338470460,3,9.224867,0.3492238,1.1940669,
913348480226,3,9.436227,0.38859192,1.4735358,
913358489992,3,9.473799,0.40326142,1.3961467,
913368530275,3,9.557325,0.39757323,1.3560301,
913378540041,3,9.741742,0.15432908,1.4186,
913388580324,3,9.6901,0.08068222,1.1635305,
913398590090,3,9.930649,-0.25162673,0.9732761,
913408599855,3,10.404115,-0.1938469,0.71087176,
913418640138,3,10.584938,-0.16750167,1.036295,
913428649904,3,10.7719,-0.09325607,1.4275813,
913438629152,3,10.707384,-0.42960662,1.6477734,
913448669435,3,10.702145,-0.34608033,1.6901354,
913458679201,3,10.658885,-0.041314088,1.5522721,
913468688966,3,10.691367,0.067509614,1.0600955,
913478729250,3,10.806927,0.16271164,0.65892977,
913488739015,3,11.072325,0.49397278,0.4511618,
913498779298,3,11.140433,0.58453447,0.42227188,
913508819582,3,11.053314,0.66821045,0.6746471,
913519012453,3,10.926678,0.74949145,1.4775773,
913528839113,3,10.946736,0.85217786,2.0155587,
913538848878,3,11.177706,0.96010345,2.7327173,
913548889162,3,11.158246,0.84888476,3.1269975,
913558898927,3,11.189681,0.77074724,3.5278637,
913568908693,3,10.9159,0.8402028,3.3184493,
913578948976,3,11.023676,0.9036708,2.949766,
913588958742,3,10.615774,0.94303894,2.4963589,
913598968507,3,10.323881,0.9147478,2.3764582,
913609008790,3,10.254576,0.76730436,1.981729,
913619018556,3,10.328671,0.79065585,1.6711249,
913629241945,3,10.52132,0.7680528,1.6911832,
913639221193,3,10.300231,0.8637039,1.4663507,
913649261476,3,9.984687,0.84454376,1.2861255,
913659088136,3,9.454041,1.0027647,1.1079959,
913669097902,3,9.30061,1.0981164,1.0804532,
913679107667,3,8.94944,1.0080038,1.0554552,
913689147951,3,8.589289,0.8640033,0.9725276,
913699127199,3,8.33392,0.84454376,0.74095917,
913709167482,3,8.049062,0.84364563,0.5774991,
913719207765,3,8.076755,0.6113287,0.4924759,
913729217531,3,7.738308,0.6608757,0.32093263,
913739410402,3,7.4432716,0.56208116,0.2163002,
913749450685,3,7.34792,0.65204406,0.20926483,
913759246828,3,7.3133416,0.6755452,0.11436218,
913769287111,3,7.249425,0.5670209,0.030386811,
913779266359,3,6.7734146,0.7921527,0.14265335,
913789306642,3,6.861132,0.70144135,0.25536895,
913799316408,3,6.611601,0.920885,0.4670288,
913809356691,3,6.615044,0.8966354,0.5798941,
913819396974,3,7.062314,1.095422,0.77433974,
913829620363,3,7.2572083,1.1412268,0.8370593,
913839599611,3,7.4985065,1.1261083,0.6658154,
913849456788,3,7.7160044,1.2522959,0.56118304,
913859436037,3,8.018375,0.97432387,0.5777985,
913869476320,3,8.595725,0.6518944,0.6322852,
913879486085,3,9.056617,0.55519545,0.72299653,
913889495851,3,9.669292,0.6044431,1.013243,
913899536134,3,10.125394,0.529449,1.6263679,
913909545900,3,10.249636,0.80757064,2.10627,
913919586183,3,9.917776,0.85906357,2.5497978,
913929565431,3,9.646689,0.9475296,2.6068292,
913939605714,3,9.844877,1.1903247,2.5191114,
913949645998,3,10.077643,1.6679814,1.938918,
913959655763,3,10.320588,1.825454,1.6003221,
913969665529,3,10.507998,1.8628762,0.8557704,
913979675294,3,10.723102,1.830244,0.436642,
913989715578,3,10.928624,1.49554,0.34413436,
913999725343,3,11.26722,1.3617183,0.49038026,
914009735109,3,11.558064,1.1792477,0.69066375,
914019744874,3,11.42095,0.92567503,1.6781602,
914029785158,3,11.565101,0.77419007,2.4182212,
914039794923,3,11.468551,0.73078036,3.5468743,
914049804689,3,11.111394,0.40835083,4.0483313,
914059814455,3,11.178904,0.0043409728,3.7101846,
914069854738,3,11.162587,-0.49591872,3.028053,
914079864504,3,11.007061,-0.6610254,2.1709356,
914089874269,3,10.931019,-0.85127974,1.3078303,
914099914552,3,10.751243,-0.7762857,0.9928853,
914109954836,3,10.839708,-0.2998265,1.3524376,
914119964601,3,10.764266,-0.064964905,1.7625847,
914129974367,3,10.01687,-0.015417938,2.3210733,
914140014650,3,9.405991,0.16959733,2.40924,
914150024416,3,9.405841,0.14385086,2.0993843,
914160034181,3,9.504785,0.2694397,1.5756235,
914170043947,3,9.649085,0.019309845,0.91489744,
914180053713,3,9.842782,-0.20507355,0.2588118,
914190093996,3,9.864636,-0.23471192,0.2176474,
914200103761,3,9.648486,-0.3156935,0.36194733,
914210113527,3,9.245075,-0.29578492,1.0437795,
914220123293,3,9.054371,-0.33994308,1.3741424,
914230163576,3,8.830586,-0.10987152,1.9419118,
914240173341,3,8.613837,-0.13786331,2.1294718,
914250213625,3,8.3973875,-0.12843293,2.1746778,
914260192873,3,8.25204,-0.0076341247,1.7896783,
914270233156,3,7.935598,-0.008532257,1.4236894,
914280242921,3,7.592062,0.06256989,0.78526706,
914290283205,3,7.477401,0.2163002,0.3968248,
914300292970,3,7.246281,0.31359786,0.09714798,
914310272218,3,7.351662,0.30746064,0.010328522,
914320312502,3,7.4103403,0.36299515,-0.30326936,
914330322267,3,7.348519,0.41718248,-0.010328522,
914340362550,3,7.416627,0.44547364,0.16869919,
914350372316,3,7.692803,0.36299515,0.4629872,
914360382082,3,7.9119473,0.24728577,0.8184979,
914370391847,3,8.064031,0.15388,0.9144484,
914380432130,3,8.436606,0.15163468,1.0714718,
914390441896,3,8.705447,0.2999762,1.1023078,
914400451662,3,9.057515,0.44652146,1.0629396,
914410491945,3,8.933872,0.45550278,0.94932586,
914420501710,3,9.121731,0.6966513,0.77419007,
914430511476,3,9.54535,0.7572752,0.6092331,
914440551759,3,9.676777,0.6439609,0.9648935,
914450592042,3,9.70432,0.63647646,1.1253598,
914460601808,3,9.825867,0.49861312,1.4510825,
914470611574,3,9.840237,0.42556503,1.6079563,
914480621339,3,9.780661,0.5598358,1.8646724,
914490661622,3,10.020911,0.6477031,2.1065693,
914500671388,3,10.188862,0.46897477,2.0466938,
914510742189,3,10.502011,0.6478528,1.8718574,
914520721437,3,11.105556,0.791554,1.1909235,
914530731202,3,11.219319,0.7120693,0.7810757,
914540740968,3,11.510613,0.624651,0.3794609,
914550781251,3,11.885284,0.5712122,0.24264541,
914560791017,3,12.048744,0.41179368,0.24698639,
914570800783,3,12.039165,0.64096713,0.9159453,
914580810548,3,11.873159,0.70518357,1.5015275,
914590850831,3,11.908486,1.2888199,2.872377,
914600860597,3,11.437117,1.3328284,3.3721876,
914610870363,3,11.116483,1.0940748,3.9371128,
914620880128,3,11.338172,1.6140934,4.0856037,
914630920412,3,11.421549,1.5670912,3.9398072,
914640930177,3,11.328592,1.5349082,3.367547,
914650970460,3,11.158695,1.5506254,3.1111305,
914660980226,3,10.813363,1.5362554,2.6499395,
914670989992,3,10.629696,1.4410533,2.5126748,
914680999757,3,10.475067,1.4817686,2.4267535,
914691040041,3,10.534493,1.6040643,2.504442,
914701049806,3,10.616822,1.8805394,2.5574317,
914711059572,3,10.151889,1.5322137,2.8114536,
914721069337,3,9.870324,1.6730708,3.13059,
914731079103,3,9.412277,1.6859441,2.8937824,
914741119386,3,8.982521,1.5102096,2.8699818,
914751159670,3,8.586445,1.411864,2.7463388,
914761169435,3,8.103699,1.2181668,2.2180874,
914771179201,3,7.9352984,1.2801379,2.0755837,
914781188966,3,7.897427,0.9732761,1.5916401,
914791198732,3,7.9665833,0.9656419,1.5112573,
914801208498,3,7.7053766,0.9352551,1.0946736,
914811248781,3,7.5793386,0.8520282,1.0367441,
914821258547,3,7.1735325,0.7149133,0.8771759,
914831268312,3,7.141948,0.7816745,0.6870712,
914841308595,3,7.11695,0.91804093,0.92552537,
914851318361,3,7.6574764,1.0577005,1.1063493,
914861358644,3,7.6308317,1.2533437,1.3103751,
914871368410,3,7.730674,1.4409037,1.4961388,
914881378175,3,7.509584,1.7827927,1.7262104,
914891387941,3,7.413334,1.7339941,1.7410295,
914901428224,3,7.1895494,1.835034,1.7739611,
914911468507,3,7.2931337,2.033222,1.8959574,
914921447755,3,7.2506223,2.0037332,1.6908838,
914931457521,3,7.517517,1.95718,1.2858261,
914941528322,3,7.7318716,1.7786014,1.0241703,
914951507570,3,8.199799,1.2888199,0.55833894,
914961547853,3,8.685838,1.2467574,0.34338593,
914971557619,3,9.480086,1.044977,0.047451325,
914981567384,3,9.968221,0.8830138,0.16495697,
914991638185,3,10.1068325,0.8797206,0.3359015,
915001586916,3,10.061776,0.70772827,0.9394464,
915011596681,3,9.79084,0.80727124,1.3069322,
915021667482,3,9.681567,1.198857,1.7495618,
915031677248,3,9.796977,1.2211605,1.7980609,
915041687013,3,10.182875,1.53401,1.2003539,
915051727296,3,10.518926,1.739832,0.6676117,
915061767579,3,10.773097,1.5492783,0.0,
915071746828,3,11.419154,1.4136603,-0.4736151,
915081756593,3,11.577973,1.0482701,-0.5535489,
915091766359,3,11.464808,0.6294411,0.13292359,
915101806642,3,11.468251,0.33485368,0.848286,
915111816408,3,11.633957,0.17498611,1.8703606,
915121826173,3,11.871663,-0.08173004,2.981949,
915131866456,3,11.751463,-0.39248383,3.5405874,
915141845705,3,11.836186,-0.9292676,3.7233572,
915151885988,3,11.923904,-1.1798465,3.4759219,
915161895753,3,11.801159,-1.1999048,2.7421477,
915171936037,3,11.3676605,-1.3578264,2.088906,
915181945802,3,10.956316,-1.3265414,2.002835,
915191955568,3,10.333162,-1.1335927,2.368824,
915201995851,3,9.981843,-0.655936,2.8178902,
915212005617,3,9.499097,-0.11795471,3.4061668,
915222015382,3,9.126371,0.014370117,3.2226484,
915232055665,3,8.937165,0.63752425,2.8421397,
915242065431,3,8.99719,0.90501803,2.342928,
915252105714,3,8.954828,0.7969428,1.8941611,
915262115480,3,8.875493,0.6113287,1.2025992,
915272125245,3,8.957822,0.47810578,0.848286,
915282135011,3,9.288485,0.45475432,0.2363585,
915292144777,3,9.4369755,0.34623,0.18007553,
915302185060,3,9.385782,0.30895752,0.20118164,
915312194825,3,8.940458,0.16316071,0.7503896,
915322235109,3,8.835976,0.23800507,1.2316388,
915332244874,3,8.439899,0.17483643,1.7784517,
915342254640,3,8.096962,0.058079224,1.9089803,
915352478029,3,7.8468323,-0.09789643,1.981729,
915362335207,3,7.5191636,0.08846603,1.7657281,
915372314455,3,7.4610844,0.13367203,1.4397061,
915382324220,3,7.1293745,0.2389032,0.84843564,
915392333986,3,6.8066454,0.43724075,0.53304154,
915402374269,3,6.912176,0.3689827,0.0023950196,
915412414552,3,6.8912196,0.26045838,-0.08652008,
915422393800,3,7.1826634,0.25117767,-0.18097366,
915432403566,3,7.946525,0.26569748,0.053438872,
915442443849,3,8.372989,0.2255809,0.33081207,
915452453615,3,8.818611,0.34188902,0.9262738,
915462463380,3,8.832683,0.2549199,1.0633887,
915472473146,3,8.923543,0.22737716,1.1644286,
915482513429,3,9.224418,0.16795075,1.0894345,
915492523195,3,9.167386,0.15447876,1.1054512,
915502532960,3,9.115294,0.17094451,1.0394385,
915512573244,3,9.527987,-0.051792298,1.2169693,
915522583009,3,9.411379,0.051792298,1.2982503,
915532592775,3,9.808204,0.08666977,1.5019766,
915542663576,3,9.729767,0.3248245,1.7414786,
915552642824,3,9.749676,0.24129821,1.6708255,
915562683107,3,9.914034,0.55774015,1.7772542,
915572692873,3,10.078542,0.48843428,1.4618601,
915582702638,3,10.514135,0.41867936,1.1225157,
915592773439,3,11.170521,0.4153862,0.41448808,
915602752687,3,11.583662,0.45834687,-0.11915222,
915612762453,3,11.901601,0.6171666,-0.22543122,
915622772218,3,12.025842,0.6008505,-0.23261628,
915632812501,3,12.145593,0.74634796,-5.987549E-4,
915642822267,3,11.570639,1.0325528,0.5733078,
915652832033,3,10.9334135,1.0844948,1.1138338,
915662841798,3,10.7750435,1.1234138,2.0137625,
915672882082,3,10.6150255,1.1123369,2.715503,
915682891847,3,10.627001,0.89244413,2.8101063,
915692932130,3,10.711426,0.5533992,2.8897407,
915702941896,3,10.771152,0.30132338,2.9966185,
915712951662,3,10.743908,0.19294876,2.9844937,
915722961427,3,10.839409,0.31898665,2.837649,
915733001710,3,11.050171,0.47750703,2.744842,
915743011476,3,11.145972,0.7300319,2.6286836,
915753051759,3,11.2771,0.9716295,2.4792943,
915763061525,3,11.018737,1.3548326,2.45729,
915773071290,3,10.809023,1.6584014,2.2391937,
915783081056,3,10.068363,1.9583775,2.2592518,
915793090822,3,9.720187,2.1420455,2.3698719,
915803131105,3,9.616003,2.1439915,2.3749611,
915813140871,3,9.138197,1.8991008,2.3385868,
915823150636,3,8.939859,1.7995578,2.2595513,
915833190919,3,8.734936,1.4917978,2.4623795,
915843200685,3,8.351433,1.305585,2.432891,
915853210451,3,8.236921,1.0003697,2.6379642,
915863250734,3,8.111332,0.8508307,2.6840684,
915873260499,3,8.109836,0.6912625,2.6903553,
915883270265,3,7.7657013,0.44741958,2.5188122,
915893493654,3,7.6573267,0.3930826,2.3646326,
915903503419,3,7.336244,0.48514116,2.2306614,
915913330079,3,7.1558695,0.504451,1.8525476,
915923339845,3,6.9754944,0.63872176,1.6157401,
915933380128,3,6.754404,0.88570815,1.3660593,
915943389894,3,6.7162337,0.8798703,0.9912387,
915953399660,3,6.905889,1.0710227,0.7912546,
915963439943,3,6.884484,1.2539424,0.64006895,
915973449708,3,6.9436107,1.271007,0.58363634,
915983703615,3,6.995852,1.4825171,0.5616321,
915993682863,3,7.21335,1.4471905,0.5736072,
916003692628,3,7.8297677,1.473386,0.6041437,
916013519288,3,8.090376,1.3177098,0.8744815,
916023529054,3,8.521629,1.3943504,1.0696756,
916033569337,3,8.743618,1.4882053,1.3516891,
916043579103,3,9.050629,1.3549823,1.6742684,
916053588868,3,9.376501,1.1596385,2.0074754,
916063598634,3,9.477541,1.1570938,1.9088305,
916073638917,3,9.7618,1.0708731,2.0375628,
916083648683,3,9.940379,1.0603949,1.9510428,
916093658449,3,9.894874,0.9437874,1.9363732,
916103668214,3,10.165959,0.7149133,2.0237916,
916113708498,3,10.505155,0.6978488,2.012864,
916123718263,3,11.157349,1.0346484,2.0854633,
916133728029,3,11.763588,0.9662407,2.181264,
916143768312,3,12.049643,1.2663666,2.353406,
916153778078,3,12.019855,1.3919554,2.3076012,
916163787843,3,11.794872,1.4236894,2.395768,
916173828127,3,11.765084,1.3820759,2.859803,
916183837892,3,11.619737,1.2361294,3.1995964,
916193847658,3,11.363619,1.0165361,3.6732116,
916203887941,3,10.922337,0.5798941,4.6635523,
916223907472,3,10.933563,0.30461654,4.4997926,
916233917238,3,11.088941,0.22318588,4.206253,
916243957521,3,11.094029,0.060174868,2.9885354,
916253967287,3,10.874886,-0.1128653,2.3324497,
916263977052,3,10.2949915,-0.11436218,1.857188,
916274017336,3,10.313403,0.21450394,1.9728973,
916284027101,3,10.118508,0.24040009,2.7135572,
916294036867,3,9.5440035,0.83945435,3.4057178,
916304077150,3,9.094039,1.013243,3.712879,
916314117433,3,8.69916,1.07716,3.529211,
916324127199,3,8.70874,1.0306069,3.017575,
916334136964,3,9.11784,1.011297,1.9984941,
916344177248,3,9.452693,0.6147716,1.1322455,
916354187013,3,9.623039,0.5641768,0.68587375,
916364196779,3,9.940529,0.20507355,0.35341507,
916374206544,3,10.142159,-0.041613463,0.58109164,
916384216310,3,10.020312,-0.038020935,1.1957135,
916394226076,3,9.625584,-0.36673737,1.8541942,
916404235841,3,9.405242,-0.16256195,2.6628127,
916414276125,3,8.743468,-0.17034577,2.8701315,
916424499513,3,8.373287,-0.19235,3.1162198,
916434356691,3,7.8724294,-0.051343232,2.7363098,
916444335939,3,7.5053926,0.04535568,2.5767417,
916454345705,3,7.1895494,0.062719576,1.9049387,
916464355470,3,7.1727843,0.18396744,1.4525794,
916474365236,3,7.0924015,0.08202942,1.0253677,
916484436037,3,7.1726346,0.021405486,0.7711963,
916494415285,3,7.0129166,0.07454498,0.66282165,
916504425050,3,7.287296,0.30716124,0.49442184,
916514434816,3,7.3471713,0.19743942,0.62420195,
916524475099,3,7.5197625,0.49546966,0.655936,
916534484865,3,7.560029,0.5287006,0.6638695,
916544494630,3,7.5962534,0.34952316,0.68153274,
916554534913,3,7.957003,0.5284012,0.76191556,
916564544679,3,8.005952,0.5667215,0.8881032,
916574554445,3,8.421039,0.40505767,0.65099627,
916584594728,3,8.691675,0.42766067,0.5303471,
916594604494,3,8.966504,0.34278718,0.46238846,
916604614259,3,9.336085,0.28515702,0.18621276,
916614654542,3,9.512269,0.57914567,0.36703673,
916624664308,3,9.4860735,0.64440995,0.8053253,
916634674074,3,9.491313,0.78496766,1.0835967,
916644683839,3,9.478589,0.8042775,1.7028589,
916654937745,3,9.712254,0.9621991,1.9184107,
916664794923,3,9.875713,0.9824071,2.128424,
916674774171,3,10.287657,0.66940796,1.9209553,
916684783937,3,10.708731,0.57540345,1.5651453,
916694824220,3,11.437566,0.77523786,1.1596385,
916704833986,3,11.9658165,0.6706055,0.91070616,
916714874269,3,12.514875,0.77972853,0.9551637,
916724884035,3,12.789554,1.0083032,1.10126,
916734863283,3,12.83446,1.2747492,1.3874648,
916744934084,3,12.610676,1.545087,2.0437002,
916754913331,3,12.327315,1.7467177,2.4631279,
916764953615,3,12.181069,1.7925224,2.9446764,
916774993898,3,12.021651,1.7947677,3.1130762,
916784973146,3,11.891721,1.674418,2.8801606,
916795013429,3,11.776011,1.4000386,2.660717,
916805023195,3,11.564202,1.4648538,2.6355693,
916815032960,3,11.227702,1.4635066,2.563569,
916825042726,3,10.898237,1.3838723,2.6225464,
916835083009,3,10.422976,1.5694863,2.8401937,
916845092775,3,10.349328,1.7479151,2.8051667,
916855133058,3,10.085876,1.5389497,2.8466303,
916865142824,3,9.630822,1.3659096,2.3689737,
916875152590,3,9.50224,1.3988411,2.1448896,
916885162355,3,9.19957,1.2669654,1.8161732,
916895202638,3,8.72326,0.98570025,1.6054115,
916905212404,3,8.335865,0.7361691,1.2903168,
916915222170,3,7.93949,0.6557863,0.7685019,
916925231935,3,7.837402,0.6822812,0.7722441,
916935272218,3,7.8477306,0.57166123,0.7165599,
916945281984,3,7.5708065,0.45250902,0.58707917,
916955291750,3,7.252718,0.3332071,0.5553452,
916965332033,3,6.8789454,0.51687515,0.5625302,
916975341798,3,6.8725085,0.3662883,0.65743285,
916985382082,3,6.65067,0.26899064,0.7779323,
916995391847,3,6.63615,0.23875351,0.6135741,
917005401613,3,6.5430436,0.43080413,0.6297405,
917015411378,3,6.7085996,0.6825806,0.53364027,
917025451662,3,6.995852,0.64261365,0.8431966,
917035491945,3,7.4110885,0.9611513,0.7069798,
917045471193,3,7.5184155,1.001717,0.8662486,
917055511476,3,7.734117,1.1776012,0.9530681,
917065521242,3,7.9462256,1.0352472,0.9635463,
917075531007,3,8.241861,1.0352472,0.79424834,
917085540773,3,8.541538,1.0545571,0.82298857,
917095550539,3,8.66069,0.9457333,0.56193143,
917105590822,3,9.1693325,0.7580237,0.94333833,
917115600587,3,9.599089,0.71057236,1.1802956,
917125610353,3,10.029743,0.5815407,1.7115408,
917135650636,3,10.131232,0.5626799,1.9854712,
917145660402,3,9.983339,0.5640271,2.2604494,
917155670167,3,10.101145,0.80487627,2.3893313,
917165710451,3,10.143058,0.8783734,2.3951693,
917175720216,3,10.209669,1.2903168,2.006278,
917185729982,3,10.333013,1.4425502,1.5302678,
917195739748,3,10.657088,1.5462844,1.1621833,
917205780031,3,10.869796,1.529669,0.86355424,
917215820314,3,10.81501,1.4859599,0.75083864,
917225830079,3,11.236084,1.0322534,1.3046869,
917235839845,3,11.347902,0.80502594,1.9323317,
917245849611,3,11.544593,0.26988876,2.9159362,
917255859376,3,11.764336,0.12903167,3.5052607,
917265869142,3,11.613151,-0.29024643,4.031267,
917275909425,3,11.591146,-0.59351575,4.115841,
917285919191,3,11.340717,-0.91489744,3.7197647,
917295928956,3,11.301199,-1.0350975,3.0048513,
917305938722,3,11.316617,-0.9804611,2.2493725,
917316009523,3,10.797048,-1.0746154,2.012565,
917325988771,3,10.6117325,-1.0532098,2.0703447,
917335998537,3,10.364447,-0.57914567,2.2622457,
917346008302,3,9.587712,-0.3939807,2.4795938,
917356079103,3,9.4314375,-0.26060808,2.388583,
917366088868,3,8.878038,-0.1619632,2.0103195,
917376129152,3,8.94929,0.05748047,1.5456858,
917386138917,3,9.251512,-0.046253815,0.8662486,
917396148683,3,9.321266,-0.01886078,0.49726593,
917406158449,3,9.34821,-0.22393432,0.26524842,
917416168214,3,9.082812,0.01167572,0.35775605,
917426208498,3,9.26184,0.001047821,0.7577243,
917436187745,3,8.971444,-0.003742218,1.0856923,
917446197511,3,8.729996,0.18950592,1.6619939,
917456237794,3,8.493038,0.38125718,2.0347188,
917466247560,3,7.862999,0.316891,2.2778132,
917476257325,3,7.588769,0.436642,2.3234682,
917486297609,3,7.526648,0.63557833,2.2029688,
917496337892,3,7.3474708,0.59531206,2.0877085,
917506347658,3,7.36708,0.5161267,1.8953586,
917516357423,3,7.1509295,0.3490741,1.581162,
917526367189,3,7.188202,0.552052,1.1774515,
917536376955,3,7.2866974,0.60863435,0.93735075,
917546417238,3,7.4567437,0.7702982,0.9262738,
917556427004,3,7.570058,0.9198372,0.5968089,
917566436769,3,7.7966866,0.76101744,0.7750882,
917576446535,3,7.8523707,0.75592804,0.966091,
917586456300,3,7.8914394,0.8653505,1.265169,
917596527101,3,7.80941,0.8358618,1.371448,
917606536867,3,8.089328,0.7164102,1.357078,
917616577150,3,8.308772,0.8376581,1.5241306,
917626586916,3,8.568182,0.7595206,1.4415023,
917636596681,3,8.825348,1.0202783,1.3216017,
917646606447,3,9.185648,1.0044113,1.2341835,
917656616213,3,9.604328,0.80367875,1.0797048,
917666687013,3,9.786948,0.8009843,1.4123131,
917676696779,3,9.973909,0.78781176,2.016756,
917686706544,3,10.059831,0.65174466,2.326462,
917696716310,3,10.089619,0.574655,2.923271,
917706756593,3,10.295291,0.6183641,3.2561789,
917716766359,3,10.713371,0.7364685,3.402724,
917726776125,3,11.261532,0.7461983,3.2891102,
917736785890,3,11.531869,0.6821315,3.0774505,
917746795656,3,12.064611,0.82104266,2.7086174,
917756805421,3,12.515025,0.93286014,2.1969814,
917766815187,3,12.7918,1.0346484,2.033671,
917776855470,3,12.518468,1.4242882,1.8949095,
917786865236,3,12.153227,1.5154486,1.8649718,
917796936037,3,11.973002,1.6723224,2.3559508,
917806915285,3,11.730356,1.645079,2.7053242,
917816925050,3,11.39236,2.0071762,3.476221,
917826934816,3,10.981165,2.0239413,3.9655535,
917836975099,3,10.839559,1.977388,4.4331813,
917846984865,3,10.643766,2.0246897,4.5902047,
917857025148,3,10.518626,2.0784278,4.6405,
917867034913,3,10.463391,1.9776874,4.4556346,
917877044679,3,10.31041,1.7796493,4.206253,
917887054445,3,10.410851,1.886527,3.782035,
917897094728,3,10.20907,1.8248552,3.6226168,
917907104494,3,10.236314,1.6865429,3.456163,
917917144777,3,10.241852,1.6242723,3.1647189,
917927154542,3,10.211914,1.3870157,3.1728022,
917937164308,3,9.93978,1.1696677,3.1558874,
917947174074,3,9.593999,0.83062273,3.3679962,
917957183839,3,9.350006,0.7355704,3.281027,
917967193605,3,9.100026,0.6902147,3.3006363,
917977233888,3,8.731643,0.49457154,3.434907,
917987243654,3,8.379275,0.6146219,3.0819411,
917997283937,3,7.8447366,0.55130357,2.9689262,
918007263185,3,7.577243,0.57420594,2.6240432,
918017303468,3,7.472311,0.55160296,2.272724,
918027313234,3,7.314839,0.7934999,2.0437002,
918037322999,3,7.075337,0.9250763,1.5944842,
918047363283,3,7.0019894,0.9741742,1.3543836,
918057373048,3,6.7642837,0.98285615,0.90696394,
918067382814,3,6.830745,1.1187735,0.6689589,
918077392579,3,6.6681833,1.094973,0.4816983,
918087432863,3,6.9466043,1.2271482,0.22363494,
918097442628,3,6.88628,1.0333012,0.3516188,
918107452394,3,7.098688,1.2178674,0.5638774,
918117492677,3,7.396419,1.1832893,0.7972421,
918127502443,3,7.335047,1.1044034,1.1499088,
918137542726,3,7.5299416,1.0083032,1.4822177,
918147552492,3,7.8550653,1.0038126,1.747017,
918157562257,3,8.220605,0.7499405,1.9011965,
918167572023,3,8.503966,0.8994795,2.0845652,
918177612306,3,8.8266945,0.92567503,2.1661456,
918187622072,3,8.946895,0.7677534,2.09669,
918197631837,3,9.068592,0.680934,2.14953,
918207641603,3,9.222622,0.53932846,2.298171,
918217681886,3,9.623188,0.45759842,2.4447162,
918227691652,3,9.764195,0.4472699,2.4385788,
918237731935,3,9.807305,0.4899312,2.4942632,
918247711183,3,9.918823,0.7219487,2.5527914,
918257751466,3,10.1068325,0.91759187,2.4134312,
918267791750,3,10.268197,0.7458989,2.0866609,
918277770998,3,10.645412,0.7788304,1.6738193,
918287811281,3,11.069181,0.8105644,1.5581099,
918297821047,3,11.3273945,0.93450665,1.4838643,
918307830812,3,11.367361,1.0476713,1.4202466,
918317871095,3,11.149864,1.0529104,1.8000069,
918327880861,3,11.006462,0.9758208,2.1766236,
918337921144,3,10.804233,0.7658075,2.4993525,
918347930910,3,10.895842,0.62060946,2.7292745,
918357940675,3,11.358081,0.41403902,2.8000772,
918367950441,3,11.742781,0.09490265,2.627037,
918377990724,3,11.945459,-0.14564712,2.5201592,
918388000490,3,11.827953,-0.25985962,2.121688,
918398040773,3,11.390413,-0.22004242,2.008673,
918408050539,3,10.987452,-0.3213817,2.0959415,
918418060304,3,10.573263,-0.3927832,2.7020311,
918428070070,3,10.435848,-0.7960446,2.9794042,
918438110353,3,9.876911,-0.76730436,3.314707,
918448120119,3,9.661958,-0.9122031,3.5452278,
918458160402,3,9.6670475,-0.96833634,3.6289036,
918468170167,3,9.480236,-0.97731763,3.766168,
918478179933,3,9.301806,-0.8852591,3.7594323,
918488159181,3,9.087153,-0.8186476,3.9505847,
918498229982,3,8.931027,-0.6521938,4.0260277,
918508239748,3,8.990455,-0.3995192,3.812422,
918518249513,3,9.380243,-0.09101074,3.7401223,
918528259279,3,9.400302,-0.05957611,3.4896932,
918538269044,3,9.181906,-0.26240432,3.045866,
