1393257165074608705,0,993.424,0.0,0.0,
1393257165099541566,0,993.33405,0.0,0.0,
1393257165176262757,0,993.39404,0.0,0.0,
1393257165300957582,0,993.39404,0.0,0.0,
1393257165376671693,0,993.5239,0.0,0.0,
1393257165401543519,0,993.6738,0.0,0.0,
1393257165437157533,0,993.39404,0.0,0.0,
1393257165478478333,0,993.33405,0.0,0.0,
1393257165502282044,0,993.5239,0.0,0.0,
1393257165541802308,0,993.364,0.0,0.0,
1393257165581658265,0,993.3041,0.0,0.0,
1393257165602959535,0,993.39404,0.0,0.0,
1393257165643059632,0,993.48395,0.0,0.0,
1393257165703789613,0,993.33405,0.0,0.0,
1393257165742913148,0,993.39404,0.0,0.0,
1393257165780602357,0,993.424,0.0,0.0,
1393257165883812806,0,993.364,0.0,0.0,
1393257165980828187,0,993.3041,0.0,0.0,
1393257166106896302,0,993.33405,0.0,0.0,
1393257166147515199,0,993.48395,0.0,0.0,
1393257166185875794,0,993.48395,0.0,0.0,
1393257166245446107,0,993.39404,0.0,0.0,
1393257166283043763,0,993.364,0.0,0.0,
1393257166308037660,0,993.39404,0.0,0.0,
1393257166348015687,0,993.48395,0.0,0.0,
1393257166384789369,0,993.454,0.0,0.0,
1393257166418480775,0,993.39404,0.0,0.0,
1393257166448326966,0,993.48395,0.0,0.0,
1393257166488060853,0,993.48395,0.0,0.0,
1393257166509453675,0,993.33405,0.0,0.0,
1393257166585106751,0,993.364,0.0,0.0,
1393257166610039613,0,993.3041,0.0,0.0,
1393257166711357972,0,993.454,0.0,0.0,
1393257166751061341,0,993.39404,0.0,0.0,
1393257166811455628,0,993.424,0.0,0.0,
1393257166852593324,0,993.39404,0.0,0.0,
1393257166912285707,0,993.39404,0.0,0.0,
1393257166952141664,0,993.33405,0.0,0.0,
1393257166989006898,0,993.424,0.0,0.0,
1393257167022667787,0,993.454,0.0,0.0,
1393257167092278382,0,993.364,0.0,0.0,
1393257167152153871,0,993.364,0.0,0.0,
1393257167214470765,0,993.5839,0.0,0.0,
1393257167291222474,0,993.54395,0.0,0.0,
1393257167315514466,0,993.454,0.0,0.0,
1393257167394493958,0,993.6139,0.0,0.0,
1393257167415825746,0,993.364,0.0,0.0,
1393257167454094789,0,993.5139,0.0,0.0,
1393257167491570374,0,993.424,0.0,0.0,
1393257167516625306,0,993.39404,0.0,0.0,
1393257167556939027,0,993.5139,0.0,0.0,
1393257167593254945,0,993.39404,0.0,0.0,
1393257167617760560,0,993.48395,0.0,0.0,
1393257167696617982,0,993.39404,0.0,0.0,
1393257167718010804,0,993.54395,0.0,0.0,
1393257167757225892,0,993.5139,0.0,0.0,
1393257167793694398,0,993.424,0.0,0.0,
1393257167818627259,0,993.5139,0.0,0.0,
1393257167858361146,0,993.48395,0.0,0.0,
1393257167919365785,0,993.5739,0.0,0.0,
1393257167957207582,0,993.5739,0.0,0.0,
1393257167998742005,0,993.454,0.0,0.0,
1393257168095818421,0,993.454,0.0,0.0,
1393257168120781800,0,993.424,0.0,0.0,
1393257168197502992,0,993.454,0.0,0.0,
1393257168261437318,0,993.454,0.0,0.0,
1393257168300774476,0,993.5139,0.0,0.0,
1393257168361412904,0,993.5139,0.0,0.0,
1393257168397911927,0,993.6039,0.0,0.0,
1393257168422966859,0,993.6039,0.0,0.0,
1393257168462578675,0,993.454,0.0,0.0,
1393257168499657533,0,993.424,0.0,0.0,
1393257168523949525,0,993.5139,0.0,0.0,
1393257168561547181,0,993.5139,0.0,0.0,
1393257168624413392,0,993.5139,0.0,0.0,
1393257168662773988,0,993.48395,0.0,0.0,
1393257168725029847,0,993.5739,0.0,0.0,
1393257168802682069,0,993.6738,0.0,0.0,
1393257168827187684,0,993.54395,0.0,0.0,
1393257168927010682,0,993.5739,0.0,0.0,
1393257168966561463,0,993.424,0.0,0.0,
1393257169028054383,0,993.5139,0.0,0.0,
1393257169067788270,0,993.39404,0.0,0.0,
1393257169104714539,0,993.5139,0.0,0.0,
1393257169166726258,0,993.5139,0.0,0.0,
1393257169229867127,0,993.5139,0.0,0.0,
1393257169267922547,0,993.54395,0.0,0.0,
1393257169330208924,0,993.454,0.0,0.0,
1393257169370919373,0,993.48395,0.0,0.0,
1393257169406533387,0,993.454,0.0,0.0,
1393257169431008485,0,993.5739,0.0,0.0,
1393257169531624940,0,993.5139,0.0,0.0,
1393257169570870545,0,993.454,0.0,0.0,
1393257169672036317,0,993.48395,0.0,0.0,
1393257169733040955,0,993.454,0.0,0.0,
1393257169770943787,0,993.424,0.0,0.0,
1393257169811989930,0,993.48395,0.0,0.0,
1393257169833809998,0,993.54395,0.0,0.0,
1393257169872231629,0,993.6039,0.0,0.0,
1393257169909493592,0,993.6039,0.0,0.0,
1393257169934518006,0,993.454,0.0,0.0,
1393257169975167420,0,993.5139,0.0,0.0,
1393257170011239197,0,993.424,0.0,0.0,
1393257170035042908,0,993.54395,0.0,0.0,
1393257170075143006,0,993.5139,0.0,0.0,
1393257170135964539,0,993.424,0.0,0.0,
1393257170236550477,0,993.48395,0.0,0.0,
1393257170337197449,0,993.54395,0.0,0.0,
1393257170416604188,0,993.5139,0.0,0.0,
1393257170437783387,0,993.424,0.0,0.0,
1393257170513772156,0,993.54395,0.0,0.0,
1393257170579476502,0,993.5139,0.0,0.0,
1393257170615426209,0,993.424,0.0,0.0,
1393257170639504578,0,993.454,0.0,0.0,
1393257170718789246,0,993.5739,0.0,0.0,
1393257170739724305,0,993.424,0.0,0.0,
1393257170779275086,0,993.54395,0.0,0.0,
1393257170815804627,0,993.364,0.0,0.0,
1393257170917672303,0,993.54395,0.0,0.0,
1393257170979409363,0,993.48395,0.0,0.0,
1393257171020882752,0,993.29407,0.0,0.0,
1393257171117989686,0,993.54395,0.0,0.0,
1393257171143014100,0,993.54395,0.0,0.0,
1393257171219796326,0,993.454,0.0,0.0,
1393257171252572205,0,993.424,0.0,0.0,
1393257171323006776,0,993.454,0.0,0.0,
1393257171344369080,0,993.424,0.0,0.0,
1393257171383675721,0,993.354,0.0,0.0,
1393257171415352967,0,993.54395,0.0,0.0,
1393257171445016053,0,993.48395,0.0,0.0,
1393257171484810975,0,993.32404,0.0,0.0,
1393257171546303895,0,993.354,0.0,0.0,
1393257171583718445,0,993.5139,0.0,0.0,
1393257171625130799,0,993.54395,0.0,0.0,
1393257171646554139,0,993.454,0.0,0.0,
1393257171747262147,0,993.39404,0.0,0.0,
1393257171824044373,0,993.32404,0.0,0.0,
1393257171857430604,0,993.424,0.0,0.0,
1393257171887948182,0,993.354,0.0,0.0,
1393257171927254822,0,993.354,0.0,0.0,
1393257171948678162,0,993.38403,0.0,0.0,
1393257172049325135,0,993.5739,0.0,0.0,
1393257172150551942,0,993.354,0.0,0.0,
1393257172187783387,0,993.6039,0.0,0.0,
1393257172229317811,0,993.38403,0.0,0.0,
1393257172250741151,0,993.32404,0.0,0.0,
1393257172288918641,0,993.424,0.0,0.0,
1393257172326455262,0,993.5139,0.0,0.0,
1393257172351510194,0,993.32404,0.0,0.0,
1393257172391579774,0,993.38403,0.0,0.0,
1393257172428261903,0,993.48395,0.0,0.0,
1393257172461800721,0,993.48395,0.0,0.0,
1393257172553635842,0,993.454,0.0,0.0,
1393257172654130227,0,993.454,0.0,0.0,
1393257172693314797,0,993.354,0.0,0.0,
1393257172731095559,0,993.5139,0.0,0.0,
1393257172755418068,0,993.454,0.0,0.0,
1393257172795182473,0,993.454,0.0,0.0,
1393257172834275490,0,993.38403,0.0,0.0,
1393257172855546242,0,993.54395,0.0,0.0,
1393257172892747170,0,993.454,0.0,0.0,
1393257172931473977,0,993.354,0.0,0.0,
1393257173033158547,0,993.454,0.0,0.0,
1393257173096360451,0,993.5739,0.0,0.0,
1393257173136368996,0,993.5739,0.0,0.0,
1393257173157792336,0,993.6039,0.0,0.0,
1393257173196213967,0,993.5139,0.0,0.0,
1393257173233506447,0,993.32404,0.0,0.0,
1393257173258500344,0,993.454,0.0,0.0,
1393257173335374123,0,993.5739,0.0,0.0,
1393257173359696633,0,993.454,0.0,0.0,
1393257173396744973,0,993.54395,0.0,0.0,
1393257173438615090,0,993.48395,0.0,0.0,
1393257173498002297,0,993.48395,0.0,0.0,
1393257173535660988,0,993.414,0.0,0.0,
1393257173560715920,0,993.414,0.0,0.0,
1393257173601029641,0,993.5139,0.0,0.0,
1393257173637406594,0,993.414,0.0,0.0,
1393257173701096779,0,993.444,0.0,0.0,
1393257173762131935,0,993.48395,0.0,0.0,
1393257173801285988,0,993.5739,0.0,0.0,
1393257173837693459,0,993.48395,0.0,0.0,
1393257173862839943,0,993.6039,0.0,0.0,
1393257173902451760,0,993.414,0.0,0.0,
1393257173939622170,0,993.414,0.0,0.0,
1393257173973252541,0,993.5139,0.0,0.0,
1393257174042802102,0,993.444,0.0,0.0,
1393257174064255959,0,993.48395,0.0,0.0,
1393257174102616555,0,993.48395,0.0,0.0,
1393257174139878518,0,993.32404,0.0,0.0,
1393257174164933449,0,993.48395,0.0,0.0,
1393257174201890236,0,993.54395,0.0,0.0,
1393257174272935158,0,993.414,0.0,0.0,
1393257174305527932,0,993.54395,0.0,0.0,
1393257174344895607,0,993.5139,0.0,0.0,
1393257174366288430,0,993.54395,0.0,0.0,
1393257174405705802,0,993.474,0.0,0.0,
1393257174442113273,0,993.474,0.0,0.0,
1393257174467168204,0,993.6339,0.0,0.0,
1393257174506841056,0,993.6639,0.0,0.0,
1393257174543919913,0,993.444,0.0,0.0,
1393257174605779044,0,993.5739,0.0,0.0,
1393257174643132560,0,993.5139,0.0,0.0,
1393257174707127921,0,993.5139,0.0,0.0,
1393257174744206779,0,993.474,0.0,0.0,
1393257174769353263,0,993.54395,0.0,0.0,
1393257174970769279,0,993.474,0.0,0.0,
1393257175009923331,0,993.5139,0.0,0.0,
1393257175071416251,0,993.6639,0.0,0.0,
1393257175111089103,0,993.6339,0.0,0.0,
1393257175148167960,0,993.5139,0.0,0.0,
1393257175209966056,0,993.414,0.0,0.0,
1393257175247228019,0,993.444,0.0,0.0,
1393257175272832267,0,993.474,0.0,0.0,
1393257175348113585,0,993.474,0.0,0.0,
1393257175373534728,0,993.414,0.0,0.0,
1393257175414214659,0,993.474,0.0,0.0,
1393257175474425841,0,993.6339,0.0,0.0,
1393257175514159728,0,993.354,0.0,0.0,
1393257175614226866,0,993.50397,0.0,0.0,
1393257175675750304,0,993.474,0.0,0.0,
1393257175752105284,0,993.50397,0.0,0.0,
1393257175776336241,0,993.474,0.0,0.0,
1393257175814269591,0,993.414,0.0,0.0,
1393257175855315734,0,993.54395,0.0,0.0,
1393257175877135802,0,993.5739,0.0,0.0,
1393257175977843810,0,993.6039,0.0,0.0,
1393257176018523741,0,993.474,0.0,0.0,
1393257176078399230,0,993.444,0.0,0.0,
1393257176118407775,0,993.444,0.0,0.0,
1393257176157867003,0,993.444,0.0,0.0,
1393257176179290343,0,993.6339,0.0,0.0,
1393257176218444396,0,993.474,0.0,0.0,
1393257176279906798,0,993.354,0.0,0.0,
1393257176319701720,0,993.50397,0.0,0.0,
1393257176356750060,0,993.474,0.0,0.0,
1393257176380492736,0,993.38403,0.0,0.0,
1393257176418548155,0,993.414,0.0,0.0,
1393257176459929991,0,993.444,0.0,0.0,
1393257176519774962,0,993.474,0.0,0.0,
1393257176581695128,0,993.5739,0.0,0.0,
1393257176621703673,0,993.50397,0.0,0.0,
1393257176658874083,0,993.53394,0.0,0.0,
1393257176682738829,0,993.444,0.0,0.0,
1393257176722686339,0,993.474,0.0,0.0,
1393257176762084532,0,993.50397,0.0,0.0,
1393257176783019591,0,993.414,0.0,0.0,
1393257176822661925,0,993.444,0.0,0.0,
1393257176883758116,0,993.474,0.0,0.0,
1393257176923888732,0,993.444,0.0,0.0,
1393257176960998107,0,993.474,0.0,0.0,
1393257176984984923,0,993.414,0.0,0.0,
1393257177022735167,0,993.354,0.0,0.0,
1393257177064147521,0,993.53394,0.0,0.0,
1393257177085448790,0,993.6039,0.0,0.0,
1393257177124053527,0,993.50397,0.0,0.0,
1393257177186339904,0,993.444,0.0,0.0,
1393257177227161268,0,993.53394,0.0,0.0,
1393257177263263563,0,993.474,0.0,0.0,
1393257177296161512,0,993.50397,0.0,0.0,
1393257177327106336,0,993.50397,0.0,0.0,
1393257177366474012,0,993.444,0.0,0.0,
1393257177427203992,0,993.5739,0.0,0.0,
1393257177458759168,0,993.50397,0.0,0.0,
1393257177565418104,0,993.474,0.0,0.0,
1393257177589771131,0,993.53394,0.0,0.0,
1393257177627155164,0,993.474,0.0,0.0,
1393257177668567518,0,993.414,0.0,0.0,
1393257177689990857,0,993.474,0.0,0.0,
1393257177765766004,0,993.6339,0.0,0.0,
1393257177790759900,0,993.474,0.0,0.0,
1393257177830097059,0,993.474,0.0,0.0,
1393257177891284803,0,993.6039,0.0,0.0,
1393257177931384900,0,993.444,0.0,0.0,
1393257177970752576,0,993.50397,0.0,0.0,
1393257177992175916,0,993.414,0.0,0.0,
1393257178031329969,0,993.444,0.0,0.0,
1393257178062793592,0,993.53394,0.0,0.0,
1393257178092822889,0,993.53394,0.0,0.0,
1393257178132495740,0,993.474,0.0,0.0,
1393257178169904739,0,993.474,0.0,0.0,
1393257178273023635,0,993.414,0.0,0.0,
1393257178294477492,0,993.50397,0.0,0.0,
1393257178332685500,0,993.53394,0.0,0.0,
1393257178370191604,0,993.354,0.0,0.0,
1393257178395124465,0,993.444,0.0,0.0,
1393257178435316116,0,993.354,0.0,0.0,
1393257178471937209,0,993.474,0.0,0.0,
1393257178535474807,0,993.444,0.0,0.0,
1393257178575178176,0,993.474,0.0,0.0,
1393257178635157797,0,993.414,0.0,0.0,
1393257178697169515,0,993.414,0.0,0.0,
1393257178736262533,0,993.414,0.0,0.0,
1393257178774073812,0,993.414,0.0,0.0,
1393257178798396322,0,993.444,0.0,0.0,
1393257178837550375,0,993.38403,0.0,0.0,
1393257178898524496,0,993.474,0.0,0.0,
1393257178935633871,0,993.444,0.0,0.0,
1393257178999354574,0,993.474,0.0,0.0,
1393257179039363119,0,993.474,0.0,0.0,
1393257179076106283,0,993.474,0.0,0.0,
1393257179109797689,0,993.444,0.0,0.0,
1393257179179377767,0,993.5639,0.0,0.0,
1393257179200648519,0,993.444,0.0,0.0,
1393257179301478597,0,993.444,0.0,0.0,
1393257179340510580,0,993.354,0.0,0.0,
1393257179378352377,0,993.32404,0.0,0.0,
1393257179402705404,0,993.53394,0.0,0.0,
1393257179439601156,0,993.414,0.0,0.0,
1393257179502955648,0,993.354,0.0,0.0,
1393257179541072103,0,993.32404,0.0,0.0,
1393257179578755900,0,993.38403,0.0,0.0,
1393257179603719279,0,993.354,0.0,0.0,
1393257179642873332,0,993.354,0.0,0.0,
1393257179744252726,0,993.414,0.0,0.0,
1393257179783772990,0,993.354,0.0,0.0,
1393257179805135295,0,993.32404,0.0,0.0,
1393257179844380900,0,993.354,0.0,0.0,
1393257179880910441,0,993.38403,0.0,0.0,
1393257179905904337,0,993.2541,0.0,0.0,
1393257179945546671,0,993.38403,0.0,0.0,
1393257179982717082,0,993.28406,0.0,0.0,
1393257180007009074,0,993.32404,0.0,0.0,
1393257180107332835,0,993.444,0.0,0.0,
1393257180183016429,0,993.444,0.0,0.0,
1393257180348818431,0,993.50397,0.0,0.0,
1393257180388033519,0,993.32404,0.0,0.0,
1393257180409456858,0,993.53394,0.0,0.0,
1393257180448641429,0,993.444,0.0,0.0,
1393257180485140452,0,993.38403,0.0,0.0,
1393257180510225901,0,993.38403,0.0,0.0,
1393257180549868235,0,993.354,0.0,0.0,
1393257180586977610,0,993.38403,0.0,0.0,
1393257180611361155,0,993.38403,0.0,0.0,
1393257180648775706,0,993.444,0.0,0.0,
1393257180686159739,0,993.474,0.0,0.0,
1393257180711672435,0,993.32404,0.0,0.0,
1393257180750033030,0,993.50397,0.0,0.0,
1393257180787203440,0,993.414,0.0,0.0,
1393257180853121409,0,993.38403,0.0,0.0,
1393257180889101634,0,993.354,0.0,0.0,
1393257180952974925,0,993.38403,0.0,0.0,
1393257181013760443,0,993.50397,0.0,0.0,
1393257181114498969,0,993.50397,0.0,0.0,
1393257181191159125,0,993.354,0.0,0.0,
1393257181215512152,0,993.414,0.0,0.0,
1393257181290280219,0,993.38403,0.0,0.0,
1393257181315884467,0,993.32404,0.0,0.0,
1393257181354306098,0,993.474,0.0,0.0,
1393257181391232367,0,993.354,0.0,0.0,
1393257181416622992,0,993.474,0.0,0.0,
1393257181457272406,0,993.38403,0.0,0.0,
1393257181492947455,0,993.414,0.0,0.0,
1393257181517514106,0,993.53394,0.0,0.0,
1393257181557278510,0,993.474,0.0,0.0,
1393257181592984076,0,993.474,0.0,0.0,
1393257181618008490,0,993.50397,0.0,0.0,
1393257181657193061,0,993.3141,0.0,0.0,
1393257181718747016,0,993.474,0.0,0.0,
1393257181758358832,0,993.474,0.0,0.0,
1393257181795071479,0,993.38403,0.0,0.0,
1393257181857327338,0,993.414,0.0,0.0,
1393257181898190375,0,993.444,0.0,0.0,
1393257181920132514,0,993.444,0.0,0.0,
1393257182020871039,0,993.5639,0.0,0.0,
1393257182061642523,0,993.414,0.0,0.0,
1393257182097653266,0,993.5939,0.0,0.0,
1393257182161557074,0,993.38403,0.0,0.0,
1393257182200741645,0,993.414,0.0,0.0,
1393257182222287055,0,993.414,0.0,0.0,
1393257182261441107,0,993.474,0.0,0.0,
1393257182322964545,0,993.53394,0.0,0.0,
1393257182362576361,0,993.444,0.0,0.0,
1393257182399777289,0,993.38403,0.0,0.0,
1393257182423550482,0,993.50397,0.0,0.0,
1393257182461514350,0,993.444,0.0,0.0,
1393257182502896186,0,993.28406,0.0,0.0,
1393257182624783393,0,993.2541,0.0,0.0,
1393257182665432807,0,993.3141,0.0,0.0,
1393257182701870795,0,993.474,0.0,0.0,
1393257182826016303,0,993.444,0.0,0.0,
1393257182926987951,0,993.414,0.0,0.0,
1393257183004197424,0,993.50397,0.0,0.0,
1393257183028214758,0,993.38403,0.0,0.0,
1393257183128465002,0,993.444,0.0,0.0,
1393257183167283361,0,993.444,0.0,0.0,
1393257183339188879,0,993.474,0.0,0.0,
1393257183370164221,0,993.38403,0.0,0.0,
1393257183409470861,0,993.474,0.0,0.0,
1393257183430863684,0,993.444,0.0,0.0,
1393257183531632727,0,993.444,0.0,0.0,
1393257183571275061,0,993.444,0.0,0.0,
1393257183608445471,0,993.474,0.0,0.0,
1393257183670182531,0,993.34406,0.0,0.0,
1393257183733048742,0,993.50397,0.0,0.0,
1393257183771500891,0,993.474,0.0,0.0,
1393257183808909889,0,993.444,0.0,0.0,
1393257183833964821,0,993.38403,0.0,0.0,
1393257183874614235,0,993.2541,0.0,0.0,
1393257183910716530,0,993.5639,0.0,0.0,
1393257183944011207,0,993.34406,0.0,0.0,
1393257183974620338,0,993.414,0.0,0.0,
1393257184013926979,0,993.374,0.0,0.0,
1393257184035350319,0,993.444,0.0,0.0,
1393257184074565407,0,993.374,0.0,0.0,
1393257184136088844,0,993.474,0.0,0.0,
1393257184175700661,0,993.34406,0.0,0.0,
1393257184315941571,0,993.34406,0.0,0.0,
1393257184337364910,0,993.374,0.0,0.0,
1393257184375756024,0,993.3141,0.0,0.0,
1393257184438164471,0,993.374,0.0,0.0,
1393257184478356121,0,993.374,0.0,0.0,
1393257184514946698,0,993.53394,0.0,0.0,
1393257184548424481,0,993.414,0.0,0.0,
1393257184618157147,0,993.474,0.0,0.0,
1393257184639519452,0,993.34406,0.0,0.0,
1393257184715142010,0,993.374,0.0,0.0,
1393257184740196942,0,993.444,0.0,0.0,
1393257184841393231,0,993.3141,0.0,0.0,
1393257184880944012,0,993.374,0.0,0.0,
1393257184941582440,0,993.50397,0.0,0.0,
1393257184978325604,0,993.404,0.0,0.0,
1393257185017327069,0,993.50397,0.0,0.0,
1393257185119072674,0,993.444,0.0,0.0,
1393257185182274578,0,993.374,0.0,0.0,
1393257185243884075,0,993.53394,0.0,0.0,
1393257185282183636,0,993.3141,0.0,0.0,
1393257185319659222,0,993.374,0.0,0.0,
1393257185344531048,0,993.34406,0.0,0.0,
1393257185383654583,0,993.3141,0.0,0.0,
1393257185421435345,0,993.53394,0.0,0.0,
1393257185485766400,0,993.374,0.0,0.0,
1393257185524676312,0,993.474,0.0,0.0,
1393257185546008099,0,993.444,0.0,0.0,
1393257185584094036,0,993.5639,0.0,0.0,
1393257185621722210,0,993.50397,0.0,0.0,
1393257185723693998,0,993.34406,0.0,0.0,
1393257185787262113,0,993.34406,0.0,0.0,
1393257185826843412,0,993.34406,0.0,0.0,
1393257185848297269,0,993.34406,0.0,0.0,
1393257185887329251,0,993.3141,0.0,0.0,
1393257185948944242,0,993.43396,0.0,0.0,
1393257186050110013,0,993.43396,0.0,0.0,
1393257186087524564,0,993.474,0.0,0.0,
1393257186251098783,0,993.404,0.0,0.0,
1393257186291778714,0,993.34406,0.0,0.0,
1393257186327911527,0,993.474,0.0,0.0,
1393257186361389310,0,993.53394,0.0,0.0,
1393257186391723783,0,993.404,0.0,0.0,
1393257186431030423,0,993.5939,0.0,0.0,
1393257186452545316,0,993.28406,0.0,0.0,
1393257186491638333,0,993.374,0.0,0.0,
1393257186528167874,0,993.374,0.0,0.0,
1393257186553222806,0,993.374,0.0,0.0,
1393257186592834623,0,993.374,0.0,0.0,
1393257186630121488,0,993.3141,0.0,0.0,
1393257186733331937,0,993.374,0.0,0.0,
1393257186754755277,0,993.43396,0.0,0.0,
1393257186855402249,0,993.53394,0.0,0.0,
1393257186932214994,0,993.374,0.0,0.0,
1393257186965753812,0,993.3141,0.0,0.0,
1393257187056818265,0,993.374,0.0,0.0,
1393257187095954336,0,993.464,0.0,0.0,
1393257187157538809,0,993.374,0.0,0.0,
1393257187234321035,0,993.53394,0.0,0.0,
1393257187258735098,0,993.404,0.0,0.0,
1393257187296058096,0,993.374,0.0,0.0,
1393257187359046377,0,993.43396,0.0,0.0,
1393257187397437490,0,993.374,0.0,0.0,
1393257187434363760,0,993.34406,0.0,0.0,
1393257187459723867,0,993.374,0.0,0.0,
1393257187500464834,0,993.374,0.0,0.0,
1393257187536109365,0,993.404,0.0,0.0,
1393257187560737051,0,993.464,0.0,0.0,
1393257187661078848,0,993.5939,0.0,0.0,
1393257187761847891,0,993.3141,0.0,0.0,
1393257187838141836,0,993.50397,0.0,0.0,
1393257187900367178,0,993.43396,0.0,0.0,
1393257187963263906,0,993.43396,0.0,0.0,
1393257188001685537,0,993.50397,0.0,0.0,
1393257188038819926,0,993.34406,0.0,0.0,
1393257188063996928,0,993.404,0.0,0.0,
1393257188104646342,0,993.464,0.0,0.0,
1393257188140626567,0,993.404,0.0,0.0,
1393257188164521831,0,993.374,0.0,0.0,
1393257188204652446,0,993.43396,0.0,0.0,
1393257188243837016,0,993.404,0.0,0.0,
1393257188265351909,0,993.374,0.0,0.0,
1393257188304536479,0,993.404,0.0,0.0,
1393257188366059917,0,993.374,0.0,0.0,
1393257188405763286,0,993.464,0.0,0.0,
1393257188442933696,0,993.374,0.0,0.0,
1393257188466859477,0,993.49396,0.0,0.0,
1393257188567445415,0,993.374,0.0,0.0,
1393257188606019633,0,993.34406,0.0,0.0,
1393257188643251079,0,993.3141,0.0,0.0,
1393257188667817729,0,993.3141,0.0,0.0,
1393257188708955424,0,993.49396,0.0,0.0,
1393257188745027202,0,993.49396,0.0,0.0,
1393257188768952983,0,993.49396,0.0,0.0,
1393257188848237651,0,993.404,0.0,0.0,
1393257188908876079,0,993.374,0.0,0.0,
1393257188940492290,0,993.49396,0.0,0.0,
1393257189010011333,0,993.49396,0.0,0.0,
1393257189071015971,0,993.464,0.0,0.0,
1393257189108857768,0,993.374,0.0,0.0,
1393257189150270122,0,993.464,0.0,0.0,
1393257189211366313,0,993.5239,0.0,0.0,
1393257189272309917,0,993.5239,0.0,0.0,
1393257189349153178,0,993.5239,0.0,0.0,
1393257189373597758,0,993.5239,0.0,0.0,
1393257189452394145,0,993.404,0.0,0.0,
1393257189474214213,0,993.374,0.0,0.0,
1393257189512971538,0,993.404,0.0,0.0,
1393257189549470561,0,993.404,0.0,0.0,
1393257189574433940,0,993.464,0.0,0.0,
1393257189614350932,0,993.5239,0.0,0.0,
1393257189651338237,0,993.43396,0.0,0.0,
1393257189675721782,0,993.374,0.0,0.0,
1393257189716340678,0,993.49396,0.0,0.0,
1393257189775910991,0,993.5639,0.0,0.0,
1393257189851747172,0,993.5639,0.0,0.0,
1393257189876741069,0,993.404,0.0,0.0,
1393257189917257436,0,993.49396,0.0,0.0,
1393257189953603872,0,993.49396,0.0,0.0,
1393257189986593374,0,993.43396,0.0,0.0,
1393257190017446645,0,993.43396,0.0,0.0,
1393257190056875356,0,993.464,0.0,0.0,
1393257190178915151,0,993.43396,0.0,0.0,
1393257190255819448,0,993.43396,0.0,0.0,
1393257190320760854,0,993.464,0.0,0.0,
1393257190358938344,0,993.43396,0.0,0.0,
1393257190380270132,0,993.49396,0.0,0.0,
1393257190418874868,0,993.404,0.0,0.0,
1393257190456197866,0,993.464,0.0,0.0,
1393257190481069692,0,993.34406,0.0,0.0,
1393257190521383413,0,993.5239,0.0,0.0,
1393257190557912954,0,993.43396,0.0,0.0,
1393257190621511587,0,993.374,0.0,0.0,
1393257190661153921,0,993.404,0.0,0.0,
1393257190682577260,0,993.374,0.0,0.0,
1393257190721120962,0,993.464,0.0,0.0,
1393257190758230337,0,993.464,0.0,0.0,
1393257190822317251,0,993.43396,0.0,0.0,
1393257190884567393,0,993.43396,0.0,0.0,
1393257190924148692,0,993.43396,0.0,0.0,
1393257190984817637,0,993.43396,0.0,0.0,
1393257191021621836,0,993.404,0.0,0.0,
1393257191060531748,0,993.34406,0.0,0.0,
1393257191085464610,0,993.404,0.0,0.0,
1393257191125290049,0,993.43396,0.0,0.0,
1393257191162338389,0,993.404,0.0,0.0,
1393257191195816172,0,993.404,0.0,0.0,
1393257191265487803,0,993.404,0.0,0.0,
1393257191286941660,0,993.5239,0.0,0.0,
1393257191387601441,0,993.464,0.0,0.0,
1393257191488858765,0,993.5239,0.0,0.0,
1393257191567655152,0,993.49396,0.0,0.0,
1393257191588956421,0,993.43396,0.0,0.0,
1393257191627194947,0,993.55396,0.0,0.0,
1393257191664884156,0,993.404,0.0,0.0,
1393257191689847535,0,993.49396,0.0,0.0,
1393257191729764527,0,993.6239,0.0,0.0,
1393257191766599244,0,993.5839,0.0,0.0,
1393257191800199097,0,993.55396,0.0,0.0,
1393257191830106324,0,993.43396,0.0,0.0,
1393257191869840210,0,993.49396,0.0,0.0,
1393257191891263550,0,993.404,0.0,0.0,
1393257191930142945,0,993.43396,0.0,0.0,
1393257191966916626,0,993.49396,0.0,0.0,
1393257191991910523,0,993.49396,0.0,0.0,
1393257192031583374,0,993.55396,0.0,0.0,
1393257192068784302,0,993.43396,0.0,0.0,
1393257192093106812,0,993.6239,0.0,0.0,
1393257192130490845,0,993.43396,0.0,0.0,
1393257192171994751,0,993.43396,0.0,0.0,
1393257192193418091,0,993.6539,0.0,0.0,
1393257192294212046,0,993.5239,0.0,0.0,
1393257192334830942,0,993.464,0.0,0.0,
1393257192370933237,0,993.464,0.0,0.0,
1393257192404411021,0,993.43396,0.0,0.0,
1393257192474143687,0,993.404,0.0,0.0,
1393257192495536509,0,993.404,0.0,0.0,
1393257192571281138,0,993.55396,0.0,0.0,
1393257192635917368,0,993.43396,0.0,0.0,
1393257192673118296,0,993.374,0.0,0.0,
1393257192797752085,0,993.49396,0.0,0.0,
1393257192836173716,0,993.404,0.0,0.0,
1393257192873374644,0,993.404,0.0,0.0,
1393257192898429575,0,993.5239,0.0,0.0,
1393257192939109507,0,993.404,0.0,0.0,
1393257192975211802,0,993.404,0.0,0.0,
1393257193039054575,0,993.464,0.0,0.0,
1393257193074271860,0,993.464,0.0,0.0,
1393257193240195933,0,993.404,0.0,0.0,
1393257193277244273,0,993.374,0.0,0.0,
1393257193301536265,0,993.404,0.0,0.0,
1393257193339072886,0,993.49396,0.0,0.0,
1393257193401969614,0,993.374,0.0,0.0,
1393257193440391245,0,993.34406,0.0,0.0,
1393257193477409067,0,993.34406,0.0,0.0,
1393257193502616587,0,993.374,0.0,0.0,
1393257193543357554,0,993.5239,0.0,0.0,
1393257193603660288,0,993.374,0.0,0.0,
1393257193643333140,0,993.34406,0.0,0.0,
1393257193679099741,0,993.404,0.0,0.0,
1393257193704032603,0,993.374,0.0,0.0,
1393257193743339243,0,993.34406,0.0,0.0,
1393257193774711314,0,993.464,0.0,0.0,
1393257193844443980,0,993.49396,0.0,0.0,
1393257193905387583,0,993.34406,0.0,0.0,
1393257193943351450,0,993.43396,0.0,0.0,
1393257193981376353,0,993.43396,0.0,0.0,
1393257194006156626,0,993.374,0.0,0.0,
1393257194044669810,0,993.49396,0.0,0.0,
1393257194085471812,0,993.5239,0.0,0.0,
1393257194106925669,0,993.3041,0.0,0.0,
1393257194147808287,0,993.34406,0.0,0.0,
1393257194183666441,0,993.404,0.0,0.0,
1393257194207653257,0,993.49396,0.0,0.0,
1393257194247753355,0,993.464,0.0,0.0,
1393257194283672544,0,993.374,0.0,0.0,
1393257194348278257,0,993.34406,0.0,0.0,
1393257194384227964,0,993.374,0.0,0.0,
1393257194409191343,0,993.464,0.0,0.0,
1393257194448894712,0,993.5239,0.0,0.0,
1393257194487102720,0,993.43396,0.0,0.0,
1393257194547802183,0,993.55396,0.0,0.0,
1393257194610607359,0,993.3041,0.0,0.0,
1393257194649059507,0,993.34406,0.0,0.0,
1393257194788128111,0,993.43396,0.0,0.0,
1393257194812023375,0,993.5239,0.0,0.0,
1393257194852001402,0,993.404,0.0,0.0,
1393257194891399595,0,993.5239,0.0,0.0,
1393257194912395689,0,993.49396,0.0,0.0,
1393257194952129576,0,993.404,0.0,0.0,
1393257195013042662,0,993.404,0.0,0.0,
1393257195053203794,0,993.5239,0.0,0.0,
1393257195090338014,0,993.464,0.0,0.0,
1393257195114080690,0,993.43396,0.0,0.0,
1393257195152044557,0,993.49396,0.0,0.0,
1393257195193517946,0,993.404,0.0,0.0,
1393257195290655397,0,993.5839,0.0,0.0,
1393257195315374636,0,993.49396,0.0,0.0,
1393257195356298708,0,993.464,0.0,0.0,
1393257195392492556,0,993.404,0.0,0.0,
1393257195425573610,0,993.43396,0.0,0.0,
1393257195456304811,0,993.404,0.0,0.0,
1393257195495641970,0,993.374,0.0,0.0,
1393257195517095827,0,993.464,0.0,0.0,
1393257195556341432,0,993.43396,0.0,0.0,
1393257195617803835,0,993.464,0.0,0.0,
1393257195657385134,0,993.33405,0.0,0.0,
1393257195694616579,0,993.49396,0.0,0.0,
1393257195718939089,0,993.6139,0.0,0.0,
1393257195756292604,0,993.33405,0.0,0.0,
1393257195797704958,0,993.43396,0.0,0.0,
1393257195819219850,0,993.404,0.0,0.0,
1393257195857610964,0,993.43396,0.0,0.0,
1393257195894903444,0,993.464,0.0,0.0,
1393257195919897341,0,993.374,0.0,0.0,
1393257195960577272,0,993.5239,0.0,0.0,
1393257195996649050,0,993.43396,0.0,0.0,
1393257196029821657,0,993.464,0.0,0.0,
1393257196099890016,0,993.49396,0.0,0.0,
1393257196121343874,0,993.404,0.0,0.0,
1393257196192022585,0,993.374,0.0,0.0,
1393257196221960329,0,993.374,0.0,0.0,
1393257196261633181,0,993.464,0.0,0.0,
1393257196323156618,0,993.43396,0.0,0.0,
1393257196360540651,0,993.374,0.0,0.0,
1393257196401922487,0,993.33405,0.0,0.0,
1393257196423376345,0,993.404,0.0,0.0,
1393257196461828493,0,993.404,0.0,0.0,
1393257196499120973,0,993.33405,0.0,0.0,
1393257196600958132,0,993.364,0.0,0.0,
1393257196704107546,0,993.43396,0.0,0.0,
1393257196826086306,0,993.404,0.0,0.0,
1393257196865362429,0,993.5239,0.0,0.0,
1393257196903051638,0,993.464,0.0,0.0,
1393257196927374147,0,993.55396,0.0,0.0,
1393257196967249275,0,993.49396,0.0,0.0,
1393257197006372811,0,993.49396,0.0,0.0,
1393257197027674080,0,993.49396,0.0,0.0,
1393257197064844490,0,993.404,0.0,0.0,
1393257197103571297,0,993.404,0.0,0.0,
1393257197128504158,0,993.5239,0.0,0.0,
1393257197168451668,0,993.33405,0.0,0.0,
1393257197205316902,0,993.5839,0.0,0.0,
1393257197238916756,0,993.404,0.0,0.0,
1393257197268549324,0,993.55396,0.0,0.0,
1393257197308496834,0,993.364,0.0,0.0,
1393257197329920174,0,993.364,0.0,0.0,
1393257197368280770,0,993.5239,0.0,0.0,
1393257197405664803,0,993.43396,0.0,0.0,
1393257197430689217,0,993.49396,0.0,0.0,
1393257197531824471,0,993.364,0.0,0.0,
1393257197610712410,0,993.364,0.0,0.0,
1393257197669947029,0,993.55396,0.0,0.0,
1393257197732752205,0,993.43396,0.0,0.0,
1393257197809564949,0,993.49396,0.0,0.0,
1393257197843073250,0,993.43396,0.0,0.0,
1393257197873102547,0,993.43396,0.0,0.0,
1393257197912953118,0,993.43396,0.0,0.0,
1393257197934406975,0,993.49396,0.0,0.0,
1393257197973408440,0,993.464,0.0,0.0,
1393257198010060052,0,993.43396,0.0,0.0,
1393257198136250237,0,993.3041,0.0,0.0,
1393257198173573235,0,993.464,0.0,0.0,
1393257198215138177,0,993.43396,0.0,0.0,
1393257198236378411,0,993.364,0.0,0.0,
1393257198274922112,0,993.33405,0.0,0.0,
1393257198312184075,0,993.49396,0.0,0.0,
1393257198337208489,0,993.39404,0.0,0.0,
1393257198377901412,0,993.39404,0.0,0.0,
1393257198414003707,0,993.39404,0.0,0.0,
1393257198447512008,0,993.43396,0.0,0.0,
1393257198477907515,0,993.464,0.0,0.0,
1393257198517214156,0,993.39404,0.0,0.0,
1393257198614290572,0,993.43396,0.0,0.0,
1393257198639376021,0,993.39404,0.0,0.0,
1393257198679018355,0,993.43396,0.0,0.0,
1393257198740419722,0,993.464,0.0,0.0,
1393257198777925826,0,993.43396,0.0,0.0,
1393257198819399215,0,993.464,0.0,0.0,
1393257198840792037,0,993.364,0.0,0.0,
1393257198879213668,0,993.55396,0.0,0.0,
1393257198916353560,0,993.49396,0.0,0.0,
1393257198941469527,0,993.464,0.0,0.0,
1393257198982118941,0,993.43396,0.0,0.0,
1393257199082155562,0,993.364,0.0,0.0,
1393257199117311812,0,993.33405,0.0,0.0,
1393257199182100631,0,993.33405,0.0,0.0,
1393257199243532515,0,993.364,0.0,0.0,
1393257199283266402,0,993.43396,0.0,0.0,
1393257199320614445,0,993.364,0.0,0.0,
1393257199385861027,0,993.364,0.0,0.0,
1393257199419430362,0,993.464,0.0,0.0,
1393257199444943058,0,993.55396,0.0,0.0,
1393257199484737980,0,993.64386,0.0,0.0,
1393257199520657169,0,993.364,0.0,0.0,
1393257199545712101,0,993.33405,0.0,0.0,
1393257199586300480,0,993.49396,0.0,0.0,
1393257199622372257,0,993.364,0.0,0.0,
1393257199646908390,0,993.55396,0.0,0.0,
1393257199722408878,0,993.39404,0.0,0.0,
1393257199786190616,0,993.5239,0.0,0.0,
1393257199822384464,0,993.2441,0.0,0.0,
1393257199887539493,0,993.39404,0.0,0.0,
1393257199924130070,0,993.39404,0.0,0.0,
1393257199986416446,0,993.424,0.0,0.0,
1393257200024349796,0,993.39404,0.0,0.0,
1393257200049343693,0,993.27405,0.0,0.0,
1393257200128414737,0,993.424,0.0,0.0,
1393257200149960148,0,993.49396,0.0,0.0,
1393257200190701114,0,993.33405,0.0,0.0,
1393257200250515568,0,993.39404,0.0,0.0,
1393257200290585148,0,993.3041,0.0,0.0,
1393257200329739200,0,993.49396,0.0,0.0,
1393257200351467716,0,993.39404,0.0,0.0,
1393257200390743839,0,993.3041,0.0,0.0,
1393257200422390568,0,993.27405,0.0,0.0,
1393257200452084171,0,993.364,0.0,0.0,
1393257200552761661,0,993.39404,0.0,0.0,
1393257200590664493,0,993.3041,0.0,0.0,
1393257200632137882,0,993.464,0.0,0.0,
1393257200653561222,0,993.5239,0.0,0.0,
1393257200692013370,0,993.33405,0.0,0.0,
1393257200794918644,0,993.39404,0.0,0.0,
1393257200830990421,0,993.55396,0.0,0.0,
1393257200894894230,0,993.364,0.0,0.0,
1393257200934292423,0,993.464,0.0,0.0,
1393257200994900333,0,993.364,0.0,0.0,
1393257201026424991,0,993.49396,0.0,0.0,
1393257201096005070,0,993.424,0.0,0.0,
1393257201133205997,0,993.5239,0.0,0.0,
1393257201156979191,0,993.55396,0.0,0.0,
1393257201195023727,0,993.33405,0.0,0.0,
1393257201236405563,0,993.424,0.0,0.0,
1393257201257401656,0,993.49396,0.0,0.0,
1393257201296281051,0,993.364,0.0,0.0,
1393257201333604049,0,993.49396,0.0,0.0,
1393257201358262252,0,993.39404,0.0,0.0,
1393257201399277877,0,993.33405,0.0,0.0,
1393257201435380172,0,993.39404,0.0,0.0,
1393257201499314498,0,993.55396,0.0,0.0,
1393257201538621139,0,993.364,0.0,0.0,
1393257201559952926,0,993.364,0.0,0.0,
1393257201599229049,0,993.464,0.0,0.0,
1393257201660660934,0,993.464,0.0,0.0,
1393257201700333785,0,993.364,0.0,0.0,
1393257201737565231,0,993.424,0.0,0.0,
1393257201770402145,0,993.3041,0.0,0.0,
1393257201840714645,0,993.364,0.0,0.0,
1393257201862137985,0,993.364,0.0,0.0,
1393257202039658737,0,993.33405,0.0,0.0,
1393257202103440475,0,993.364,0.0,0.0,
1393257202142869186,0,993.5239,0.0,0.0,
1393257202164262008,0,993.464,0.0,0.0,
1393257202264908981,0,993.364,0.0,0.0,
1393257202304581832,0,993.33405,0.0,0.0,
1393257202366105270,0,993.364,0.0,0.0,
1393257202403519821,0,993.39404,0.0,0.0,
1393257202444901656,0,993.424,0.0,0.0,
1393257202504807662,0,993.464,0.0,0.0,
1393257202542100143,0,993.424,0.0,0.0,
1393257202567033004,0,993.49396,0.0,0.0,
1393257202607621383,0,993.424,0.0,0.0,
1393257202747086715,0,993.39404,0.0,0.0,
1393257202768510055,0,993.424,0.0,0.0,
1393257202844102096,0,993.364,0.0,0.0,
1393257202869034957,0,993.39404,0.0,0.0,
1393257202908402633,0,993.39404,0.0,0.0,
1393257202946000289,0,993.39404,0.0,0.0,
1393257203010148239,0,993.364,0.0,0.0,
1393257203049210739,0,993.33405,0.0,0.0,
1393257203171250533,0,993.454,0.0,0.0,
1393257203210862350,0,993.33405,0.0,0.0,
1393257203281632614,0,993.364,0.0,0.0,
1393257203311387252,0,993.5239,0.0,0.0,
1393257203351304244,0,993.364,0.0,0.0,
1393257203410996627,0,993.33405,0.0,0.0,
1393257203448411178,0,993.39404,0.0,0.0,
1393257203473496627,0,993.5839,0.0,0.0,
1393257203512314987,0,993.3041,0.0,0.0,
1393257203550309371,0,993.5239,0.0,0.0,
1393257203614274215,0,993.39404,0.0,0.0,
1393257203653489303,0,993.39404,0.0,0.0,
1393257203674882125,0,993.424,0.0,0.0,
1393257203712662887,0,993.5239,0.0,0.0,
1393257203750687789,0,993.39404,0.0,0.0,
1393257203775590133,0,993.33405,0.0,0.0,
1393257203815659713,0,993.33405,0.0,0.0,
1393257203852372360,0,993.364,0.0,0.0,
1393257203885911178,0,993.39404,0.0,0.0,
1393257203977036666,0,993.49396,0.0,0.0,
1393257204015946578,0,993.424,0.0,0.0,
1393257204077531051,0,993.33405,0.0,0.0,
1393257204117295455,0,993.364,0.0,0.0,
1393257204219346237,0,993.364,0.0,0.0,
1393257204317612838,0,993.49396,0.0,0.0,
1393257204379807662,0,993.5239,0.0,0.0,
1393257204456559371,0,993.364,0.0,0.0,
1393257204520432662,0,993.3041,0.0,0.0,
1393257204559800338,0,993.3041,0.0,0.0,
1393257204581193160,0,993.424,0.0,0.0,
1393257204620408248,0,993.55396,0.0,0.0,
1393257204656846237,0,993.6139,0.0,0.0,
1393257204681779098,0,993.49396,0.0,0.0,
1393257204721665572,0,993.39404,0.0,0.0,
1393257204758713912,0,993.33405,0.0,0.0,
1393257204783097457,0,993.39404,0.0,0.0,
1393257204823685836,0,993.33405,0.0,0.0,
1393257204861893844,0,993.5239,0.0,0.0,
1393257204883195114,0,993.424,0.0,0.0,
1393257204921891403,0,993.39404,0.0,0.0,
1393257204959496814,0,993.424,0.0,0.0,
1393257204984429676,0,993.39404,0.0,0.0,
1393257205025109607,0,993.55396,0.0,0.0,
1393257205061272937,0,993.39404,0.0,0.0,
1393257205094903308,0,993.48395,0.0,0.0,
1393257205125115711,0,993.424,0.0,0.0,
1393257205160424549,0,993.454,0.0,0.0,
1393257205185845691,0,993.364,0.0,0.0,
1393257205225060779,0,993.27405,0.0,0.0,
1393257205261529285,0,993.33405,0.0,0.0,
1393257205286431629,0,993.424,0.0,0.0,
1393257205326257068,0,993.424,0.0,0.0,
1393257205363305408,0,993.364,0.0,0.0,
1393257205387627918,0,993.48395,0.0,0.0,
1393257205428368885,0,993.5839,0.0,0.0,
1393257205462457019,0,993.424,0.0,0.0,
1393257205526452381,0,993.55396,0.0,0.0,
1393257205563317615,0,993.424,0.0,0.0,
1393257205588677723,0,993.48395,0.0,0.0,
1393257205629205066,0,993.48395,0.0,0.0,
1393257205665276844,0,993.364,0.0,0.0,
1393257205689874012,0,993.454,0.0,0.0,
1393257205764397937,0,993.48395,0.0,0.0,
1393257205790154773,0,993.424,0.0,0.0,
1393257205829156238,0,993.39404,0.0,0.0,
1393257205890862781,0,993.55396,0.0,0.0,
1393257205991448719,0,993.39404,0.0,0.0,
1393257206029351551,0,993.39404,0.0,0.0,
1393257206067468006,0,993.454,0.0,0.0,
1393257206092309314,0,993.33405,0.0,0.0,
1393257206130669910,0,993.39404,0.0,0.0,
1393257206171380359,0,993.364,0.0,0.0,
1393257206233636219,0,993.364,0.0,0.0,
1393257206269250232,0,993.364,0.0,0.0,
1393257206333611805,0,993.424,0.0,0.0,
1393257206372582752,0,993.39404,0.0,0.0,
1393257206394402820,0,993.424,0.0,0.0,
1393257206433556873,0,993.5239,0.0,0.0,
1393257206465020496,0,993.39404,0.0,0.0,
1393257206495110828,0,993.39404,0.0,0.0,
1393257206534722644,0,993.33405,0.0,0.0,
1393257206571923572,0,993.424,0.0,0.0,
1393257206595849353,0,993.424,0.0,0.0,
1393257206633630115,0,993.48395,0.0,0.0,
1393257206675011951,0,993.39404,0.0,0.0,
1393257206797265369,0,993.454,0.0,0.0,
1393257206838117036,0,993.39404,0.0,0.0,
1393257206898206147,0,993.39404,0.0,0.0,
1393257206938031586,0,993.454,0.0,0.0,
1393257206977399262,0,993.39404,0.0,0.0,
1393257206998517426,0,993.48395,0.0,0.0,
1393257207038007172,0,993.39404,0.0,0.0,
1393257207099133881,0,993.33405,0.0,0.0,
1393257207139172944,0,993.27405,0.0,0.0,
1393257207176312836,0,993.424,0.0,0.0,
1393257207200024995,0,993.454,0.0,0.0,
1393257207279462250,0,993.39404,0.0,0.0,
1393257207300458344,0,993.364,0.0,0.0,
1393257207339337739,0,993.5139,0.0,0.0,
1393257207376630219,0,993.364,0.0,0.0,
1393257207401257905,0,993.454,0.0,0.0,
1393257207442304047,0,993.424,0.0,0.0,
1393257207502698334,0,993.364,0.0,0.0,
1393257207602765473,0,993.39404,0.0,0.0,
1393257207642255219,0,993.3041,0.0,0.0,
1393257207703778657,0,993.48395,0.0,0.0,
1393257207743451508,0,993.39404,0.0,0.0,
1393257207780707764,0,993.364,0.0,0.0,
1393257207804999756,0,993.364,0.0,0.0,
1393257207842414307,0,993.39404,0.0,0.0,
1393257207905250000,0,993.3041,0.0,0.0,
1393257207943732666,0,993.54395,0.0,0.0,
1393257207980994629,0,993.39404,0.0,0.0,
1393257208046637940,0,993.454,0.0,0.0,
1393257208082801270,0,993.48395,0.0,0.0,
1393257208186011719,0,993.454,0.0,0.0,
1393257208207374024,0,993.454,0.0,0.0,
1393257208283070328,0,993.424,0.0,0.0,
1393257208308155777,0,993.54395,0.0,0.0,
1393257208347828629,0,993.39404,0.0,0.0,
1393257208384999039,0,993.424,0.0,0.0,
1393257208409352067,0,993.48395,0.0,0.0,
1393257208488117936,0,993.454,0.0,0.0,
1393257208509571793,0,993.364,0.0,0.0,
1393257208548023942,0,993.424,0.0,0.0,
1393257208585346940,0,993.454,0.0,0.0,
1393257208610279801,0,993.424,0.0,0.0,
1393257208650990250,0,993.54395,0.0,0.0,
1393257208687153580,0,993.39404,0.0,0.0,
1393257208790364029,0,993.424,0.0,0.0,
1393257208811787369,0,993.39404,0.0,0.0,
1393257208850636246,0,993.424,0.0,0.0,
1393257208887318375,0,993.424,0.0,0.0,
1393257208912342789,0,993.454,0.0,0.0,
1393257208951252701,0,993.424,0.0,0.0,
1393257208989308121,0,993.5139,0.0,0.0,
1393257209013600113,0,993.424,0.0,0.0,
1393257209053364518,0,993.454,0.0,0.0,
1393257209092396500,0,993.39404,0.0,0.0,
1393257209214644341,0,993.48395,0.0,0.0,
1393257209254286675,0,993.454,0.0,0.0,
1393257209291457085,0,993.454,0.0,0.0,
1393257209354811577,0,993.364,0.0,0.0,
1393257209391920952,0,993.454,0.0,0.0,
1393257209426009087,0,993.64386,0.0,0.0,
1393257209454207329,0,993.39404,0.0,0.0,
1393257209492537407,0,993.48395,0.0,0.0,
1393257209526472954,0,993.454,0.0,0.0,
1393257209555647759,0,993.454,0.0,0.0,
1393257209593672661,0,993.54395,0.0,0.0,
1393257209718197034,0,993.39404,0.0,0.0,
1393257209793972180,0,993.5139,0.0,0.0,
1393257209858822034,0,993.424,0.0,0.0,
1393257209895809339,0,993.54395,0.0,0.0,
1393257209998958753,0,993.48395,0.0,0.0,
1393257210020382092,0,993.54395,0.0,0.0,
1393257210059230969,0,993.5139,0.0,0.0,
1393257210095974133,0,993.454,0.0,0.0,
1393257210120906995,0,993.48395,0.0,0.0,
1393257210222225354,0,993.454,0.0,0.0,
1393257210262691663,0,993.5739,0.0,0.0,
1393257210300991223,0,993.6139,0.0,0.0,
1393257210398189710,0,993.424,0.0,0.0,
1393257210423153089,0,993.5739,0.0,0.0,
1393257210463558362,0,993.48395,0.0,0.0,
1393257210524379895,0,993.48395,0.0,0.0,
1393257210603140058,0,993.6139,0.0,0.0,
1393257210663809003,0,993.454,0.0,0.0,
1393257210700216474,0,993.424,0.0,0.0,
1393257210725240888,0,993.454,0.0,0.0,
1393257210765035810,0,993.454,0.0,0.0,
1393257210802114667,0,993.54395,0.0,0.0,
1393257210867086591,0,993.454,0.0,0.0,
1393257210905264081,0,993.5139,0.0,0.0,
1393257210926656903,0,993.424,0.0,0.0,
1393257210965200605,0,993.48395,0.0,0.0,
1393257211027425946,0,993.424,0.0,0.0,
1393257211067953290,0,993.48395,0.0,0.0,
1393257211104238691,0,993.364,0.0,0.0,
1393257211168050946,0,993.5139,0.0,0.0,
1393257211207296552,0,993.454,0.0,0.0,
1393257211228902997,0,993.5139,0.0,0.0,
1393257211267904462,0,993.5139,0.0,0.0,
1393257211304464521,0,993.5139,0.0,0.0,
1393257211329549970,0,993.48395,0.0,0.0,
1393257211369222821,0,993.454,0.0,0.0,
1393257211468099775,0,993.454,0.0,0.0,
1393257211505453290,0,993.454,0.0,0.0,
1393257211530965985,0,993.454,0.0,0.0,
1393257211569448651,0,993.6039,0.0,0.0,
1393257211631765546,0,993.5739,0.0,0.0,
1393257211708425702,0,993.454,0.0,0.0,
1393257211772390546,0,993.48395,0.0,0.0,
1393257211807455243,0,993.5739,0.0,0.0,
1393257211872305097,0,993.5139,0.0,0.0,
1393257211933798017,0,993.424,0.0,0.0,
1393257212034506025,0,993.454,0.0,0.0,
1393257212135214032,0,993.454,0.0,0.0,
1393257212173757733,0,993.5139,0.0,0.0,
1393257212214407148,0,993.424,0.0,0.0,
1393257212235922040,0,993.424,0.0,0.0,
1393257212276632489,0,993.5739,0.0,0.0,
1393257212376638593,0,993.54395,0.0,0.0,
1393257212415517987,0,993.5139,0.0,0.0,
1393257212437429608,0,993.54395,0.0,0.0,
1393257212476755351,0,993.39404,0.0,0.0,
1393257212538278789,0,993.64386,0.0,0.0,
1393257212577890605,0,993.54395,0.0,0.0,
1393257212615122050,0,993.5139,0.0,0.0,
1393257212718179912,0,993.454,0.0,0.0,
1393257212776407451,0,993.48395,0.0,0.0,
1393257212840433330,0,993.5739,0.0,0.0,
1393257212881204814,0,993.5139,0.0,0.0,
1393257212917215556,0,993.5139,0.0,0.0,
1393257212941202373,0,993.5139,0.0,0.0,
1393257212981058330,0,993.5139,0.0,0.0,
1393257213020395488,0,993.454,0.0,0.0,
1393257213041666240,0,993.39404,0.0,0.0,
1393257213080972881,0,993.54395,0.0,0.0,
1393257213112650127,0,993.48395,0.0,0.0,
1393257213142130107,0,993.5139,0.0,0.0,
1393257213182169170,0,993.424,0.0,0.0,
1393257213243082256,0,993.454,0.0,0.0,
1393257213281046123,0,993.454,0.0,0.0,
1393257213343485088,0,993.32404,0.0,0.0,
1393257213419773331,0,993.32404,0.0,0.0,
1393257213444309463,0,993.5139,0.0,0.0,
1393257213521579971,0,993.48395,0.0,0.0,
1393257213545871963,0,993.5739,0.0,0.0,
1393257213585483780,0,993.48395,0.0,0.0,
1393257213624820938,0,993.39404,0.0,0.0,
1393257213646000137,0,993.424,0.0,0.0,
1393257213746769180,0,993.48395,0.0,0.0,
1393257213823703995,0,993.364,0.0,0.0,
1393257213926926886,0,993.454,0.0,0.0,
1393257213948350226,0,993.424,0.0,0.0,
1393257213986771857,0,993.39404,0.0,0.0,
1393257214024064337,0,993.454,0.0,0.0,
1393257214048966681,0,993.364,0.0,0.0,
1393257214125840460,0,993.39404,0.0,0.0,
1393257214158555304,0,993.54395,0.0,0.0,
1393257214229050910,0,993.454,0.0,0.0,
1393257214250413214,0,993.454,0.0,0.0,
1393257214289628302,0,993.424,0.0,0.0,
1393257214321061408,0,993.454,0.0,0.0,
1393257214351182257,0,993.364,0.0,0.0,
1393257214390824591,0,993.5139,0.0,0.0,
1393257214531144416,0,993.454,0.0,0.0,
1393257214591019904,0,993.48395,0.0,0.0,
1393257214653245246,0,993.48395,0.0,0.0,
1393257214731553351,0,993.5139,0.0,0.0,
1393257214761826789,0,993.39404,0.0,0.0,
1393257214833751243,0,993.424,0.0,0.0,
1393257214854960960,0,993.424,0.0,0.0,
1393257214894450706,0,993.454,0.0,0.0,
1393257214930949729,0,993.5139,0.0,0.0,
1393257214955638450,0,993.454,0.0,0.0,
1393257214995524925,0,993.424,0.0,0.0,
1393257215135905784,0,993.48395,0.0,0.0,
1393257215195354026,0,993.48395,0.0,0.0,
1393257215298119211,0,993.48395,0.0,0.0,
1393257215368492746,0,993.6339,0.0,0.0,
1393257215398277902,0,993.5739,0.0,0.0,
1393257215438164377,0,993.6738,0.0,0.0,
1393257215459221506,0,993.54395,0.0,0.0,
1393257215497551584,0,993.6738,0.0,0.0,
1393257215567040109,0,993.424,0.0,0.0,
1393257215636589670,0,993.5139,0.0,0.0,
1393257215660942697,0,993.54395,0.0,0.0,
1393257215739800119,0,993.5739,0.0,0.0,
1393257215761040353,0,993.6339,0.0,0.0,
1393257215801262521,0,993.39404,0.0,0.0,
1393257215861870431,0,993.424,0.0,0.0,
1393257215901726388,0,993.5139,0.0,0.0,
1393257215938622140,0,993.5139,0.0,0.0,
1393257216001946115,0,993.454,0.0,0.0,
1393257216041893625,0,993.5139,0.0,0.0,
1393257216063286447,0,993.454,0.0,0.0,
1393257216102074289,0,993.454,0.0,0.0,
1393257216139031076,0,993.454,0.0,0.0,
1393257216163994455,0,993.454,0.0,0.0,
1393257216240923702,0,993.48395,0.0,0.0,
1393257216265276729,0,993.5139,0.0,0.0,
1393257216365557491,0,993.6738,0.0,0.0,
1393257216403918087,0,993.54395,0.0,0.0,
1393257216441180050,0,993.454,0.0,0.0,
1393257216466234981,0,993.48395,0.0,0.0,
1393257216606707394,0,993.6339,0.0,0.0,
1393257216646227657,0,993.48395,0.0,0.0,
1393257216667589962,0,993.48395,0.0,0.0,
1393257216706744015,0,993.5139,0.0,0.0,
1393257216743304073,0,993.48395,0.0,0.0,
1393257216768389522,0,993.54395,0.0,0.0,
1393257216807970821,0,993.6339,0.0,0.0,
1393257216869402706,0,993.54395,0.0,0.0,
1393257216906847774,0,993.6738,0.0,0.0,
1393257216948321163,0,993.5739,0.0,0.0,
1393257216969775020,0,993.454,0.0,0.0,
1393257217008135616,0,993.48395,0.0,0.0,
1393257217070513546,0,993.54395,0.0,0.0,
1393257217111101925,0,993.6738,0.0,0.0,
1393257217147143185,0,993.48395,0.0,0.0,
1393257217171618282,0,993.48395,0.0,0.0,
1393257217211108028,0,993.5739,0.0,0.0,
1393257217271899044,0,993.5139,0.0,0.0,
1393257217310992061,0,993.48395,0.0,0.0,
1393257217347552120,0,993.5139,0.0,0.0,
1393257217372637569,0,993.48395,0.0,0.0,
1393257217412218868,0,993.54395,0.0,0.0,
1393257217473711788,0,993.6339,0.0,0.0,
1393257217511065304,0,993.54395,0.0,0.0,
1393257217548479854,0,993.5139,0.0,0.0,
1393257217574053585,0,993.54395,0.0,0.0,
1393257217612414181,0,993.54395,0.0,0.0,
1393257217674731075,0,993.54395,0.0,0.0,
1393257217715349972,0,993.5139,0.0,0.0,
1393257217751360714,0,993.54395,0.0,0.0,
1393257217850512325,0,993.5739,0.0,0.0,
1393257217876177608,0,993.5739,0.0,0.0,
1393257217976855099,0,993.5739,0.0,0.0,
1393257218016466915,0,993.5739,0.0,0.0,
1393257218053149044,0,993.454,0.0,0.0,
1393257218077643322,0,993.5139,0.0,0.0,
1393257218115576671,0,993.6639,0.0,0.0,
1393257218178442882,0,993.454,0.0,0.0,
1393257218216925548,0,993.54395,0.0,0.0,
1393257218257483410,0,993.6639,0.0,0.0,
1393257218279089855,0,993.5139,0.0,0.0,
1393257218319891857,0,993.6339,0.0,0.0,
1393257218355414318,0,993.54395,0.0,0.0,
1393257218379736828,0,993.454,0.0,0.0,
1393257218419806408,0,993.6039,0.0,0.0,
1393257218458624767,0,993.6639,0.0,0.0,
1393257218480505871,0,993.5139,0.0,0.0,
1393257218519568371,0,993.48395,0.0,0.0,
1393257218556036876,0,993.54395,0.0,0.0,
1393257218581213878,0,993.5139,0.0,0.0,
1393257218620886730,0,993.6039,0.0,0.0,
1393257218681921886,0,993.5139,0.0,0.0,
1393257218719794201,0,993.5739,0.0,0.0,
1393257218761084484,0,993.5739,0.0,0.0,
1393257218782660412,0,993.6339,0.0,0.0,
1393257218821082042,0,993.54395,0.0,0.0,
1393257218858374523,0,993.54395,0.0,0.0,
1393257218883429454,0,993.5139,0.0,0.0,
1393257218924078869,0,993.54395,0.0,0.0,
1393257218983771251,0,993.6039,0.0,0.0,
1393257219024201453,0,993.48395,0.0,0.0,
1393257219063508094,0,993.5739,0.0,0.0,
1393257219084534705,0,993.6039,0.0,0.0,
1393257219122681678,0,993.48395,0.0,0.0,
1393257219160462439,0,993.5139,0.0,0.0,
1393257219286408484,0,993.5139,0.0,0.0,
1393257219327363074,0,993.5139,0.0,0.0,
1393257219365601600,0,993.5739,0.0,0.0,
1393257219386536658,0,993.7338,0.0,0.0,
1393257219487348768,0,993.6039,0.0,0.0,
1393257219564497206,0,993.424,0.0,0.0,
1393257219588606092,0,993.70386,0.0,0.0,
1393257219628401014,0,993.424,0.0,0.0,
1393257219667799208,0,993.48395,0.0,0.0,
1393257219688917372,0,993.5139,0.0,0.0,
1393257219728376600,0,993.454,0.0,0.0,
1393257219760053846,0,993.5739,0.0,0.0,
1393257219789716932,0,993.454,0.0,0.0,
1393257219829633924,0,993.5739,0.0,0.0,
1393257219866712782,0,993.48395,0.0,0.0,
1393257219928480360,0,993.5739,0.0,0.0,
1393257219969862196,0,993.5139,0.0,0.0,
1393257219991163465,0,993.6339,0.0,0.0,
1393257220029829237,0,993.5139,0.0,0.0,
1393257220091993544,0,993.54395,0.0,0.0,
1393257220132581922,0,993.6039,0.0,0.0,
1393257220232710096,0,993.5139,0.0,0.0,
1393257220272047254,0,993.54395,0.0,0.0,
1393257220293409559,0,993.48395,0.0,0.0,
1393257220332563612,0,993.6639,0.0,0.0,
1393257220369032118,0,993.5139,0.0,0.0,
1393257220393995497,0,993.454,0.0,0.0,
1393257220434028995,0,993.48395,0.0,0.0,
1393257220471138370,0,993.5139,0.0,0.0,
1393257220495430362,0,993.6339,0.0,0.0,
1393257220536018741,0,993.454,0.0,0.0,
1393257220595741641,0,993.38403,0.0,0.0,
1393257220634102237,0,993.6639,0.0,0.0,
1393257220671577823,0,993.54395,0.0,0.0,
1393257220737099063,0,993.54395,0.0,0.0,
1393257220773231876,0,993.414,0.0,0.0,
1393257220806770694,0,993.6039,0.0,0.0,
1393257220837105167,0,993.6039,0.0,0.0,
1393257220876442325,0,993.54395,0.0,0.0,
1393257220897847582,0,993.454,0.0,0.0,
1393257220936910082,0,993.5139,0.0,0.0,
1393257221038075854,0,993.48395,0.0,0.0,
1393257221075337817,0,993.414,0.0,0.0,
1393257221099660326,0,993.54395,0.0,0.0,
1393257221139577318,0,993.48395,0.0,0.0,
1393257221178487231,0,993.5139,0.0,0.0,
1393257221199788500,0,993.38403,0.0,0.0,
1393257221236989428,0,993.414,0.0,0.0,
1393257221300618578,0,993.6039,0.0,0.0,
1393257221340535570,0,993.454,0.0,0.0,
1393257221377400805,0,993.48395,0.0,0.0,
1393257221411061693,0,993.54395,0.0,0.0,
1393257221480672289,0,993.414,0.0,0.0,
1393257221502034594,0,993.38403,0.0,0.0,
1393257221540364672,0,993.454,0.0,0.0,
1393257221577779223,0,993.354,0.0,0.0,
1393257221602834154,0,993.48395,0.0,0.0,
1393257221641774584,0,993.454,0.0,0.0,
1393257221703938891,0,993.444,0.0,0.0,
1393257221743764330,0,993.48395,0.0,0.0,
1393257221782857348,0,993.32404,0.0,0.0,
1393257221803792406,0,993.6039,0.0,0.0,
1393257221841964182,0,993.38403,0.0,0.0,
1393257221880111155,0,993.444,0.0,0.0,
1393257221905013499,0,993.54395,0.0,0.0,
1393257221944655833,0,993.414,0.0,0.0,
1393257221981795725,0,993.6039,0.0,0.0,
1393257222045028147,0,993.5139,0.0,0.0,
1393257222084975657,0,993.38403,0.0,0.0,
1393257222181991038,0,993.38403,0.0,0.0,
1393257222246383128,0,993.38403,0.0,0.0,
1393257222283858714,0,993.444,0.0,0.0,
1393257222308150706,0,993.38403,0.0,0.0,
1393257222348372874,0,993.38403,0.0,0.0,
1393257222408400950,0,993.444,0.0,0.0,
1393257222446914134,0,993.444,0.0,0.0,
1393257222484206614,0,993.444,0.0,0.0,
1393257222509231028,0,993.444,0.0,0.0,
1393257222549727854,0,993.48395,0.0,0.0,
1393257222585921702,0,993.32404,0.0,0.0,
1393257222689162669,0,993.5139,0.0,0.0,
1393257222710586009,0,993.38403,0.0,0.0,
1393257222749587473,0,993.414,0.0,0.0,
1393257222811355052,0,993.5739,0.0,0.0,
1393257222888137278,0,993.48395,0.0,0.0,
1393257222912459788,0,993.5139,0.0,0.0,
1393257222991408763,0,993.6039,0.0,0.0,
1393257223012710032,0,993.414,0.0,0.0,
1393257223051253733,0,993.38403,0.0,0.0,
1393257223113418040,0,993.474,0.0,0.0,
1393257223154189524,0,993.444,0.0,0.0,
1393257223214644847,0,993.414,0.0,0.0,
1393257223293410716,0,993.38403,0.0,0.0,
1393257223314895091,0,993.444,0.0,0.0,
1393257223390456614,0,993.38403,0.0,0.0,
1393257223415542063,0,993.444,0.0,0.0,
1393257223455275950,0,993.474,0.0,0.0,
1393257223492385325,0,993.444,0.0,0.0,
1393257223516738352,0,993.5139,0.0,0.0,
1393257223554122386,0,993.474,0.0,0.0,
1393257223616958079,0,993.54395,0.0,0.0,
1393257223655440745,0,993.414,0.0,0.0,
1393257223692580638,0,993.414,0.0,0.0,
1393257223758670311,0,993.444,0.0,0.0,
1393257223794589501,0,993.414,0.0,0.0,
1393257223819064598,0,993.6039,0.0,0.0,
1393257223858615380,0,993.38403,0.0,0.0,
1393257223919253807,0,993.414,0.0,0.0,
1393257223958529930,0,993.414,0.0,0.0,
1393257224019931298,0,993.474,0.0,0.0,
1393257224059634667,0,993.474,0.0,0.0,
1393257224096469384,0,993.414,0.0,0.0,
1393257224120852928,0,993.474,0.0,0.0,
1393257224196597557,0,993.444,0.0,0.0,
1393257224322146874,0,993.6339,0.0,0.0,
1393257224362857323,0,993.474,0.0,0.0,
1393257224398440819,0,993.5739,0.0,0.0,
1393257224433322411,0,993.414,0.0,0.0,
1393257224462741356,0,993.474,0.0,0.0,
1393257224498782616,0,993.5139,0.0,0.0,
1393257224533297997,0,993.414,0.0,0.0,
1393257224562839012,0,993.32404,0.0,0.0,
1393257224594455223,0,993.414,0.0,0.0,
1393257224624270897,0,993.5139,0.0,0.0,
1393257224664030010,0,993.38403,0.0,0.0,
1393257224701108868,0,993.444,0.0,0.0,
1393257224724973614,0,993.5139,0.0,0.0,
1393257224762967998,0,993.444,0.0,0.0,
1393257224804227764,0,993.414,0.0,0.0,
1393257224926511700,0,993.474,0.0,0.0,
1393257224967222149,0,993.444,0.0,0.0,
1393257225027036602,0,993.6339,0.0,0.0,
1393257225067167217,0,993.50397,0.0,0.0,
1393257225106595928,0,993.6039,0.0,0.0,
1393257225167247009,0,993.444,0.0,0.0,
1393257225228495789,0,993.414,0.0,0.0,
1393257225268321228,0,993.50397,0.0,0.0,
1393257225329478455,0,993.444,0.0,0.0,
1393257225367198181,0,993.6039,0.0,0.0,
1393257225408641052,0,993.444,0.0,0.0,
1393257225429637146,0,993.5739,0.0,0.0,
1393257225468547058,0,993.6039,0.0,0.0,
1393257225505778503,0,993.50397,0.0,0.0,
1393257225571513367,0,993.50397,0.0,0.0,
1393257225607615662,0,993.54395,0.0,0.0,
1393257225631785584,0,993.444,0.0,0.0,
1393257225706340027,0,993.414,0.0,0.0,
1393257225731822205,0,993.444,0.0,0.0,
1393257225771403503,0,993.444,0.0,0.0,
1393257225832499695,0,993.6339,0.0,0.0,
1393257225934092712,0,993.444,0.0,0.0,
1393257225971507263,0,993.38403,0.0,0.0,
1393257226012950134,0,993.414,0.0,0.0,
1393257226034281921,0,993.474,0.0,0.0,
1393257226072942087,0,993.444,0.0,0.0,
1393257226135106393,0,993.354,0.0,0.0,
1393257226175938913,0,993.414,0.0,0.0,
1393257226275761911,0,993.474,0.0,0.0,
1393257226336583444,0,993.474,0.0,0.0,
1393257226375676462,0,993.444,0.0,0.0,
1393257226412144967,0,993.444,0.0,0.0,
1393257226437169382,0,993.444,0.0,0.0,
1393257226514073678,0,993.444,0.0,0.0,
1393257226538347796,0,993.474,0.0,0.0,
1393257226578997210,0,993.50397,0.0,0.0,
1393257226617205218,0,993.444,0.0,0.0,
1393257226638537005,0,993.414,0.0,0.0,
1393257226677111224,0,993.5739,0.0,0.0,
1393257226714403704,0,993.444,0.0,0.0,
1393257226816118792,0,993.444,0.0,0.0,
1393257226849749163,0,993.6639,0.0,0.0,
1393257226879839495,0,993.474,0.0,0.0,
1393257226919359759,0,993.474,0.0,0.0,
1393257226940783099,0,993.32404,0.0,0.0,
