1393282388670931802,1,222.6806,-3.069449,31.576239,
1393282388690798745,1,223.64551,-3.1147664,31.560942,
1393282388771243081,1,227.65923,-2.2699404,30.36807,
1393282388790987954,1,228.6726,-1.8861669,30.124495,
1393282388812380777,1,229.84576,-1.5252239,29.913107,
1393282388831118570,1,230.89095,-1.3206158,29.610975,
1393282388853213296,1,232.19324,-1.220615,29.231,
1393282388872805581,1,233.3851,-1.1840552,29.040552,
1393282388892519937,1,234.68878,-1.1757119,29.0139,
1393282388932284341,1,237.71188,-1.1110773,29.499357,
1393282388951998696,1,239.28314,-0.9601501,30.036953,
1393282388992281900,1,242.42003,-0.34313446,31.505419,
1393282389032809243,1,245.27762,0.81607425,33.212143,
1393282389052706704,1,246.44699,1.6101117,34.063236,
1393282389072939859,1,247.55118,2.3526597,34.820984,
1393282389093020425,1,248.55243,2.8629477,35.5228,
1393282389133242593,1,250.36105,2.9545066,36.333977,
1393282389155314498,1,250.99323,2.565638,36.415203,
1393282389174937300,1,251.4089,2.1914113,36.55653,
1393282389194712691,1,251.69305,2.0228517,36.94182,
1393282389216410689,1,251.89697,2.081664,37.643326,
1393282389236125044,1,252.00298,2.3029575,38.432995,
1393282389255198531,1,252.08395,2.5910313,39.289894,
1393282389275248580,1,252.16348,2.784148,40.51859,
1393282389294932418,1,252.07008,2.9012914,41.916283,
1393282390827067427,1,214.99217,2.612235,68.88348,
1393282390845774703,1,215.40228,2.382254,69.38662,
1393282390865855269,1,216.05077,1.7911777,69.81955,
1393282390886302046,1,216.53654,1.3359275,70.311516,
1393282390906138472,1,216.8787,0.9457462,70.68138,
1393282390946391158,1,216.55783,1.1686455,71.19676,
1393282390966502242,1,216.62343,1.091465,71.22452,
1393282390986826949,1,216.77495,0.8617584,71.10555,
1393282391006846480,1,217.04103,0.50914717,71.11151,
1393282391027861777,1,217.49548,-0.098454155,71.09212,
1393282391047454062,1,218.0628,-0.80851173,71.099434,
1393282391088103476,1,218.95023,-2.0009058,71.18995,
1393282391128112021,1,219.5169,-2.8235426,71.4906,
1393282391148162070,1,219.78137,-3.1715307,71.74601,
1393282391168303672,1,219.92401,-3.4189875,71.933044,
1393282391188689414,1,220.05002,-3.6556664,72.06962,
1393282391208586875,1,220.14737,-3.8740668,72.184525,
1393282391231261435,1,220.26384,-4.162147,72.264366,
1393282391249144736,1,220.37817,-4.433399,72.28155,
1393282391289336386,1,220.77428,-5.2220235,72.24541,
1393282391309294882,1,220.99692,-5.610424,72.188225,
1393282391330992881,1,221.18736,-5.9382014,72.11485,
1393282391349517050,1,221.37729,-6.20196,72.05637,
1393282391371062461,1,221.5799,-6.46287,71.98417,
1393282391389769736,1,221.77754,-6.6834407,71.91204,
1393282391410002890,1,221.9084,-6.8466926,71.80879,
1393282391430449668,1,221.98096,-6.9465327,71.73586,
1393282391450286093,1,222.00865,-6.988721,71.68724,
1393282391470427695,1,222.07422,-7.053751,71.626656,
1393282391491149131,1,222.15854,-7.127799,71.52209,
1393282391510710898,1,222.23799,-7.2061276,71.35991,
1393282391550933066,1,222.69542,-7.669957,71.05241,
1393282391571074668,1,223.04106,-7.972829,70.998726,
1393282391591612998,1,223.3732,-8.190238,70.98923,
1393282391611418906,1,223.63943,-8.279556,71.01776,
1393282391632109824,1,223.84137,-8.250204,71.07826,
1393282391651702109,1,224.00627,-8.14262,71.14564,
1393282391673247519,1,224.1531,-7.95012,71.21878,
1393282391712126914,1,224.28609,-7.5588675,71.312,
1393282391734130088,1,224.36908,-7.4191027,71.358116,
1393282391752349082,1,224.4259,-7.331423,71.369415,
1393282391772490683,1,224.48181,-7.2507668,71.36267,
1393282391793059531,1,224.48505,-7.125183,71.337555,
1393282391812834922,1,224.47249,-6.9562306,71.3314,
1393282391835448447,1,224.4663,-6.719179,71.361626,
1393282391893981162,1,224.44199,-6.0735207,71.57513,
1393282391913542929,1,224.46194,-5.9023433,71.64447,
1393282391935271445,1,224.48502,-5.7116065,71.72329,
1393282391953765097,1,224.50404,-5.556131,71.79011,
1393282391975335509,1,224.49176,-5.3700757,71.81962,
1393282392014275939,1,224.43146,-5.1428704,71.7334,
1393282392054650695,1,224.36714,-5.2105017,71.549644,
1393282392074700744,1,224.28418,-5.2316833,71.48717,
1393282392095544250,1,224.16722,-5.168808,71.46615,
1393282392114983947,1,224.06801,-5.065536,71.46639,
1393282392155206115,1,223.91266,-4.834067,71.45239,
1393282392175347716,1,223.77357,-4.684219,71.424545,
1393282392215691955,1,223.51506,-4.542533,71.292175,
1393282392236352355,1,223.46307,-4.584488,71.18344,
1393282392255975158,1,223.4377,-4.6546535,71.08383,
1393282392296410949,1,223.45049,-4.8381233,70.97467,
1393282392316369445,1,223.46913,-4.8862715,70.96058,
1393282392338403136,1,223.49681,-4.9287753,70.95626,
1393282392356622131,1,223.52669,-4.9699955,70.95398,
1393282392376763732,1,223.53474,-4.994965,70.93743,
1393282392397393615,1,223.52202,-5.0052757,70.91185,
1393282392417077453,1,223.48747,-5.001983,70.89767,
1393282392439690978,1,223.45728,-5.0130286,70.88722,
1393282392457574279,1,223.40486,-4.9801683,70.890785,
1393282392477685363,1,223.30428,-4.8625793,70.93736,
1393282392498284728,1,223.12071,-4.6352696,71.012405,
1393282392517754943,1,222.90102,-4.374465,71.09286,
1393282392538873107,1,222.57553,-4.0167236,71.214836,
1393282392558038146,1,222.2441,-3.6487477,71.36107,
1393282392598626525,1,221.65796,-2.8750129,71.46455,
1393282392618462951,1,221.51054,-2.5941465,71.470245,
1393282392639275939,1,221.407,-2.4152339,71.47096,
1393282392658807189,1,221.31154,-2.3193295,71.46161,
1393282392719201476,1,221.17503,-2.322511,71.45271,
1393282392741937072,1,221.2604,-2.474472,71.45126,
1393282392760613830,1,221.38542,-2.649229,71.46482,
1393282392780053527,1,221.50085,-2.7939713,71.478004,
1393282392819909484,1,221.55249,-2.88111,71.490364,
1393282392840081603,1,221.53525,-2.898098,71.51296,
1393282392860223205,1,221.56503,-2.958855,71.51404,
1393282392900720031,1,221.64195,-3.0321941,71.490944,
1393282392920648009,1,221.59198,-2.9743426,71.47992,
1393282393021356017,1,221.45459,-2.8801823,71.31998,
1393282393043328674,1,221.45628,-2.8853402,71.3163,
1393282393061578185,1,221.44432,-2.871091,71.33427,
1393282393081872375,1,221.40544,-2.844139,71.34387,
1393282393102410705,1,221.37631,-2.8346663,71.34335,
1393282393143029601,1,221.26505,-2.7778885,71.26263,
1393282393162408263,1,221.157,-2.6889122,71.198944,
1393282393183953674,1,221.09134,-2.6257012,71.14966,
1393282393203027160,1,221.02757,-2.5681307,71.12988,
1393282393242974670,1,220.93831,-2.471139,71.0782,
1393282393263024718,1,220.92409,-2.4509277,71.05396,
1393282393304009826,1,220.91634,-2.4489107,71.108185,
1393282393323480041,1,220.89601,-2.4321146,71.14072,
1393282393345971496,1,220.89015,-2.4408915,71.147545,
1393282393363915832,1,220.87152,-2.4418442,71.15127,
1393282393384057433,1,220.85594,-2.446106,71.15633,
1393282393404412658,1,220.84724,-2.4496002,71.15301,
1393282393424188049,1,220.82874,-2.4319596,71.14721,
1393282393444390685,1,220.76793,-2.378404,71.134125,
1393282393464471252,1,220.73834,-2.3585727,71.13193,
1393282393486077697,1,220.72055,-2.3649344,71.13559,
1393282393504998595,1,220.70686,-2.3830037,71.1416,
1393282393524896056,1,220.70737,-2.3984582,71.17423,
1393282393546227843,1,220.71364,-2.4052417,71.191895,
1393282393565179259,1,220.6808,-2.3721611,71.19318,
1393282393585351379,1,220.60982,-2.3178535,71.18821,
1393282393606011779,1,220.53091,-2.2663057,71.1645,
1393282393625604064,1,220.46176,-2.2099814,71.132614,
1393282393647515685,1,220.43869,-2.189682,71.09254,
1393282393665826232,1,220.39783,-2.1651676,71.059586,
1393282393686089904,1,220.37662,-2.1493745,71.04654,
1393282393706841857,1,220.39557,-2.149124,71.05696,
1393282393726312072,1,220.43846,-2.1696556,71.05112,
1393282393747460754,1,220.4665,-2.1807163,71.02583,
1393282393766534240,1,220.45616,-2.1727176,71.00387,
1393282393788018615,1,220.4761,-2.2060606,70.97583,
1393282393807031066,1,220.49234,-2.2348492,70.96335,
1393282393827020080,1,220.54034,-2.2856221,70.96534,
1393282393847852175,1,220.58766,-2.3091714,71.00525,
1393282393867291872,1,220.67323,-2.3439763,71.06312,
1393282393887433473,1,220.74524,-2.370213,71.092285,
1393282393908246462,1,220.81119,-2.4052706,71.11891,
1393282393927716677,1,220.907,-2.5024333,71.09762,
1393282393968030397,1,221.1178,-2.7134106,71.07753,
1393282393988171999,1,221.25385,-2.8415954,71.08124,
1393282394008832399,1,221.39053,-2.9773026,71.06767,
1393282394028424684,1,221.47978,-3.0824478,71.04709,
1393282394049054567,1,221.53992,-3.1438699,71.05754,
1393282394068646852,1,221.5902,-3.1720815,71.06946,
1393282394089795534,1,221.62706,-3.1739092,71.08535,
1393282394109845583,1,221.65639,-3.177745,71.122375,
1393282394129102175,1,221.74988,-3.2474208,71.18548,
1393282394150433962,1,221.86398,-3.325298,71.27837,
1393282394169415895,1,221.96127,-3.3791158,71.347305,
1393282394189557497,1,222.06177,-3.4253204,71.39384,
1393282394229840700,1,222.2471,-3.4618378,71.47859,
1393282394251782839,1,222.25752,-3.385274,71.4785,
1393282394270123903,1,222.27481,-3.3376276,71.460236,
1393282394290265505,1,222.27187,-3.3071353,71.417755,
1393282394311017458,1,222.35521,-3.385865,71.39188,
1393282394330548708,1,222.45593,-3.505998,71.376114,
1393282394351300661,1,222.5782,-3.640676,71.38307,
1393282394370831911,1,222.64241,-3.7181764,71.3972,
1393282394392133180,1,222.67331,-3.7470322,71.44231,
1393282394411176149,1,222.69173,-3.7335463,71.510185,
1393282394431256716,1,222.66223,-3.6652353,71.57798,
1393282394451398317,1,222.61212,-3.5901625,71.62385,
1393282394471539919,1,222.56757,-3.5461786,71.65527,
1393282394491681520,1,222.54568,-3.5452244,71.68126,
1393282394512433473,1,222.55768,-3.5821662,71.69317,
1393282394531964723,1,222.61304,-3.65485,71.68662,
1393282394572247927,1,222.623,-3.6630154,71.68686,
1393282394592389528,1,222.60341,-3.6213017,71.69644,
1393282394612988893,1,222.63336,-3.635582,71.68308,
1393282394632672731,1,222.67476,-3.6823263,71.65083,
1393282394652814333,1,222.70494,-3.7456555,71.60284,
1393282394672925417,1,222.73343,-3.8143716,71.57403,
1393282394694074098,1,222.74283,-3.8548813,71.54832,
1393282394714124147,1,222.75647,-3.8718982,71.529785,
1393282394754773561,1,222.77702,-3.8770595,71.52669,
1393282394773663942,1,222.8238,-3.924441,71.55662,
1393282394793805544,1,222.84848,-3.9649882,71.57566,
1393282394814374391,1,222.8719,-3.9926968,71.58745,
1393282394834088747,1,222.9124,-4.01777,71.596405,
1393282394856061403,1,222.94695,-4.046094,71.56557,
1393282394874341432,1,222.9475,-4.0516386,71.53916,
1393282394894513552,1,222.92224,-4.04021,71.52394,
1393282394915265505,1,222.86635,-4.0114794,71.50784,
1393282394934766237,1,222.859,-4.0295315,71.495384,
1393282394955548708,1,222.86948,-4.0650125,71.47629,
1393282394975049440,1,222.88469,-4.0998373,71.45117,
1393282394996350710,1,222.89842,-4.134858,71.43307,
1393282395015393679,1,222.89792,-4.154617,71.438835,
1393282395035504763,1,222.93016,-4.195052,71.469284,
1393282395055890505,1,222.97906,-4.2472506,71.4966,
1393282395075726930,1,222.99112,-4.2745533,71.50346,
1393282395095929567,1,222.99226,-4.2971396,71.51487,
1393282395116620485,1,223.01949,-4.3500857,71.53986,
1393282395136212770,1,222.98035,-4.3350067,71.57899,
1393282395176465456,1,222.7737,-4.1261635,71.61868,
1393282395196637575,1,222.73184,-4.0958323,71.56226,
1393282395217206423,1,222.82483,-4.276342,71.40239,
1393282395236920778,1,223.03886,-4.590007,71.23716,
1393282395257031862,1,223.2227,-4.8049846,71.156975,
1393282395277173464,1,223.29404,-4.8493395,71.15086,
1393282395298200075,1,223.27635,-4.7933044,71.1891,
1393282395318341677,1,223.22427,-4.733413,71.20146,
1393282395337628786,1,223.1747,-4.7040668,71.18713,
1393282395359021608,1,223.1307,-4.6773305,71.16195,
1393282395377911989,1,223.12144,-4.6472154,71.16075,
1393282395398053591,1,223.18033,-4.657301,71.171844,
1393282395418622438,1,223.28322,-4.703677,71.189384,
1393282395438336794,1,223.36356,-4.739087,71.21843,
1393282395460278932,1,223.41907,-4.7449055,71.249374,
1393282395498761598,1,223.42426,-4.6662297,71.30246,
1393282395519513552,1,223.42003,-4.6317296,71.3309,
1393282395539044802,1,223.42137,-4.5998216,71.344696,
1393282395560101930,1,223.42563,-4.555124,71.35394,
1393282395579328005,1,223.41092,-4.506214,71.36779,
1393282395600202028,1,223.3934,-4.4709554,71.385605,
1393282395620435182,1,223.39413,-4.4658346,71.40285,
1393282395639722292,1,223.41678,-4.491513,71.41753,
1393282395660077516,1,223.451,-4.5235405,71.43629,
1393282395680036013,1,223.47878,-4.5371685,71.44472,
1393282395700177614,1,223.49413,-4.5369225,71.448654,
1393282395720929567,1,223.4955,-4.5265164,71.45282,
1393282395781323854,1,223.45885,-4.444242,71.51072,
1393282395800885622,1,223.44197,-4.4086595,71.53699,
1393282395821454470,1,223.40015,-4.3576083,71.5489,
1393282395841168825,1,223.32503,-4.288192,71.565865,
1393282395861310427,1,223.21443,-4.1970263,71.598885,
1393282395881452028,1,223.15695,-4.133917,71.61633,
1393282395901898805,1,223.16725,-4.119415,71.61419,
1393282395922254030,1,223.15128,-4.085852,71.60589,
1393282395941876833,1,223.05943,-3.9716046,71.60273,
1393282395963361208,1,222.85025,-3.7506948,71.55957,
1393282395982160036,1,222.6165,-3.516863,71.52818,
1393282396002271120,1,222.3734,-3.3089054,71.48165,
1393282396022870485,1,222.2325,-3.209785,71.47343,
1393282396042584841,1,222.13986,-3.1693666,71.48292,
1393282396104199831,1,221.78983,-2.8643353,71.554184,
1393282396123181764,1,221.75067,-2.8369982,71.585335,
1393282396143292848,1,221.75897,-2.8620079,71.63863,
1393282396164380495,1,221.81134,-2.9173162,71.692764,
1393282396183576052,1,221.85747,-2.9508324,71.72066,
1393282396204328005,1,221.862,-2.9479506,71.72259,
1393282396224469606,1,221.88065,-2.9588773,71.721886,
1393282396244000856,1,221.88193,-2.9460642,71.729965,
1393282396264295046,1,221.8623,-2.8785791,71.76088,
1393282396284284059,1,221.72845,-2.6633782,71.799324,
1393282396304364626,1,221.48431,-2.334251,71.81469,
1393282396325116579,1,221.21642,-1.9981077,71.80549,
1393282396344678347,1,221.03905,-1.7661237,71.81209,
1393282396385602419,1,220.79538,-1.5065082,71.82578,
1393282396405103151,1,220.74438,-1.4909456,71.83362,
1393282396425885622,1,220.72192,-1.5085372,71.84951,
1393282396445416872,1,220.71025,-1.5123031,71.8785,
1393282396465558473,1,220.71646,-1.5223434,71.92017,
1393282396485700075,1,220.75711,-1.5702244,71.954254,
1393282396506726686,1,220.82152,-1.6447519,71.983604,
1393282396546124880,1,221.00293,-1.8568577,72.02748,
1393282396567487184,1,221.11093,-1.9553806,72.06182,
1393282396586408083,1,221.13809,-1.9698285,72.04617,
1393282396606549684,1,221.14096,-1.940964,72.01412,
1393282396627210085,1,221.1321,-1.8984336,71.97843,
1393282396646802370,1,221.13855,-1.8833514,71.94908,
1393282396668713991,1,221.1593,-1.9052962,71.907326,
1393282396687177126,1,221.16196,-1.9184816,71.8815,
1393282396707257692,1,221.15828,-1.9106139,71.87498,
1393282396727796022,1,221.14981,-1.8815843,71.871475,
1393282396747510378,1,221.13657,-1.8468131,71.86046,
1393282396768598024,1,221.11823,-1.8190494,71.8525,
1393282396787824098,1,221.1086,-1.8167846,71.8495,
1393282396809094850,1,221.15062,-1.8620664,71.87205,
1393282396848248903,1,221.17168,-1.9143156,71.90902,
1393282396888532106,1,221.17116,-1.889062,71.988785,
1393282396908673708,1,221.22566,-1.8947172,72.03708,
1393282396929028932,1,221.21501,-1.8369657,72.076775,
1393282396948956911,1,221.1761,-1.7646204,72.0956,
1393282396989880983,1,221.14415,-1.7159203,72.125496,
1393282397009381716,1,221.21732,-1.796798,72.13648,
1393282397029675905,1,221.30797,-1.8936391,72.14158,
1393282397049664919,1,221.38657,-1.9640404,72.15789,
1393282397069989626,1,221.4018,-1.9749346,72.17437,
1393282397089948122,1,221.43456,-1.9999866,72.18745,
1393282397111066286,1,221.45634,-2.0124846,72.1927,
1393282397130841677,1,221.44673,-1.9935101,72.19774,
1393282397150372927,1,221.4153,-1.9476591,72.20837,
1393282397171826784,1,221.39137,-1.9097087,72.20748,
1393282397190656130,1,221.37665,-1.8979199,72.194305,
1393282397210797731,1,221.39954,-1.9269569,72.190895,
1393282397231091921,1,221.40712,-1.9314733,72.19678,
1393282397251080934,1,221.33258,-1.8440545,72.198364,
1393282397272992555,1,221.23409,-1.733876,72.17086,
1393282397291425173,1,221.22636,-1.723189,72.14167,
1393282397311505739,1,221.22707,-1.7399628,72.11195,
1393282397331983034,1,221.21451,-1.7561063,72.08071,
1393282397351788942,1,221.17494,-1.7289327,72.06596,
1393282397372907106,1,221.15755,-1.7072254,72.045074,
1393282397392072145,1,221.12843,-1.6670493,72.03428,
1393282397413312380,1,221.09203,-1.614471,72.01562,
1393282397432324831,1,221.05717,-1.5569869,71.99209,
1393282397452466432,1,221.01013,-1.489606,71.955345,
1393282397472821657,1,221.00882,-1.4693352,71.93811,
1393282397492780153,1,221.01653,-1.4587526,71.96091,
1393282397512921755,1,221.03738,-1.4609815,71.985916,
1393282397533490602,1,221.06737,-1.4602115,72.01499,
1393282397553204958,1,221.06985,-1.4298581,72.03514,
1393282397594167329,1,221.02217,-1.3277581,72.051094,
1393282397613637544,1,220.97318,-1.2657824,72.04466,
1393282397634206391,1,220.96382,-1.2411755,72.03203,
1393282397653890229,1,221.00995,-1.258511,72.031555,
1393282397674062348,1,221.02422,-1.2484928,72.03061,
1393282397694203950,1,221.0098,-1.21263,72.0346,
1393282397715352631,1,220.98297,-1.1665009,72.03541,
1393282397754628754,1,220.96652,-1.1528494,72.03565,
1393282397776052094,1,221.01024,-1.1879103,72.0499,
1393282397794911958,1,221.04506,-1.2081814,72.05908,
1393282397815023042,1,221.0865,-1.2341006,72.0728,
1393282397835317231,1,221.13396,-1.285637,72.07567,
1393282397855306245,1,221.1777,-1.3325801,72.08235,
1393282397875539399,1,221.15298,-1.291886,72.11682,
1393282397895589448,1,221.1511,-1.2380995,72.185616,
1393282397915731049,1,221.14348,-1.1664253,72.23331,
1393282397936025239,1,221.14708,-1.1256762,72.23252,
1393282397956014253,1,221.18277,-1.153307,72.21781,
1393282397976155854,1,221.19493,-1.1781117,72.21856,
1393282397996266938,1,221.25034,-1.2318746,72.23817,
1393282398016622163,1,221.31471,-1.2837857,72.242485,
1393282398036611176,1,221.37042,-1.3269402,72.228294,
1393282398056691743,1,221.4705,-1.4094503,72.21303,
1393282398076833344,1,221.5615,-1.4726477,72.20831,
1393282398096974946,1,221.63504,-1.5258482,72.183304,
1393282398117116547,1,221.65619,-1.528699,72.157,
1393282398137410737,1,221.67224,-1.5158577,72.14428,
1393282398157430268,1,221.71127,-1.5235505,72.12193,
1393282398178426362,1,221.75235,-1.5374713,72.09397,
1393282398197713471,1,221.83922,-1.6012369,72.077156,
1393282398217824555,1,221.90555,-1.6466684,72.06519,
1393282398238027192,1,221.95155,-1.6640663,72.06217,
1393282398258138276,1,221.98286,-1.6712451,72.03099,
1393282398278249360,1,222.03693,-1.7074835,71.99558,
1393282398298390961,1,222.12267,-1.7723031,71.992386,
1393282398318715669,1,222.22173,-1.863177,71.983444,
1393282398338826753,1,222.34555,-2.003985,71.95794,
1393282398358846284,1,222.47635,-2.1822474,71.937546,
1393282398378926850,1,222.60144,-2.3850405,71.940285,
1393282398399129487,1,222.78586,-2.6267648,72.005936,
1393282398419240571,1,222.91904,-2.7870944,72.084465,
1393282398439534760,1,222.9849,-2.8302503,72.168915,
1393282398459523774,1,223.06458,-2.8501487,72.239204,
1393282398481526948,1,223.14702,-2.8507586,72.283295,
1393282398499929047,1,223.19983,-2.8390112,72.29806,
1393282398519979096,1,223.20107,-2.7929428,72.3083,
1393282398540700532,1,223.11974,-2.6884325,72.311516,
1393282398560292817,1,222.99786,-2.5750103,72.28694,
1393282398581746674,1,222.93411,-2.5194778,72.28159,
1393282398600576020,1,222.93468,-2.518237,72.274506,
1393282398621877290,1,222.92938,-2.496524,72.251015,
1393282398640920258,1,222.88411,-2.4321482,72.24237,
1393282398660970307,1,222.85416,-2.3835607,72.24597,
1393282398681142426,1,222.84627,-2.3797572,72.22482,
1393282398701253510,1,222.85957,-2.3978784,72.21223,
1393282398721425629,1,222.90363,-2.4535913,72.179825,
1393282398742177583,1,222.96701,-2.5230615,72.15247,
1393282398761647797,1,223.02731,-2.598831,72.12589,
1393282398783712006,1,223.10597,-2.6922214,72.11366,
1393282398801992036,1,223.14655,-2.7490308,72.10193,
1393282398822133637,1,223.19763,-2.808454,72.09612,
1393282398882558442,1,223.28514,-2.909604,72.11165,
1393282398902700044,1,223.3097,-2.9461918,72.1217,
1393282398923787690,1,223.32349,-2.9765644,72.13415,
1393282398943898774,1,223.30173,-2.980836,72.13451,
1393282398963124848,1,223.31062,-3.000855,72.15668,
1393282398983602143,1,223.292,-2.9897506,72.18357,
1393282399003408051,1,223.2612,-2.9531038,72.219185,
1393282399023549653,1,223.2072,-2.9005036,72.22806,
1393282399044301606,1,223.16586,-2.8818223,72.210075,
1393282399063832856,1,223.12282,-2.8870351,72.195816,
1393282399084859467,1,223.07117,-2.876214,72.19559,
1393282399104116059,1,223.0353,-2.8713348,72.20702,
1393282399124257661,1,223.04803,-2.9086857,72.21876,
1393282399145009614,1,223.07776,-2.9717948,72.22245,
1393282399164540864,1,223.13263,-3.024273,72.22845,
1393282399184926606,1,223.10768,-2.9924843,72.23204,
1393282399204824067,1,223.03706,-2.913731,72.238686,
1393282399246022797,1,222.9024,-2.811214,72.19522,
1393282399265248872,1,222.86742,-2.8066127,72.18007,
1393282399285359956,1,222.88118,-2.8354375,72.18684,
1393282399305532075,1,222.86096,-2.80898,72.21317,
1393282399325673676,1,222.80374,-2.749102,72.20736,
1393282399346425629,1,222.76886,-2.7179863,72.18308,
1393282399365956879,1,222.74023,-2.7064774,72.162445,
1393282399387746430,1,222.73085,-2.7156806,72.15515,
1393282399406240083,1,222.71521,-2.7134533,72.14987,
1393282399426381684,1,222.68527,-2.6942768,72.1276,
1393282399446950532,1,222.66444,-2.685743,72.09898,
1393282399466664887,1,222.66393,-2.7107656,72.07362,
1393282399486775971,1,222.7059,-2.7790306,72.07103,
1393282399506948090,1,222.76541,-2.856191,72.06821,
1393282399528157807,1,222.8057,-2.9086268,72.044754,
1393282399548177338,1,222.79626,-2.9081492,72.03296,
1393282399567372895,1,222.76233,-2.8792775,72.0311,
1393282399588094331,1,222.70253,-2.8280592,72.00509,
1393282399607656098,1,222.64912,-2.786848,71.97358,
1393282399627797700,1,222.59164,-2.7447476,71.947365,
1393282399648366547,1,222.5493,-2.7215996,71.919716,
1393282399668080903,1,222.55661,-2.7445183,71.909836,
1393282399689290620,1,222.57513,-2.7727778,71.92287,
1393282399708333588,1,222.60327,-2.7986507,71.940605,
1393282399728505708,1,222.61894,-2.8045142,71.951004,
1393282399749257661,1,222.6484,-2.8221319,71.94344,
1393282399768788911,1,222.63576,-2.805267,71.93791,
1393282399789144135,1,222.64279,-2.8205202,71.932884,
1393282399809072114,1,222.69414,-2.8957634,71.900894,
1393282399830251313,1,222.77797,-2.988877,71.88457,
1393282399850392915,1,222.82538,-3.0341587,71.874825,
1393282399869496919,1,222.83499,-3.0261884,71.87013,
1393282399889638520,1,222.77237,-2.9369748,71.857864,
1393282399909780122,1,222.72159,-2.8670666,71.80467,
1393282399929921723,1,222.7324,-2.8687608,71.7577,
1393282399950673676,1,222.77701,-2.9157984,71.74102,
1393282399970204926,1,222.87796,-2.9898171,71.783325,
1393282399992330170,1,222.95358,-3.013522,71.82281,
1393282400010518647,1,222.99265,-2.9997635,71.84266,
1393282400051381684,1,222.99384,-2.9227142,71.890976,
1393282400070912934,1,222.9265,-2.8411295,71.91153,
1393282400091085053,1,222.83658,-2.744731,71.91376,
1393282400111196137,1,222.77,-2.670958,71.91651,
1393282400132253266,1,222.67914,-2.5814047,71.91794,
1393282400152425385,1,222.57591,-2.4727929,71.9453,
1393282400171620942,1,222.46983,-2.3576472,71.98337,
1393282400192983247,1,222.35924,-2.2390163,72.01799,
1393282400211904145,1,222.26607,-2.1391943,72.06197,
1393282400232045747,1,222.16565,-2.030853,72.10555,
1393282400252736665,1,222.033,-1.8990977,72.119644,
1393282400272298432,1,221.89662,-1.7718027,72.134796,
1393282400294271088,1,221.7771,-1.6586422,72.16564,
1393282400312612153,1,221.6814,-1.553815,72.18162,
1393282400353444672,1,221.44522,-1.2895176,72.05048,
1393282400373036958,1,221.26527,-1.1199633,72.00664,
1393282400394155122,1,221.05643,-0.91960126,72.06434,
1393282400413320161,1,220.94043,-0.8037062,72.10838,
1393282400434621430,1,220.8123,-0.62604386,72.126755,
1393282400453633881,1,220.67867,-0.42722288,72.11105,
1393282400473714448,1,220.51282,-0.22175157,72.06519,
1393282400494130708,1,220.33192,-0.065162234,71.989716,
1393282400514028169,1,220.15282,0.01918954,71.90217,
1393282400534169770,1,219.97023,0.07933179,71.84922,
1393282400554891206,1,219.82144,0.1697762,71.85911,
1393282400574452973,1,219.69302,0.357865,71.90997,
1393282400614736176,1,219.64825,0.6006397,72.07919,
1393282400634877778,1,219.74133,0.5529045,72.16593,
1393282400655629731,1,219.8466,0.45888227,72.198425,
1393282400675160981,1,219.94052,0.3693706,72.18261,
1393282400695272065,1,220.03375,0.27056536,72.13659,
1393282400715444184,1,220.11633,0.14750217,72.0395,
1393282400736531831,1,220.16902,0.0047875014,71.94412,
1393282400756673432,1,220.21983,-0.1371096,71.86781,
1393282400775868989,1,220.29752,-0.25297102,71.78286,
1393282400797292329,1,220.4192,-0.3554657,71.6575,
1393282400816213227,1,220.5672,-0.42897856,71.540665,
1393282400836293794,1,220.79189,-0.51936626,71.403,
1393282400857045747,1,221.11914,-0.657121,71.25092,
1393282400876576997,1,221.52078,-0.8535291,71.12366,
1393282400898580170,1,222.00444,-1.090375,70.99344,
1393282400916829682,1,222.34834,-1.2295146,70.88385,
1393282400937001801,1,222.60628,-1.3015288,70.75045,
1393282400957692719,1,222.75409,-1.317213,70.6143,
1393282400977285004,1,222.85602,-1.3304336,70.507324,
1393282401017507172,1,222.9948,-1.3002611,70.37063,
1393282401038838960,1,223.0046,-1.1914905,70.34255,
1393282401057881928,1,223.00256,-1.0557929,70.350334,
1393282401119252778,1,223.09375,-0.41443816,70.44425,
1393282401138417817,1,223.20987,-0.293743,70.50011,
1393282401159169770,1,223.35193,-0.23764412,70.591995,
1393282401178701020,1,223.46503,-0.21690157,70.69454,
1393282401219564057,1,223.60901,-0.13151513,70.926186,
1393282401239125825,1,223.66202,-0.0057397136,71.09656,
1393282401259786225,1,223.56909,0.3625068,71.300186,
1393282401279409028,1,223.39111,0.8339876,71.4577,
1393282401299581147,1,223.29257,1.1833636,71.49369,
1393282401319661713,1,223.35304,1.2798642,71.39563,
1393282401340688325,1,223.524,1.1461376,71.23673,
1393282401360829926,1,223.72742,0.86019474,71.12629,
1393282401380117036,1,223.80603,0.6869545,71.15651,
1393282401400380708,1,223.69879,0.76117915,71.345116,
1393282401420400239,1,223.47191,1.0013051,71.61875,
1393282401440541840,1,223.2303,1.3084223,71.90933,
1393282401461293794,1,223.06622,1.6417471,72.15725,
1393282401480825044,1,222.97751,1.9506708,72.33321,
1393282401502767182,1,222.88701,2.2336104,72.436554,
1393282401521077729,1,222.75073,2.44199,72.40555,
1393282401541249848,1,222.48634,2.6829185,72.27629,
1393282401562001801,1,222.0774,2.9056435,72.0541,
1393282401581533051,1,221.58864,3.0797925,71.81081,
1393282401602651215,1,220.9721,3.2784185,71.61776,
1393282401621785737,1,220.3776,3.5077128,71.538956,
1393282401642781831,1,219.7242,3.8409538,71.55617,
1393282401662953950,1,219.16809,4.1921563,71.64357,
1393282401682241059,1,218.7584,4.485088,71.74026,
1393282401702626801,1,218.44897,4.6851034,71.82452,
1393282401722524262,1,218.2104,4.7776303,71.867905,
1393282401742696381,1,218.00305,4.7774677,71.85272,
1393282401763417817,1,217.77089,4.7346725,71.77655,
1393282401782949067,1,217.47685,4.738984,71.6462,
1393282401823903657,1,216.63365,5.0605435,71.35528,
1393282401843373872,1,216.06107,5.454406,71.28801,
1393282401864125825,1,215.39514,5.9787116,71.27816,
1393282401883657075,1,214.80807,6.4417906,71.29472,
1393282401903798676,1,214.32574,6.7340937,71.29834,
1393282401923940278,1,214.00574,6.776318,71.29228,
1393282401944356538,1,213.79611,6.659848,71.31311,
1393282401984365083,1,213.57654,6.2711926,71.43384,
1393282402005788422,1,213.52374,6.0088496,71.50503,
1393282402024648286,1,213.45631,5.7171726,71.55492,
1393282402044789887,1,213.39233,5.266285,71.55994,
1393282402065541840,1,213.39122,4.6806607,71.49713,
1393282402085073090,1,213.49738,4.1025987,71.356064,
1393282402107045747,1,213.73695,3.5853035,71.05561,
1393282402125356294,1,213.89928,3.4371912,70.76474,
1393282402145467378,1,213.93755,3.5214424,70.52991,
1393282402166249848,1,213.7308,3.845962,70.43542,
1393282402185781098,1,213.25926,4.427282,70.44307,
1393282402206868745,1,212.4736,5.3844333,70.50043,
1393282402226064301,1,211.63303,6.397577,70.546646,
1393282402246694184,1,210.79384,7.2976966,70.56873,
1393282402266713715,1,210.19913,7.7012877,70.58712,
1393282402286489106,1,209.88824,7.60083,70.58346,
1393282402306844331,1,209.78116,7.1980357,70.51067,
1393282402326772309,1,209.7033,6.7857046,70.400505,
1393282402346883393,1,209.52245,6.5008397,70.299385,
1393282402387197114,1,208.84082,6.331906,70.097145,
1393282402428090669,1,207.71649,6.7076783,69.91797,
1393282402447591401,1,207.13179,6.926978,69.902435,
1393282402468343354,1,206.50224,7.115351,69.96733,
1393282402487905122,1,205.9507,7.201767,70.093765,
1393282402508077241,1,205.42561,7.210609,70.31412,
1393282402528188325,1,204.95303,7.206675,70.57172,
1393282402549153901,1,204.53258,7.2488174,70.78764,
1393282402569081879,1,204.25113,7.250592,70.927536,
1393282402588613129,1,204.14763,7.058461,70.97562,
1393282402610036469,1,204.19551,6.6367426,70.93616,
1393282402628896333,1,204.30907,6.2006845,70.8574,
1393282402649037934,1,204.46307,5.7226205,70.7111,
1393282402669698335,1,204.71071,5.1623816,70.49795,
1393282402689321137,1,204.98734,4.630583,70.29638,
1393282402711263276,1,205.17155,4.265358,70.15512,
1393282402749745942,1,205.141,4.253577,70.1149,
1393282402770375825,1,204.99448,4.3940783,70.16806,
1393282402789998628,1,204.83693,4.48423,70.24142,
1393282402811086274,1,204.59538,4.56619,70.33907,
1393282402830312348,1,204.30963,4.6924624,70.41393,
1393282402851522065,1,203.93925,4.967933,70.3716,
1393282402871175385,1,203.5767,5.377448,70.24932,
1393282402890737153,1,203.14787,5.938121,70.12446,
1393282402911122895,1,202.60666,6.6206856,69.93917,
1393282402930989838,1,202.05557,7.2381277,69.587944,
1393282402951161958,1,201.56563,7.637872,69.09527,
1393282402971517182,1,201.107,7.809259,68.6582,
1393282402991445161,1,200.59547,7.920698,68.56409,
1393282403032369233,1,199.02844,8.79235,69.46614,
1393282403051869965,1,198.02408,9.621726,70.19304,
1393282403072164155,1,197.05423,10.511672,70.937546,
1393282403092153169,1,196.50012,10.937492,71.49781,
1393282403112355805,1,196.38054,10.775399,71.91065,
1393282403132436372,1,196.41562,10.276662,72.28999,
1393282403153554536,1,196.47832,9.523506,72.664764,
1393282403173238374,1,196.61621,8.566288,72.89382,
1393282403192861176,1,196.7918,7.4227138,72.9408,
1393282403214253999,1,196.86905,6.1793995,72.8199,
1393282403233144379,1,196.78094,5.1606827,72.64742,
1393282403253285981,1,196.57089,4.0791764,72.46835,
1393282403273549653,1,196.34215,2.8988514,72.28102,
1393282403293569184,1,196.12616,1.6181706,72.06824,
1393282403315480805,1,195.7935,0.16137412,71.82017,
1393282403333913422,1,195.41542,-1.0622222,71.639465,
1393282403353993989,1,194.89197,-2.3587456,71.517166,
1393282403374379731,1,194.21979,-3.6041977,71.45536,
1393282403394277192,1,193.41052,-4.744719,71.39798,
1393282403415395356,1,192.36058,-5.8379316,71.28303,
1393282403434560395,1,191.27846,-6.7024302,71.14593,
1393282403455861665,1,189.9178,-7.440781,71.08758,
1393282403475331879,1,188.57607,-7.90742,71.16405,
1393282403494985200,1,187.21526,-8.319485,71.281166,
1393282403515401460,1,185.92819,-8.893879,71.37029,
1393282403535268403,1,184.85808,-9.679003,71.43093,
1393282403555410004,1,183.89258,-10.611298,71.53115,
1393282403575551606,1,182.92686,-11.533282,71.67781,
1393282403595693208,1,181.87888,-12.3880625,71.82743,
1393282403636647797,1,179.99487,-14.467445,72.19574,
1393282403656118012,1,179.06165,-15.469037,72.3707,
1393282403676747895,1,177.86926,-16.384924,72.49895,
1393282403696401215,1,176.46912,-17.015074,72.50962,
1393282403716573335,1,174.7638,-17.319233,72.336006,
1393282403736684419,1,172.84534,-17.287512,72.03502,
1393282403777852631,1,168.91858,-17.359125,71.707245,
1393282403797109223,1,167.25897,-17.692055,71.738556,
1393282403818593598,1,165.53125,-18.12704,71.81531,
1393282403837392426,1,164.16895,-18.499361,71.87923,
1393282403857534028,1,162.85596,-18.919712,71.957146,
1393282403878194428,1,161.63196,-19.430756,72.05439,
1393282403897817231,1,160.53064,-19.958366,72.16161,
1393282403919850922,1,159.29443,-20.455313,72.26099,
1393282403938100434,1,158.3183,-20.74133,72.29219,
1393282403958242036,1,157.21387,-20.904047,72.247314,
1393282403978993989,1,155.9743,-20.877747,72.07847,
1393282403998525239,1,154.7472,-20.69453,71.84097,
1393282404019643403,1,153.41315,-20.367874,71.606804,
1393282404038777924,1,152.21838,-19.963858,71.42554,
1393282404060079194,1,150.85861,-19.423534,71.23008,
1393282404079152680,1,149.63107,-18.89221,71.08092,
1393282404099233247,1,148.39731,-18.401403,70.98555,
1393282404119618989,1,147.31506,-18.02096,70.94716,
1393282404139516450,1,146.45532,-17.734814,70.941795,
1393282404159658051,1,145.69754,-17.451395,71.03757,
1393282404180348969,1,144.9544,-17.097517,71.24953,
1393282404199941254,1,144.29248,-16.671177,71.48644,
1393282404240865327,1,143.25803,-15.695511,71.9784,
1393282404260335542,1,142.96393,-15.16852,72.20883,
1393282404281056977,1,142.75583,-14.611237,72.379776,
1393282404300649262,1,142.6582,-14.206552,72.37314,
1393282404320912934,1,142.68286,-14.107547,72.14753,
1393282404340932465,1,142.79523,-14.308549,71.79056,
1393282404362020112,1,142.83475,-14.429835,71.43578,
1393282404382222749,1,142.76172,-14.0676155,71.292755,
1393282404401357270,1,142.72238,-13.286606,71.41176,
1393282404422841645,1,142.88971,-12.334539,71.652985,
1393282404441640473,1,143.21658,-11.63169,71.73694,
1393282404461782075,1,143.7179,-11.156523,71.6866,
1393282404482534028,1,144.42981,-10.965168,71.615,
1393282404502034760,1,145.24481,-10.978414,71.61871,
1393282404524007417,1,146.12402,-11.04677,71.73281,
1393282404542348481,1,146.67102,-10.9012985,71.84791,
1393282404562490083,1,147.04825,-10.42633,71.950424,
1393282404583242036,1,147.25665,-9.647742,72.06845,
1393282404602742768,1,147.32758,-8.78465,72.18004,
1393282404623799897,1,147.40173,-7.98435,72.22364,
1393282404643056489,1,147.66882,-7.6472015,72.15449,
1393282404664327241,1,148.25269,-7.8379016,71.99536,
1393282404683400727,1,148.85788,-8.205527,71.84438,
1393282404703420258,1,149.32132,-8.378851,71.74678,
1393282404743764497,1,149.67328,-7.8544197,71.75134,
1393282404763906098,1,149.8222,-7.5922084,71.76094,
1393282404784658051,1,150.00906,-7.4715843,71.779785,
1393282404804158784,1,150.16309,-7.4654927,71.76864,
1393282404826467133,1,150.22015,-7.574751,71.66394,
1393282404844411469,1,150.19751,-7.7074933,71.51615,
1393282404864614106,1,150.07419,-7.8227673,71.362434,
1393282404885121919,1,149.83289,-7.7702265,71.31268,
1393282404904836274,1,149.51474,-7.5448823,71.408966,
1393282404925038911,1,149.1203,-7.198414,71.64911,
1393282404945180512,1,148.64664,-6.7846675,71.97634,
1393282404966481782,1,148.1232,-6.3875465,72.39347,
1393282405005574799,1,147.3371,-5.68183,73.434296,
1393282405026204682,1,146.8711,-5.1474757,74.04988,
1393282405045888520,1,146.41776,-4.6968517,74.55857,
1393282405066030122,1,146.1203,-4.6172166,74.93731,
1393282405086537934,1,146.15314,-5.1129756,75.02495,
1393282405107244280,1,146.47339,-5.955304,74.80205,
1393282405128392961,1,146.8324,-6.699798,74.45871,
1393282405147527483,1,146.82062,-6.7067056,74.27084,
1393282405167669084,1,146.21344,-5.8968163,74.23837,
1393282405188421038,1,145.03937,-4.478435,74.31186,
1393282405207952288,1,143.6977,-2.9618042,74.36049,
1393282405228246477,1,142.40839,-1.583575,74.32253,
1393282405248235491,1,141.45013,-0.6251874,74.26529,
1393282405289495256,1,140.59418,0.1478606,74.17137,
1393282405308660295,1,140.66754,0.08197373,73.9993,
1393282405328801897,1,140.94287,-0.14418803,73.77274,
1393282405348912981,1,141.35236,-0.48524803,73.54313,
1393282405369085100,1,141.65436,-0.7714733,73.38394,
1393282405389776018,1,141.64246,-0.80632347,73.3007,
1393282405409368303,1,141.23364,-0.4049065,73.22646,
1393282405431218889,1,140.27554,0.617769,73.21158,
1393282405449651506,1,139.25995,1.771003,73.28812,
1393282405469793108,1,138.24536,2.9687762,73.43293,
1393282405490545061,1,137.51932,3.9210525,73.610504,
1393282405510076311,1,137.25204,4.4110374,73.779785,
1393282405530217913,1,137.4165,4.426874,73.93938,
1393282405550359514,1,137.90381,4.0828104,74.10428,
1393282405571477678,1,138.65811,3.4930773,74.30854,
1393282405591649797,1,139.60318,2.7908583,74.4606,
1393282405610784319,1,140.5499,2.1455457,74.52558,
1393282405631597307,1,141.41034,1.6447979,74.50818,
1393282405651067522,1,142.1178,1.2941813,74.39638,
1393282405671209124,1,142.90247,0.77581656,74.17333,
1393282405691961077,1,143.7865,-0.07584051,73.78167,
1393282405711492327,1,144.45099,-0.8758887,73.26457,
1393282405732732561,1,144.595,-1.0879762,72.70869,
1393282405751775530,1,144.24335,-0.5457796,72.36603,
1393282405771917131,1,143.69916,0.35228026,72.07684,
1393282405792669084,1,143.3613,0.978491,71.68001,
1393282405812200334,1,143.36194,0.9656809,71.19255,
1393282405832677629,1,143.50174,0.4756283,70.66425,
1393282405852483538,1,143.48663,-0.02951484,70.309395,
1393282405873754290,1,143.03168,-0.0982765,70.24313,
1393282405892827776,1,142.19366,0.5725221,70.44051,
1393282405912908342,1,141.04675,1.9506733,70.81626,
1393282405933110979,1,140.02753,3.424804,71.25896,
1393282405953191545,1,139.60925,4.1789284,71.5946,
1393282405973333147,1,140.10205,3.6929293,71.714676,
1393282405994024065,1,141.43188,2.0184433,71.65797,
1393282406013585833,1,143.01544,-0.062140223,71.48372,
1393282406035894182,1,144.54376,-2.1953323,71.29858,
1393282406053899553,1,145.40173,-3.441474,71.32338,
1393282406074041155,1,145.90863,-4.2470956,71.52595,
1393282406134923723,1,146.2251,-5.0141034,72.40925,
1393282406154607561,1,146.82474,-5.901945,72.54406,
1393282406175756243,1,147.39893,-7.1053233,72.73653,
1393282406195836809,1,147.78809,-8.280638,72.91715,
1393282406215032366,1,147.95789,-9.24902,73.133354,
1393282406236303118,1,147.77417,-9.931567,73.61107,
1393282406255285051,1,147.39798,-10.288815,74.24904,
1393282406275457170,1,146.9949,-10.689946,74.96776,
1393282406295995500,1,146.73343,-11.2950945,75.602974,
1393282406315740374,1,146.65228,-12.058136,76.07798,
1393282406356023577,1,146.52039,-13.529183,77.089455,
1393282406376165178,1,146.4585,-14.180961,77.64882,
1393282406396856096,1,146.30292,-14.735586,78.08591,
1393282406416448381,1,145.85138,-15.0222025,78.286,
1393282406437413958,1,144.80872,-14.938051,78.208694,
1393282406456731584,1,143.15103,-14.275691,77.993904,
1393282406477239397,1,140.93286,-13.25845,77.89539,
1393282406497594622,1,138.96194,-12.613916,77.977234,
1393282406517156389,1,137.63382,-12.527448,78.17411,
1393282406537572649,1,136.56165,-12.571128,78.47856,
1393282406557439592,1,135.3974,-12.310563,78.81136,
1393282406577581194,1,133.9082,-11.686105,79.090645,
1393282406598333147,1,132.1897,-10.985337,79.25487,
1393282406617864397,1,130.68036,-10.649219,79.225716,
1393282406658208635,1,127.92032,-10.5440035,78.920364,
1393282406678289202,1,126.513336,-10.380826,78.79082,
1393282406698797014,1,124.68585,-9.6414585,78.79703,
1393282406718572405,1,122.549194,-8.440918,78.85226,
1393282406738744524,1,120.255615,-7.094849,78.89847,
1393282406758855608,1,118.12683,-5.9432898,78.91679,
1393282406780004290,1,116.1651,-5.049135,78.92941,
1393282406800145891,1,114.615204,-4.541166,78.92123,
1393282406819280413,1,113.468506,-4.3812957,78.9063,
1393282406840734270,1,112.59201,-4.6104555,78.88977,
1393282406859624651,1,112.07364,-5.031055,78.86982,
1393282406879674700,1,111.515594,-5.415542,78.86546,
1393282406900304583,1,110.96365,-5.7597456,78.88201,
1393282406919988420,1,110.553986,-6.1394334,78.90556,
1393282406941991594,1,110.12717,-6.4886036,78.90944,
1393282406960241106,1,109.750885,-6.5942907,78.87853,
1393282406980413225,1,109.3056,-6.5981393,78.79129,
1393282407001165178,1,108.93579,-6.7575655,78.64603,
1393282407020696428,1,108.634,-7.067436,78.453865,
1393282407041509416,1,108.08002,-7.1429477,78.2258,
1393282407060949114,1,107.2218,-6.688378,78.01375,
1393282407082250383,1,106.06149,-5.765316,77.79497,
1393282407101323870,1,105.071655,-4.936636,77.59244,
1393282407121373918,1,104.177246,-4.3834257,77.406525,
1393282407141759661,1,103.30069,-4.0632434,77.30205,
1393282407161657122,1,102.18326,-3.5676854,77.2738,
1393282407181829241,1,100.63901,-2.6736312,77.3095,
1393282407202581194,1,98.97174,-1.6470524,77.41503,
1393282407222112444,1,97.68866,-0.9518485,77.57797,
1393282407262365129,1,96.29874,-0.88455266,78.06594,
1393282407303106096,1,96.28656,-2.4992192,78.3616,
1393282407322820452,1,96.571014,-3.6363747,78.35066,
1393282407342962053,1,96.87143,-4.837445,78.23148,
1393282407384191301,1,97.23746,-7.145606,77.82781,
1393282407404271868,1,97.18451,-8.020257,77.644516,
1393282407423528459,1,96.91254,-8.601868,77.491066,
1393282407444982317,1,96.35559,-9.024007,77.335625,
1393282407463781145,1,95.67151,-9.234062,77.22388,
1393282407483953264,1,94.75098,-9.297605,77.1395,
1393282407504461077,1,93.628174,-9.158833,77.05935,
1393282407524236467,1,92.42963,-8.878407,77.00402,
1393282407546270159,1,91.23245,-8.700418,76.9823,
1393282407564580706,1,90.43042,-8.713502,76.966515,
1393282407584661272,1,89.73584,-8.8505,76.92433,
1393282407605413225,1,89.22189,-9.104812,76.88357,
1393282407624944475,1,88.89505,-9.402498,76.84468,
1393282407646032122,1,88.628296,-9.699739,76.799065,
1393282407665227678,1,88.324646,-9.852162,76.79157,
1393282407686223772,1,87.86499,-9.975672,76.83966,
1393282407706456926,1,87.22244,-10.023397,76.89795,
1393282407746007708,1,85.16037,-9.573576,76.84945,
1393282407765935686,1,83.819214,-9.012639,76.67033,
1393282407786077288,1,82.50754,-8.387672,76.38301,
1393282407806768206,1,81.28406,-7.7985554,76.09321,
1393282407826360491,1,80.295105,-7.42472,75.895035,
1393282407866643694,1,78.66138,-7.1756263,75.6164,
1393282407886785295,1,77.879,-7.05969,75.4592,
1393282407907323625,1,77.13269,-6.9926767,75.31325,
1393282407927068499,1,76.74765,-7.260869,75.16894,
1393282407947210100,1,76.61719,-7.8140707,75.01019,
1393282407967351702,1,76.580444,-8.286776,74.92958,
1393282407987767961,1,76.518555,-8.496499,74.973015,
1393282408008123186,1,76.492676,-8.62201,75.08036,
1393282408027776506,1,76.57181,-8.90913,75.13415,
1393282408049260881,1,76.71445,-9.415196,75.10634,
1393282408068059709,1,76.730774,-9.759318,75.05679,
1393282408088201311,1,76.67502,-9.935247,75.0368,
1393282408108800676,1,76.541595,-9.9241,75.04289,
1393282408128484514,1,76.291565,-9.731563,75.04839,
1393282408150457170,1,75.96994,-9.509521,75.05365,
1393282408168828752,1,75.78067,-9.449562,75.04561,
1393282408188848284,1,75.70651,-9.50309,75.03716,
1393282408209600237,1,75.725494,-9.570864,75.057884,
1393282408229192522,1,75.72995,-9.50697,75.08225,
1393282408249944475,1,75.74573,-9.389404,75.05656,
1393282408269475725,1,75.87286,-9.381972,74.97374,
1393282408289983538,1,76.28647,-9.600015,74.875694,
1393282408310277727,1,76.99826,-9.981657,74.74863,
1393282408329870012,1,77.81311,-10.29427,74.583725,
1393282408350255754,1,78.61667,-10.4257765,74.3711,
1393282408370183733,1,79.28842,-10.4190445,74.05753,
1393282408390264299,1,79.85086,-10.420451,73.59345,
1393282408411077288,1,80.3819,-10.531066,72.94856,
1393282408430608538,1,80.93976,-10.72524,72.19359,
1393282408471502092,1,82.43106,-11.442687,70.60896,
1393282408491002825,1,83.03876,-11.853462,69.9993,
1393282408511602190,1,83.39905,-12.2660475,69.60642,
1393282408531316545,1,83.28482,-12.2002125,69.45751,
1393282408551641252,1,82.80121,-11.5740185,69.500435,
1393282408571630266,1,82.36212,-10.818308,69.642975,
1393282408592626360,1,82.250916,-10.332528,69.784225,
1393282408612371233,1,82.528564,-10.352578,69.82743,
1393282408631994036,1,83.12552,-10.860664,69.78094,
1393282408653478411,1,83.93622,-11.669158,69.64275,
1393282408672307756,1,84.5108,-12.182346,69.487495,
1393282408692418840,1,84.85141,-12.368184,69.37098,
1393282408713018206,1,85.00394,-12.355317,69.31599,
1393282408732732561,1,85.092316,-12.335811,69.23715,
1393282408754705217,1,85.12982,-12.272692,69.08935,
1393282408773076799,1,85.02716,-12.061229,68.95687,
1393282408793157366,1,84.80527,-11.730255,68.78803,
1393282408813817766,1,84.53311,-11.453581,68.56911,
1393282408833440569,1,84.29047,-11.415698,68.35702,
1393282408855085173,1,84.07623,-11.666935,68.20402,
1393282408874402800,1,83.91931,-12.090298,68.131836,
1393282408895581999,1,83.815125,-12.684214,68.11327,
1393282408915296355,1,83.74353,-13.224305,68.11194,
1393282408934827605,1,83.674805,-13.708658,68.091515,
1393282408955182829,1,83.64694,-14.269817,68.11039,
1393282408975110808,1,83.60989,-14.798357,68.24657,
1393282408995252409,1,83.45581,-15.074312,68.55439,
1393282409015638152,1,83.114655,-14.9945345,68.962425,
1393282409035535612,1,82.63864,-14.734036,69.35025,
1393282409076429167,1,81.77374,-14.478788,69.93653,
1393282409156385222,1,79.25476,-13.034549,69.39565,
1393282409176526823,1,78.10651,-11.96013,69.346565,
1393282409197706023,1,76.8486,-10.764067,69.37852,
1393282409217267790,1,75.79077,-9.745707,69.39412,
1393282409236951628,1,74.86807,-8.794977,69.35808,
1393282409258405486,1,73.89679,-7.675577,69.29731,
1393282409277234831,1,72.98306,-6.625078,69.27549,
1393282409297376433,1,72.03949,-5.6627903,69.27965,
1393282409337659636,1,71.18143,-5.1414723,69.27515,
1393282409359632292,1,71.13727,-5.319419,69.37627,
1393282409377973357,1,71.050354,-5.3851295,69.506966,
1393282409398053923,1,70.84448,-5.3452454,69.63875,
1393282409418378630,1,70.608795,-5.3047457,69.733185,
1393282409438367644,1,70.45465,-5.358552,69.79086,
1393282409459333220,1,70.42926,-5.5294337,69.819954,
1393282409478650847,1,70.49078,-5.73657,69.824745,
1393282409499524870,1,70.614716,-5.9717264,69.83101,
1393282409519483366,1,70.79794,-6.2540803,69.867294,
1393282409539075652,1,71.03833,-6.636883,69.915306,
1393282409559461394,1,71.289185,-7.091507,69.94177,
1393282409579358855,1,71.411255,-7.427157,69.93763,
1393282409599500456,1,71.34662,-7.5420995,69.93349,
1393282409620099821,1,71.14087,-7.482586,69.90368,
1393282409639783659,1,70.909546,-7.390474,69.82313,
1393282409662336150,1,70.63501,-7.281669,69.71288,
1393282409680005827,1,70.40903,-7.1504407,69.65477,
1393282409700208464,1,70.17352,-6.9259524,69.62654,
1393282409720838347,1,70.02423,-6.705145,69.59837,
1393282409740491667,1,69.95715,-6.5370107,69.53925,
1393282409760633269,1,69.87128,-6.369037,69.455025,
1393282409780774870,1,69.660614,-6.1396885,69.386856,
1393282409801831999,1,69.276276,-5.8146415,69.44451,
1393282409821851530,1,68.8508,-5.496588,69.60696,
1393282409841199675,1,68.473694,-5.1791263,69.76527,
1393282409862653532,1,68.13812,-4.790743,69.84296,
1393282409881482878,1,67.94281,-4.4302325,69.771706,
1393282409901624480,1,67.84061,-4.0598507,69.63313,
1393282409922284880,1,67.91214,-3.9797783,69.52836,
1393282409941907683,1,68.13806,-4.3273263,69.40921,
1393282409963880339,1,68.43182,-4.8308854,69.22844,
1393282409982190886,1,68.64197,-4.9817734,69.12818,
1393282410002332487,1,68.91025,-4.861977,69.181984,
1393282410023084441,1,69.281006,-4.7210374,69.30244,
1393282410042615691,1,69.76514,-4.9254537,69.31192,
1393282410063703337,1,70.49289,-5.7054257,69.15473,
1393282410082898894,1,71.2478,-6.6844215,68.91284,
1393282410104139128,1,72.00964,-7.694839,68.73178,
1393282410123212614,1,72.44702,-8.305684,68.7156,
1393282410143323698,1,72.57965,-8.581338,68.84712,
1393282410163678923,1,72.437805,-8.562348,69.122536,
1393282410183606902,1,72.18475,-8.428234,69.43315,
1393282410203748503,1,71.95657,-8.342712,69.73713,
1393282410244031706,1,71.4516,-8.093507,70.06912,
1393282410284955778,1,70.17221,-6.658897,69.726326,
1393282410304456511,1,69.31549,-5.6026015,69.54014,
1393282410325208464,1,68.42868,-4.6053524,69.61828,
1393282410344739714,1,67.65662,-3.8440418,69.775345,
1393282410364881316,1,66.94614,-3.221472,69.876915,
1393282410385053435,1,66.34619,-2.7828534,69.97159,
1393282410406080046,1,65.81467,-2.4677076,70.14038,
1393282410426252165,1,65.40579,-2.288553,70.33866,
1393282410445447722,1,65.125885,-2.2362359,70.54756,
1393282410466871062,1,65.00137,-2.381528,70.81808,
1393282410485730925,1,65.0636,-2.6661246,71.08609,
1393282410505872527,1,65.349,-3.1113381,71.34101,
1393282410526624480,1,65.85312,-3.7069175,71.55118,
1393282410546155730,1,66.43683,-4.3814282,71.69367,
1393282410568128386,1,67.12216,-5.2636495,71.74114,
1393282410586438933,1,67.601074,-6.03435,71.65821,
1393282410606580534,1,67.87097,-6.7403154,71.419426,
1393282410627332487,1,67.747314,-7.049879,71.16175,
1393282410646833220,1,67.3085,-6.89965,71.09019,
1393282410667951384,1,66.65137,-6.4526978,71.19661,
1393282410687146941,1,66.05533,-6.039187,71.357254,
1393282410708417693,1,65.49692,-5.7566457,71.51064,
1393282410747713009,1,64.46759,-5.322778,71.52894,
1393282410767915646,1,63.672394,-4.794783,71.47004,
1393282410788057247,1,62.693115,-4.1177435,71.36136,
1393282410808198849,1,61.651337,-3.4368758,71.20906,
1393282410828950802,1,60.65979,-2.8454514,71.02753,
1393282410848421017,1,59.93161,-2.5090072,70.88627,
1393282410870881954,1,59.349854,-2.4243364,70.81748,
1393282410888704220,1,58.994263,-2.4999723,70.808235,
1393282410908906857,1,58.627075,-2.62741,70.812035,
1393282410949159542,1,57.59601,-2.3260937,70.85965,
1393282410969331661,1,56.941895,-1.8124793,70.907265,
1393282410989473263,1,56.411804,-1.3562233,70.94758,
1393282411010621945,1,56.0567,-1.0843155,70.98739,
1393282411030671993,1,55.84546,-0.964593,71.05971,
1393282411049867550,1,55.648987,-0.85043097,71.20596,
1393282411070558468,1,55.40454,-0.68246347,71.43856,
1393282411150606076,1,54.71512,-0.10743253,72.17628,
1393282411171785275,1,54.58142,0.11963532,72.15603,
1393282411190858761,1,54.299683,0.44525006,72.088615,
1393282411211000363,1,53.68347,1.0618738,72.00694,
1393282411231721798,1,52.73764,1.9847747,71.97161,
1393282411251314083,1,51.722137,2.958468,71.9953,
1393282411291597286,1,49.840363,4.7802343,71.98978,
1393282411312776486,1,49.19287,5.2629976,71.999115,
1393282411331911007,1,48.92691,5.1851535,72.039856,
1393282411352022091,1,48.89856,4.753237,72.05466,
1393282411372163693,1,48.829193,4.4791923,72.045,
1393282411392305294,1,48.57196,4.637023,72.033516,
1393282411412416378,1,48.239075,5.036714,71.999,
1393282411452730099,1,48.338562,4.767979,71.913414,
1393282411474611202,1,48.95807,3.7013948,71.87258,
1393282411493013302,1,49.631195,2.4783578,71.823975,
1393282411513154904,1,50.27954,1.1287531,71.808014,
1393282411533906857,1,50.683533,0.0041098082,71.84367,
1393282411553438107,1,50.73947,-0.63594776,71.95615,
1393282411573579708,1,50.629578,-1.0631834,72.12619,
1393282411593721310,1,50.510864,-1.5071108,72.26087,
1393282411614839474,1,50.377502,-2.0179212,72.27743,
1393282411635011593,1,50.20163,-2.5309298,72.13577,
1393282411654146115,1,49.957672,-3.0481498,71.94476,
1393282411675014835,1,49.56317,-3.6928685,71.82741,
1393282411694485050,1,49.020203,-4.3120112,71.812325,
1393282411714626651,1,48.188965,-4.7639804,71.837975,
1393282411735256534,1,47.124634,-5.00962,71.927536,
1393282411754909854,1,46.081604,-5.212962,72.09997,
1393282411776150089,1,45.06024,-5.630136,72.28484,
1393282411795193058,1,44.3136,-6.288572,72.36549,
1393282411815334659,1,43.680664,-7.1899247,72.347565,
1393282411836086612,1,43.090332,-8.132009,72.281685,
1393282411855617862,1,42.527008,-8.932447,72.223564,
1393282411875942569,1,41.897186,-9.675791,72.16737,
1393282411895901065,1,41.14435,-10.336942,72.09587,
1393282411917232852,1,40.012787,-10.846425,71.9778,
1393282411936245304,1,38.569275,-10.908139,71.8602,
1393282411956325870,1,36.51181,-10.398484,71.739685,
1393282411976436954,1,34.046783,-9.486668,71.65802,
1393282411996609073,1,31.638367,-8.786257,71.732635,
1393282412016750675,1,29.61908,-8.719721,71.94084,
1393282412037441593,1,28.023193,-9.22107,72.16932,
1393282412057033878,1,26.712921,-9.859831,72.333275,
1393282412097317081,1,23.828308,-10.633761,72.54317,
1393282412117489200,1,22.462006,-11.008015,72.55656,
1393282412138088565,1,21.378113,-11.772375,72.50228,
1393282412157741886,1,20.572784,-12.687531,72.4008,
1393282412177822452,1,19.762726,-13.414251,72.30511,
1393282412198025089,1,18.854462,-13.84769,72.32281,
1393282412219143253,1,17.773346,-14.086648,72.42283,
1393282412239345890,1,16.567291,-14.143417,72.49957,
1393282412258449893,1,15.332184,-14.088865,72.53414,
1393282412279507022,1,14.075531,-14.023438,72.61195,
1393282412298733097,1,13.077393,-14.011846,72.72849,
1393282412318874698,1,12.082886,-13.951573,72.85795,
1393282412339596134,1,11.077179,-13.790873,73.01266,
1393282412359157901,1,10.178345,-13.600409,73.19652,
1393282412380977970,1,9.371796,-13.539888,73.459915,
1393282412399441104,1,8.809326,-13.612778,73.70366,
1393282412419582706,1,8.261017,-13.695618,73.9521,
1393282412440334659,1,7.790497,-13.775548,74.15702,
1393282412459865909,1,7.46402,-13.850119,74.27245,
1393282412480984073,1,7.251251,-13.905564,74.33522,
1393282412500118595,1,7.123932,-13.95613,74.39151,
1393282412521297794,1,6.8909607,-13.920241,74.42722,
1393282412541378360,1,6.3171997,-13.499773,74.42006,
1393282412560573917,1,5.42099,-12.612689,74.38077,
1393282412580990177,1,4.335144,-11.344564,74.28799,
1393282412600857120,1,3.3413696,-10.183244,74.174286,
1393282412620998722,1,2.5870972,-9.567088,74.02878,
1393282412641750675,1,2.1238403,-9.609782,73.83837,
1393282412661281925,1,1.7350159,-9.781581,73.706856,
1393282412701565128,1,0.44952393,-9.007509,73.79464,
1393282412721706729,1,359.5042,-7.9911804,73.93812,
1393282412742458683,1,358.76395,-7.223997,74.05648,
1393282412761989933,1,358.47787,-7.1688323,74.042816,
1393282412782070499,1,358.56915,-7.833558,73.91608,
1393282412802273136,1,358.76712,-8.814367,73.7724,
1393282412823360782,1,358.821,-9.696432,73.70064,
1393282412843532901,1,358.60236,-10.2076435,73.71269,
1393282412862697940,1,358.11685,-10.355287,73.75641,
1393282412884151798,1,357.4111,-10.292113,73.72463,
1393282412903042179,1,356.76913,-10.222485,73.62801,
1393282412923122745,1,356.1555,-10.2364435,73.47297,
1393282412943874698,1,355.55643,-10.302419,73.246544,
1393282412963405948,1,354.95258,-10.367169,73.02459,
1393282412985439640,1,354.24185,-10.503563,72.869644,
1393282413003689151,1,353.59827,-10.675366,72.86438,
1393282413023861270,1,352.92807,-10.9840145,72.991165,
1393282413044582706,1,352.24872,-11.361464,73.2257,
1393282413064113956,1,351.64807,-11.758087,73.50189,
1393282413085232120,1,351.11804,-12.214145,73.81703,
1393282413104366642,1,350.7433,-12.641739,74.06978,
1393282413125545841,1,350.4463,-13.169185,74.22864,
1393282413144710880,1,350.1845,-13.70355,74.247314,
1393282413164821964,1,349.8272,-14.290658,74.20758,
1393282413185177188,1,349.25043,-14.797179,74.13259,
1393282413205074649,1,348.27957,-14.951662,73.96957,
1393282413225246768,1,346.74142,-14.558343,73.78834,
1393282413245998722,1,344.82376,-13.903842,73.771614,
1393282413265529972,1,343.11942,-13.531155,73.91252,
1393282413306393009,1,339.88403,-12.9490185,74.408066,
1393282413325924259,1,338.2069,-12.295345,74.643005,
1393282413346645694,1,336.29776,-11.337596,74.81811,
1393282413366237979,1,334.66724,-10.703195,74.87408,
1393282413386410099,1,333.3271,-10.56881,74.75272,
1393282413406490665,1,332.29642,-10.798957,74.52806,
1393282413427578311,1,331.33563,-11.013239,74.38478,
1393282413447719913,1,330.45563,-11.07009,74.393684,
1393282413466945987,1,329.5872,-11.040336,74.46439,
1393282413488369327,1,328.426,-10.858284,74.52793,
1393282413507198673,1,327.12415,-10.427259,74.54349,
1393282413527370792,1,325.54016,-9.668482,74.55176,
1393282413548142028,1,323.91382,-8.793062,74.563545,
1393282413608017516,1,320.37103,-7.4155407,74.39654,
1393282413628098083,1,319.45834,-7.2435484,74.34322,
1393282413648850036,1,318.4067,-6.9422355,74.433044,
1393282413668381286,1,317.34503,-6.582501,74.63467,
1393282413689346862,1,316.24872,-6.239872,74.84884,
1393282413708664489,1,315.31393,-5.977243,74.95998,
1393282413749985290,1,313.5489,-5.166441,74.830086,
1393282413769089294,1,312.92963,-4.851752,74.63684,
1393282413789444518,1,312.2353,-4.440351,74.39742,
1393282413809372497,1,311.22562,-3.6060028,74.141235,
1393282413829483581,1,309.82028,-2.202636,73.865944,
1393282413850266051,1,308.22293,-0.60182625,73.65094,
1393282413869797301,1,306.98657,0.30014536,73.51284,
1393282413910690856,1,305.29562,0.3282234,73.44867,
1393282413930222106,1,304.45508,0.37741107,73.45136,
1393282413950729919,1,303.17218,1.1843129,73.57487,
1393282413970505309,1,301.86212,2.1482604,73.723785,
1393282413990677428,1,300.80853,2.6951442,73.81892,
1393282414010788512,1,300.16843,2.5732615,73.84369,
1393282414031296325,1,299.77136,2.0015693,73.86576,
1393282414051590514,1,299.39862,1.3708403,73.920235,
1393282414071213317,1,298.87726,0.95084244,74.01079,
1393282414092636657,1,298.06897,0.7700003,74.155914,
1393282414111496520,1,297.2658,0.71521765,74.26957,
1393282414131607604,1,296.45862,0.5912591,74.3263,
1393282414152206969,1,295.65128,0.36522585,74.281105,
1393282414171921325,1,294.90933,0.03407074,74.14871,
1393282414193924499,1,294.0991,-0.43435737,73.95983,
1393282414212265563,1,293.35358,-0.83549243,73.80985,
1393282414232346130,1,292.42023,-1.2260901,73.70108,
1393282414253037048,1,291.2846,-1.4908733,73.66518,
1393282414272629333,1,290.02264,-1.5117822,73.716606,
1393282414293655944,1,288.52765,-1.2637994,73.8502,
1393282414312912536,1,287.11935,-0.900127,73.988144,
1393282414333389831,1,285.7094,-0.57239896,74.0773,
1393282414353745055,1,284.53323,-0.5466599,74.08416,
1393282414373337341,1,283.67078,-0.9058506,74.011795,
1393282414393723083,1,282.92035,-1.4997404,73.91384,
1393282414413590026,1,282.0481,-1.9599153,73.84972,
1393282414433701110,1,280.73358,-2.0057878,73.87425,
1393282414454514098,1,278.8227,-1.4942933,73.95647,
1393282414474045348,1,276.53598,-0.5136101,74.085464,
1393282414514969421,1,271.89508,1.0691698,74.61524,
1393282414534439635,1,270.29236,1.1153355,74.905045,
1393282414574753356,1,268.23117,0.6513761,75.32743,
1393282414594894958,1,267.4286,0.6254992,75.376045,
1393282414615036559,1,266.90994,0.34343073,75.27579,
1393282414635941100,1,266.83203,-0.55024755,75.03602,
1393282414655869079,1,267.08038,-1.7937609,74.76343,
1393282414675461364,1,267.2242,-2.828295,74.57653,
1393282414696915221,1,266.7997,-3.1833186,74.507256,
1393282414715744567,1,265.77267,-2.7263122,74.57041,
1393282414735855651,1,264.2796,-1.8246098,74.70942,
1393282414756485534,1,262.73676,-0.93403924,74.82049,
1393282414776169372,1,261.46658,-0.31665114,74.86392,
1393282414798142028,1,260.3254,0.16767849,74.870445,
1393282414816513610,1,259.54404,0.5034551,74.883385,
1393282414836594176,1,258.87332,0.7530652,74.91128,
1393282414857285094,1,258.40942,0.80341256,74.91742,
1393282414876877380,1,258.14737,0.6866427,74.90489,
1393282414897842956,1,257.92465,0.55169916,74.926506,
1393282414917160583,1,257.67813,0.5581981,74.99614,
1393282414938431335,1,257.45474,0.6493675,75.09338,
1393282414958084655,1,257.5558,0.5161873,75.13188,
1393282414997879577,1,258.68768,-0.65881413,74.72933,
1393282415017868591,1,258.99945,-0.90047586,74.26122,
1393282415038010192,1,258.92004,-0.63260657,73.72504,
1393282415058487487,1,258.65524,-0.27187127,73.23861,
1393282415078293395,1,258.3782,-0.20742704,72.859505,
1393282415119217467,1,257.74182,0.024602469,72.41489,
1393282415138718200,1,257.1499,0.8102634,72.32036,
1393282415158890319,1,256.5088,1.9485033,72.266945,
1393282415179001403,1,256.06024,2.891535,72.17426,
1393282415199173522,1,255.91986,3.3101792,72.03635,
1393282415219284606,1,256.10144,3.0852325,71.86707,
1393282415240494323,1,256.42786,2.4815748,71.67711,
1393282415260208678,1,256.65448,1.9453766,71.53118,
1393282415279709411,1,256.81763,1.4995232,71.46936,
1393282415301193786,1,257.0475,1.0258652,71.47516,
1393282415319992614,1,257.34146,0.5962683,71.520325,
1393282415340134216,1,257.78018,0.091654114,71.588455,
1393282415360367370,1,258.2426,-0.42043906,71.640625,
1393282415380417419,1,258.62372,-0.9143779,71.66341,
1393282415402451110,1,258.9247,-1.4479651,71.6278,
1393282415420792175,1,259.05884,-1.8681977,71.55798,
1393282415440842223,1,259.13458,-2.304024,71.50262,
1393282415461166930,1,259.07574,-2.6545744,71.50748,
1393282415481125426,1,258.81714,-2.8875258,71.55839,
1393282415501816344,1,258.3578,-3.0600235,71.65432,
1393282415521408630,1,257.91943,-3.2942185,71.79408,
1393282415542679382,1,257.64465,-3.742374,72.0091,
1393282415562546325,1,257.57248,-4.3379755,72.229485,
1393282415581833434,1,257.59647,-5.063629,72.45542,
1393282415602188659,1,257.61,-5.964456,72.68474,
1393282415622116637,1,257.4874,-6.887713,72.83713,
1393282415642258239,1,257.04614,-7.5678754,72.885895,
1393282415662766051,1,256.1754,-7.650186,72.837944,
1393282415682541442,1,255.01443,-7.039067,72.84623,
1393282415723434997,1,252.40927,-5.5097456,73.12091,
1393282415742996764,1,251.08221,-4.9964633,73.16131,
1393282415763413024,1,249.56064,-4.2436147,73.06822,
1393282415783249450,1,248.05428,-3.0387597,72.95089,
1393282415803391051,1,246.82498,-1.7949427,72.84309,
1393282415823532653,1,246.09824,-1.0870587,72.693436,
1393282415844711852,1,245.68985,-0.89605445,72.44873,
1393282415864670348,1,245.33405,-0.87616706,72.184,
1393282415883957458,1,244.77863,-0.7006244,72.02022,
1393282415905258727,1,243.90173,-0.27190104,72.007225,
1393282415924240661,1,243.07349,0.124454014,72.068245,
1393282415944382262,1,242.32976,0.38401818,72.12953,
1393282415964798522,1,241.73495,0.49806133,72.19335,
1393282415984665466,1,241.32483,0.54672956,72.249664,
1393282416006638122,1,241.0075,0.68635064,72.26102,
1393282416025009704,1,240.85074,0.7661558,72.148315,
1393282416045090270,1,240.91464,0.41625702,71.91148,
1393282416065811706,1,241.156,-0.4184574,71.55178,
1393282416085373473,1,241.28064,-1.1880277,71.16725,
1393282416148056579,1,240.32286,-1.5261694,70.50388,
1393282416166458678,1,239.5878,-1.0577505,70.44492,
1393282416186081481,1,238.61992,-0.46220422,70.32429,
1393282416206497741,1,237.57834,0.06495356,70.15402,
1393282416226364684,1,236.62762,0.46975178,69.98909,
1393282416246506286,1,235.69308,0.92511183,69.79458,
1393282416267166686,1,234.7335,1.5028317,69.52426,
1393282416286789489,1,233.85674,2.1076329,69.15565,
1393282416327072692,1,232.03601,3.3925223,68.155785,
1393282416347214294,1,231.06,3.955165,67.70355,
1393282416367722106,1,229.97882,4.464872,67.471954,
1393282416387497497,1,228.97713,4.8684554,67.34789,
1393282416407669616,1,228.06017,5.2320085,67.21552,
1393282416427780700,1,227.27892,5.566448,67.029175,
1393282416448990417,1,226.60925,5.7853184,66.81122,
1393282416469040466,1,226.07674,5.7343736,66.613014,
1393282416488205505,1,225.57349,5.437187,66.46853,
1393282416509659362,1,225.0715,4.7385793,66.3834,
1393282416528488708,1,224.7508,3.7399907,66.323456,
1393282416548630309,1,224.44287,2.4213264,66.26574,
1393282416569138122,1,224.04057,1.0198265,66.27686,
1393282416588882995,1,223.55705,-0.35214713,66.38496,
1393282416610886169,1,222.98712,-1.9889394,66.5724,
1393282416629257751,1,222.48488,-3.3807445,66.65288,
1393282416649338317,1,221.85239,-4.708763,66.62957,
1393282416670090270,1,221.10873,-5.801784,66.631935,
1393282416689621520,1,220.35036,-6.5826435,66.76586,
1393282416710648132,1,219.44086,-7.1276474,67.09087,
1393282416729904723,1,218.56883,-7.4753833,67.515396,
1393282416751175475,1,217.58325,-7.807944,67.93086,
1393282416770248962,1,216.63219,-8.062453,68.16196,
1393282416790299010,1,215.5683,-8.345984,68.34508,
1393282416810623717,1,214.42052,-8.67019,68.50964,
1393282416830612731,1,213.21127,-8.974082,68.676414,
1393282416850754333,1,211.91304,-9.226478,68.88961,
1393282416871445251,1,210.54324,-9.417171,69.169106,
1393282416890976501,1,209.17543,-9.430751,69.42019,
1393282416913467956,1,207.54608,-9.278035,69.580925,
1393282416931259704,1,206.24492,-9.091089,69.58828,
1393282416951462341,1,204.82759,-8.933095,69.50218,
1393282416972092223,1,203.52011,-8.919164,69.42422,
1393282416991684508,1,202.37079,-9.007508,69.38761,
1393282417011887145,1,201.1619,-9.077844,69.353195,
1393282417032028747,1,199.82625,-9.066461,69.36417,
1393282417053238464,1,198.4074,-9.185988,69.46207,
1393282417072342467,1,197.18787,-9.495656,69.50229,
1393282417092423034,1,195.92105,-9.884124,69.35308,
1393282417113144469,1,194.53752,-10.074659,69.04202,
1393282417132736755,1,193.09521,-9.918729,68.6961,
1393282417152878356,1,191.3691,-9.314964,68.311745,
1393282417173477721,1,189.42702,-8.26293,67.83906,
1393282417193131042,1,187.66345,-7.0846176,67.23472,
1393282417214340758,1,186.14246,-6.0141196,66.42115,
1393282417233444762,1,185.17896,-5.4693475,65.580795,
1393282417253586364,1,184.38013,-5.1319585,64.81737,
1393282417274338317,1,183.28087,-4.4682927,64.39533,
1393282417294365674,1,182.32877,-3.91578,64.092575,
1393282417314598828,1,181.6477,-3.6786182,63.66548,
1393282417334679394,1,181.07097,-3.5841305,63.161224,
1393282417355919629,1,180.50314,-3.5292087,62.432335,
1393282417374993115,1,180.00945,-3.4974341,61.528893,
1393282417395104199,1,179.42023,-3.420051,60.250725,
1393282417415245800,1,178.69324,-3.2219503,58.761936,
1393282417435387402,1,178.45471,-3.6229057,58.23208,
1393282417455529004,1,178.56104,-4.2658563,58.65066,
1393282417476280957,1,178.55353,-4.3123145,58.97568,
1393282417495812207,1,178.43738,-4.0434966,58.995712,
1393282417517754345,1,178.31982,-3.7750547,58.578007,
1393282417536095410,1,177.96918,-3.261757,57.79744,
1393282417556206494,1,177.43317,-2.5171328,56.96428,
1393282417576744824,1,176.82007,-1.7278641,56.35611,
1393282417596520215,1,176.22272,-1.0349969,55.95833,
1393282417616661816,1,175.68579,-0.48223555,55.70651,
1393282417636772900,1,175.26105,-0.061423957,55.59689,
1393282417657982617,1,174.87305,0.3247842,55.49764,
1393282417678063183,1,174.5321,0.6410651,55.345676,
1393282417697228222,1,174.20447,0.9043498,55.1628,
1393282417717980175,1,173.85449,1.1641222,54.96461,
1393282417757653027,1,173.30054,1.6081356,54.556286,
1393282417778191357,1,173.0838,1.8161038,54.291626,
1393282417797936230,1,172.8916,2.0426815,54.0077,
1393282417819084912,1,172.72375,2.272014,53.72653,
1393282417838219433,1,172.62402,2.424891,53.493546,
1393282417858361035,1,172.56647,2.4781766,53.240406,
1393282417879112988,1,172.55432,2.4143512,53.024925,
1393282417898644238,1,172.57916,2.3122582,52.889565,
1393282417918846875,1,172.60876,2.242239,52.763157,
1393282417938927441,1,172.61554,2.2603345,52.578033,
1393282417960167675,1,172.57446,2.404932,52.274113,
1393282417979241162,1,172.53418,2.5552258,51.949223,
1393282418019463330,1,172.47083,2.7264616,51.274284,
