900864929201,3,9.6449,0.087052554,1.7716432,
900875152590,3,9.645325,0.09591274,1.7688737,
900885162355,3,9.645102,0.10347499,1.7696611,
900895202638,3,9.644602,0.11083529,1.7719378,
900905181886,3,9.644362,0.115868606,1.772921,
900925262453,3,9.645419,0.122256845,1.7667309,
900955291750,3,9.646482,0.12956132,1.7603917,
900965301515,3,9.647438,0.13927257,1.7544028,
900975311281,3,9.648288,0.14982261,1.7488544,
900985351564,3,9.648637,0.15989275,1.746037,
900995361330,3,9.648535,0.1694792,1.7456957,
901005371095,3,9.648368,0.17789866,1.7457805,
901015228273,3,9.648177,0.18802463,1.7457728,
901025268556,3,9.648598,0.1978402,1.7423517,
901035247804,3,9.649481,0.20756869,1.7363269,
901045288087,3,9.6503935,0.2162693,1.7301872,
901055297853,3,9.651123,0.22549102,1.7249289,
901065307619,3,9.651691,0.23202977,1.7208757,
901075347902,3,9.652075,0.23919718,1.7177497,
901085357667,3,9.652252,0.24578649,1.7158109,
901095397951,3,9.65238,0.25239158,1.7141298,
901105407716,3,9.652021,0.25897768,1.7151655,
901115417482,3,9.651218,0.26488486,1.7187837,
901125427248,3,9.649968,0.27278674,1.7245611,
901135467531,3,9.64891,0.28050798,1.7292343,
901145477296,3,9.648032,0.2875462,1.7329683,
901155487062,3,9.647095,0.29489043,1.7369577,
901165496828,3,9.646309,0.302825,1.7399504,
901175506593,3,9.645855,0.31012422,1.7411773,
901185546876,3,9.645695,0.3169345,1.7408371,
901195587160,3,9.645684,0.32196257,1.7399709,
901205596925,3,9.645954,0.32669047,1.7375948,
901215606691,3,9.646393,0.3321192,1.7341292,
901225646974,3,9.646309,0.33659196,1.7337282,
901235656740,3,9.645788,0.34195846,1.7355828,
901245666505,3,9.645094,0.34608987,1.738616,
901255706788,3,9.644729,0.35149932,1.7395576,
901265716554,3,9.644694,0.35558075,1.7389152,
901275726320,3,9.645182,0.36100802,1.7350907,
901285736085,3,9.646059,0.3656284,1.7292373,
901295745851,3,9.647063,0.36938775,1.7228187,
901305786134,3,9.647889,0.37315235,1.7173855,
901315765382,3,9.648439,0.37801734,1.7132202,
901325805665,3,9.648751,0.38065323,1.710878,
901335845949,3,9.648829,0.38279784,1.7099609,
901345886232,3,9.648265,0.38262776,1.7131747,
901355865480,3,9.646998,0.38192543,1.7204537,
901365905763,3,9.644809,0.37925768,1.7332723,
901375915529,3,9.6422205,0.37649903,1.7482097,
901385925294,3,9.640097,0.37415102,1.7603842,
901395935060,3,9.638756,0.37295097,1.7679572,
901406158449,3,9.638211,0.37164575,1.7712048,
901416168214,3,9.638463,0.36843437,1.7705004,
901426208498,3,9.638691,0.36620647,1.7697277,
901436218263,3,9.6391325,0.36312866,1.7679532,
901446228029,3,9.639377,0.35976475,1.7673095,
901456085207,3,9.639517,0.35596302,1.767316,
901466064455,3,9.639578,0.35178837,1.7678239,
901476104738,3,9.639001,0.34770402,1.7717712,
901486114504,3,9.638387,0.3426178,1.7760937,
901496124269,3,9.638224,0.33127487,1.7791257,
901506134035,3,9.637288,0.32036242,1.7861826,
901516174318,3,9.635185,0.3116089,1.7990216,
901526184084,3,9.632916,0.30615094,1.8120693,
901536224367,3,9.630268,0.3043848,1.8263837,
901546234132,3,9.6270485,0.31559974,1.8413936,
901556213380,3,9.623381,0.33633158,1.856832,
901566253664,3,9.619002,0.3657497,1.8738755,
901576263429,3,9.614728,0.3978446,1.8892063,
901586303713,3,9.610991,0.42948067,1.9012632,
901596282960,3,9.60823,0.4561004,1.9090059,
901606353761,3,9.606422,0.47997987,1.9122382,
901616333009,3,9.605033,0.4994763,1.9142245,
901626373293,3,9.603616,0.5142004,1.9174417,
901636413576,3,9.602022,0.5255989,1.9223166,
901646423341,3,9.600728,0.5325903,1.9268519,
901656433107,3,9.600232,0.5338348,1.9289795,
901666473390,3,9.601061,0.53174716,1.9254245,
901676452638,3,9.603032,0.52951866,1.9161855,
901686462404,3,9.605516,0.5288,1.903896,
901696502687,3,9.608162,0.52942985,1.8903298,
901706695558,3,9.610061,0.5322715,1.8798487,
901716705324,3,9.610711,0.53408295,1.876002,
901726776125,3,9.610722,0.5366498,1.8752222,
901736785890,3,9.610243,0.5353025,1.8780549,
901746795656,3,9.610072,0.53288084,1.8796085,
901756805421,3,9.610066,0.52971244,1.8805414,
901766815187,3,9.610242,0.52750385,1.8802667,
901776855470,3,9.610963,0.5245561,1.8774002,
901786682130,3,9.611399,0.5231147,1.87557,
901796875001,3,9.611726,0.5231801,1.8738755,
901806915285,3,9.611815,0.5242413,1.8731256,
901816955568,3,9.611981,0.5254083,1.8719373,
901826751710,3,9.611909,0.52777064,1.8716456,
901836791994,3,9.611656,0.5307546,1.8721062,
901846801759,3,9.61157,0.53403264,1.8716029,
901856842042,3,9.611576,0.5366066,1.8708401,
901866851808,3,9.611258,0.5393366,1.8716975,
901876861574,3,9.6112995,0.5399983,1.8712872,
901886871339,3,9.611203,0.53903705,1.8720587,
901896911622,3,9.611083,0.5363442,1.8734499,
901906921388,3,9.611293,0.53438807,1.8729367,
901917114259,3,9.611233,0.53368163,1.8734447,
901927124025,3,9.611044,0.5336074,1.874432,
901937164308,3,9.610643,0.5359373,1.8758185,
901947143556,3,9.6103115,0.537268,1.8771342,
901957214357,3,9.609767,0.5404682,1.8790059,
901967193605,3,9.608819,0.54518443,1.8824861,
901977203371,3,9.607438,0.5481097,1.8886808,
901987243654,3,9.6066265,0.55238724,1.891559,
901997070314,3,9.606714,0.5551187,1.8903152,
902007141115,3,9.606899,0.55860245,1.8883424,
902017120363,3,9.607492,0.5612439,1.8845437,
902027130128,3,9.608451,0.56184214,1.8794647,
902037353517,3,9.609122,0.5614274,1.8761575,
902047363283,3,9.610285,0.55943775,1.8707839,
902057373048,3,9.611542,0.5571572,1.8649995,
902067382814,3,9.612444,0.5578233,1.8601533,
902077392579,3,9.613113,0.55902153,1.8563211,
902087432863,3,9.613536,0.56105715,1.8535236,
902097442628,3,9.613751,0.56496173,1.8512166,
902107452394,3,9.614212,0.5704168,1.8471477,
902117462160,3,9.614687,0.57842356,1.8421798,
902127502443,3,9.615073,0.5871014,1.8374095,
902137542726,3,9.615233,0.5961235,1.8336662,
902147552492,3,9.615458,0.60500443,1.8295676,
902157562257,3,9.61541,0.6123028,1.8273972,
902167602541,3,9.615084,0.6185361,1.8270155,
902177612306,3,9.614667,0.62282413,1.8277462,
902187622072,3,9.614627,0.6266288,1.8266613,
902197631837,3,9.614839,0.6313547,1.8239088,
902207641603,3,9.614986,0.6363275,1.8214117,
902217651368,3,9.615442,0.64191437,1.8170366,
902227691652,3,9.616179,0.64615476,1.811621,
902237701417,3,9.617049,0.6501158,1.8055736,
902247741701,3,9.617983,0.6486279,1.8011359,
902257568361,3,9.618996,0.64236414,1.7979678,
902267578127,3,9.62001,0.6315373,1.7963755,
902277618410,3,9.620441,0.62070554,1.7978345,
902287628175,3,9.620515,0.6113365,1.8006536,
902297637941,3,9.620616,0.60561496,1.8020453,
902307678224,3,9.620537,0.60250705,1.803509,
902317871095,3,9.620825,0.60000616,1.802807,
902327880861,3,9.621233,0.60047436,1.8004695,
902337921144,3,9.621399,0.6025141,1.7989006,
902347930910,3,9.621925,0.6062676,1.7948207,
902357940675,3,9.622547,0.6073469,1.7911241,
902367950441,3,9.6235285,0.6051406,1.7865894,
902377990724,3,9.625051,0.6007076,1.7798738,
902387817384,3,9.626132,0.5960396,1.7755835,
902397827150,3,9.62734,0.5905673,1.7708565,
902407867433,3,9.627957,0.58459294,1.7694834,
902418029787,3,9.628395,0.5793424,1.7688276,
902428070070,3,9.628539,0.57524586,1.7693864,
902438079836,3,9.628337,0.5729814,1.77122,
902448089601,3,9.628102,0.5714862,1.7729783,
902458129884,3,9.627915,0.57012045,1.7744291,
902468139650,3,9.627424,0.5704913,1.776977,
902478179933,3,9.627281,0.5698393,1.7779543,
902488189699,3,9.627118,0.5680039,1.7794349,
902498199464,3,9.6269655,0.566445,1.7807547,
902508209230,3,9.626768,0.5630658,1.7828894,
902518249513,3,9.626627,0.56042147,1.784481,
902528259279,3,9.626519,0.5581696,1.7857705,
902538269044,3,9.626579,0.55669254,1.7859073,
902548278810,3,9.626705,0.55504537,1.7857419,
902558319093,3,9.626691,0.5539564,1.7861593,
902568328859,3,9.626694,0.5534674,1.7862914,
902578369142,3,9.62668,0.5532158,1.7864474,
902588195802,3,9.62723,0.55402213,1.7832332,
902598205568,3,9.627787,0.55314386,1.7804935,
902608215333,3,9.628124,0.5516788,1.7791221,
902618255617,3,9.628513,0.5498092,1.7775866,
902628265382,3,9.628856,0.548136,1.7762469,
902638275148,3,9.6289015,0.54850423,1.7758904,
902648468019,3,9.629128,0.54997605,1.7742028,
902658508302,3,9.629264,0.5510621,1.7731338,
902668518068,3,9.629614,0.5520619,1.7709167,
902678527833,3,9.630107,0.5528458,1.7679952,
902688568117,3,9.630591,0.5526979,1.765397,
902698577882,3,9.630909,0.5531828,1.763509,
902708618165,3,9.631117,0.5537176,1.7622067,
902718627931,3,9.631252,0.55511636,1.7610253,
902728637697,3,9.631286,0.556312,1.7604607,
902738647462,3,9.630993,0.55946404,1.7610744,
902748687745,3,9.6303625,0.56134266,1.7639147,
902758697511,3,9.629867,0.5634417,1.7659564,
902768737794,3,9.629201,0.5683055,1.7680327,
902778747560,3,9.628941,0.5722648,1.7681735,
902788757325,3,9.628615,0.5760788,1.7686925,
902798797609,3,9.628474,0.57888246,1.7685505,
902808807374,3,9.628414,0.579884,1.7685435,
902818817140,3,9.628389,0.5795336,1.7688066,
902828826906,3,9.628314,0.57880205,1.7694536,
902838836671,3,9.628187,0.57889676,1.7701118,
902848876955,3,9.628044,0.5780527,1.7711592,
902858886720,3,9.62772,0.5797379,1.7723675,
902868896486,3,9.62713,0.5805518,1.7753164,
902878936769,3,9.626573,0.5827432,1.7776111,
902888946535,3,9.626115,0.58433574,1.779571,
902898986818,3,9.626117,0.5863438,1.7788994,
902908996584,3,9.626413,0.5880296,1.7767333,
902919006349,3,9.627072,0.59041506,1.7723686,
902929016115,3,9.627739,0.59163785,1.7683365,
902939025880,3,9.628575,0.5911127,1.7639468,
902949127199,3,9.629276,0.5903148,1.7603894,
902959075929,3,9.629955,0.58993953,1.7567952,
902969116213,3,9.630271,0.5905548,1.7548616,
902979125978,3,9.630348,0.59271866,1.7537025,
902989135744,3,9.630142,0.59524643,1.7539796,
902999145509,3,9.629984,0.5973446,1.754135,
903009185793,3,9.630193,0.5993559,1.7523061,
903019195558,3,9.630321,0.60153764,1.7508553,
903029205324,3,9.630504,0.6024854,1.7495155,
903039215090,3,9.630853,0.60315907,1.7473581,
903049255373,3,9.631161,0.6024448,1.7459114,
903059265138,3,9.631288,0.60232675,1.7452468,
903069305421,3,9.631323,0.6009525,1.745528,
903079315187,3,9.630913,0.6014657,1.7476141,
903089324953,3,9.631054,0.60247433,1.746486,
903099365236,3,9.631299,0.602951,1.7449715,
903109375001,3,9.63157,0.6034823,1.7432985,
903119384767,3,9.631707,0.60473263,1.7420986,
903129394533,3,9.631804,0.6055758,1.7412603,
903139404298,3,9.631841,0.6067875,1.7406436,
903149414064,3,9.6323595,0.60878396,1.7370763,
903159454347,3,9.632927,0.61007017,1.7334775,
903169464113,3,9.63327,0.61051005,1.731407,
903179504396,3,9.633514,0.61217594,1.72946,
903189514162,3,9.633761,0.6149731,1.7270927,
903199523927,3,9.634041,0.6163383,1.7250515,
903209533693,3,9.634567,0.6171578,1.7218057,
903219573976,3,9.6349,0.6184245,1.7194846,
903229583742,3,9.63531,0.6194728,1.7168057,
903239593507,3,9.635751,0.61819154,1.7147985,
903249633790,3,9.636088,0.617301,1.7132208,
903259643556,3,9.636352,0.6165005,1.712033,
903269683839,3,9.636605,0.61585844,1.7108266,
903279693605,3,9.636641,0.61467826,1.711061,
903289520265,3,9.636581,0.6111869,1.712641,
903299530031,3,9.636213,0.60734224,1.7160785,
903309539796,3,9.636141,0.60358196,1.7178081,
903319549562,3,9.636183,0.59996146,1.7188387,
903329772951,3,9.636504,0.59630704,1.7183126,
903339782716,3,9.636861,0.5934762,1.7172931,
903349822999,3,9.637475,0.5914239,1.7145565,
903359649660,3,9.637621,0.5931246,1.7131454,
903369659425,3,9.637125,0.5965575,1.7147417,
903379669191,3,9.636168,0.600679,1.7186803,
903389678956,3,9.6352825,0.60641223,1.7216233,
903399688722,3,9.635069,0.6108181,1.7212665,
903409729005,3,9.635462,0.61396134,1.7179408,
903419708253,3,9.636245,0.6169912,1.7124481,
903429779054,3,9.637229,0.6179612,1.7065591,
903439788820,3,9.638488,0.61791444,1.699456,
903449798585,3,9.639333,0.61878455,1.6943393,
903459838868,3,9.639929,0.6191992,1.690786,
903470031740,3,9.640351,0.61865944,1.6885724,
903480072023,3,9.640541,0.6164748,1.6882921,
903490081788,3,9.640767,0.6146043,1.6876811,
903499938966,3,9.6413355,0.61106706,1.68572,
903509948732,3,9.642283,0.6058926,1.6821597,
903519958498,3,9.643585,0.5987138,1.6772604,
903529968263,3,9.645409,0.5915096,1.6693075,
903539978029,3,9.647897,0.5863155,1.6567148,
903549987794,3,9.650788,0.58265495,1.6410935,
903560028078,3,9.653812,0.58234805,1.623319,
903570037843,3,9.656813,0.5818065,1.6055744,
903580078127,3,9.659291,0.5806506,1.5910143,
903590087892,3,9.661608,0.5782313,1.5777807,
903600097658,3,9.663429,0.5751456,1.567717,
903610137941,3,9.665049,0.5716604,1.5589819,
903620147707,3,9.666217,0.56863576,1.5528382,
903630157472,3,9.666844,0.56758595,1.5493089,
903640167238,3,9.666854,0.5665178,1.5496488,
903650177004,3,9.666275,0.5663246,1.5533158,
903660217287,3,9.665378,0.5653969,1.5592271,
903670227052,3,9.663999,0.56507254,1.567871,
903680236818,3,9.662161,0.5633964,1.5797552,
903690277101,3,9.66008,0.5607167,1.5933714,
903700286867,3,9.65771,0.55682373,1.6090277,
903710296632,3,9.65546,0.55232877,1.6240138,
903720336916,3,9.653416,0.54761636,1.6376985,
903730346681,3,9.65179,0.54298985,1.6487933,
903740356447,3,9.650909,0.5396029,1.6550407,
903750366213,3,9.650601,0.53765434,1.6574686,
903760375978,3,9.65076,0.5370438,1.6567572,
903770416261,3,9.651308,0.5372829,1.6534736,
903780639650,3,9.651974,0.5397683,1.6487726,
903790618898,3,9.65308,0.54376084,1.6409622,
903800659181,3,9.65408,0.5476672,1.6337706,
903810699464,3,9.65524,0.5516817,1.6255381,
903820709230,3,9.656968,0.55152214,1.6152993,
903830718996,3,9.659107,0.55144817,1.6024802,
903840728761,3,9.661119,0.5500126,1.5908009,
903850769044,3,9.6633625,0.5478756,1.5778619,
903860809328,3,9.665264,0.5474398,1.5663232,
903870635988,3,9.66726,0.54613924,1.5544264,
903880645753,3,9.668823,0.5465201,1.5445366,
903890655519,3,9.670117,0.54702103,1.5362264,
903900695802,3,9.671374,0.55008274,1.5271926,
903910705568,3,9.672632,0.55524147,1.5173303,
903920898439,3,9.673995,0.5623685,1.5059701,
903930908205,3,9.675369,0.56802756,1.4949846,
903940917970,3,9.677484,0.57178193,1.4797806,
903950744630,3,9.680109,0.57274204,1.4621292,
903960784913,3,9.682996,0.5762749,1.4414939,
903970794679,3,9.685963,0.576751,1.4212226,
903980804445,3,9.688652,0.5774267,1.4024873,
903990814210,3,9.691165,0.5787801,1.3844664,
904000854494,3,9.693367,0.58034927,1.368286,
904010864259,3,9.695715,0.58127606,1.3511513,
904020874025,3,9.698122,0.58251435,1.3332301,
904030883790,3,9.700851,0.5836036,1.3127342,
904040893556,3,9.70374,0.58671093,1.2897964,
904050903322,3,9.70637,0.5926593,1.2670875,
904060943605,3,9.708471,0.5991498,1.2477924,
904070953371,3,9.710572,0.6027368,1.2295816,
904080993654,3,9.711633,0.60716045,1.2189891,
904091033937,3,9.71211,0.6150965,1.2111913,
904101013185,3,9.711591,0.6263985,1.209564,
904111022951,3,9.710081,0.6397332,1.2146759,
904121063234,3,9.707599,0.6512886,1.2283181,
904131072999,3,9.704471,0.65695846,1.2498142,
904141113283,3,9.703162,0.65178955,1.262617,
904151123048,3,9.70345,0.6384475,1.2672143,
904161163331,3,9.705128,0.6202318,1.2634064,
904171173097,3,9.706512,0.60750616,1.2589421,
904181182863,3,9.706505,0.6059455,1.2597432,
904191192628,3,9.704724,0.61532795,1.2688895,
904201202394,3,9.701053,0.6306556,1.2892898,
904211242677,3,9.695772,0.6499173,1.3190947,
904221252443,3,9.690262,0.663255,1.3525273,
904231292726,3,9.684444,0.6722125,1.3892665,
904241302492,3,9.677573,0.67919457,1.4330668,
904251312257,3,9.669016,0.69110185,1.4842128,
904261322023,3,9.658649,0.7107655,1.5413244,
904271362306,3,9.647545,0.7366221,1.5977064,
904281372072,3,9.636674,0.7680565,1.6477225,
904291381837,3,9.626776,0.7993197,1.6901702,
904301422121,3,9.618873,0.8284788,1.7208498,
904311431886,3,9.613015,0.84934366,1.7432559,
904321441652,3,9.608857,0.863506,1.7591487,
904331481935,3,9.606027,0.8693045,1.7717162,
904341491701,3,9.603803,0.86858785,1.7840745,
904351531984,3,9.601632,0.8637191,1.7980695,
904361511232,3,9.599321,0.85510087,1.8144433,
904371551515,3,9.596696,0.8445783,1.833175,
904381561281,3,9.594488,0.8337562,1.8496003,
904391601564,3,9.593359,0.8206255,1.8612957,
904401611330,3,9.5935955,0.8072461,1.8659198,
904411621095,3,9.594839,0.79507285,1.8647575,
904421661378,3,9.597204,0.78506,1.8568119,
904431671144,3,9.600615,0.7741601,1.8437072,
904441680910,3,9.604747,0.76704615,1.8250741,
904451690675,3,9.609373,0.7596622,1.8036765,
904461730959,3,9.614469,0.7539178,1.77877,
904471740724,3,9.620261,0.7443933,1.7512419,
904481750490,3,9.62596,0.7354267,1.7234985,
904491790773,3,9.631578,0.72875124,1.6946964,
904501800539,3,9.636591,0.7271166,1.666683,
904511779787,3,9.640966,0.7315791,1.6391999,
904521820070,3,9.644274,0.73987937,1.6158423,
904531829836,3,9.647022,0.7492764,1.5949782,
904541870119,3,9.648914,0.7600579,1.578338,
904551879884,3,9.650455,0.770978,1.5635531,
904561889650,3,9.651906,0.78002167,1.5500536,
904571899416,3,9.653763,0.784699,1.5360715,
904581970216,3,9.656429,0.7850909,1.5190148,
904591949464,3,9.660521,0.7802549,1.4953122,
904601989748,3,9.666061,0.7720406,1.4634292,
904611999513,3,9.672517,0.76071084,1.4262296,
904622009279,3,9.679638,0.7467007,1.3847098,
904632049562,3,9.686709,0.7298814,1.3436378,
904642059328,3,9.6934595,0.7078189,1.306234,
904652069093,3,9.699446,0.6856725,1.2731942,
904662078859,3,9.703914,0.66931176,1.2475886,
904672119142,3,9.70687,0.65959966,1.2296333,
904682098390,3,9.708274,0.65752137,1.219631,
904692138673,3,9.7086315,0.66129446,1.2147262,
904702148439,3,9.708138,0.6721517,1.2126944,
904712188722,3,9.708018,0.68440586,1.2068037,
904722198488,3,9.708855,0.69713795,1.192707,
904732208253,3,9.710952,0.7061483,1.1701185,
904742248537,3,9.713827,0.7117317,1.1425372,
904752258302,3,9.716565,0.71708184,1.115601,
904762268068,3,9.718385,0.72655106,1.0934011,
904772277833,3,9.718967,0.7398516,1.0792162,
904782318117,3,9.717665,0.75921535,1.0774887,
904792358400,3,9.7144375,0.7821645,1.0901129,
904802368165,3,9.710494,0.8006834,1.1115876,
904812377931,3,9.706716,0.81330377,1.1351739,
904822418214,3,9.703216,0.81984663,1.1601187,
904832427980,3,9.700425,0.81806034,1.1844498,
904842437745,3,9.698258,0.81170976,1.2063638,
904852447511,3,9.696767,0.8011548,1.2252581,
904862457277,3,9.695687,0.7896467,1.2411727,
904872467042,3,9.695003,0.7765999,1.2546684,
904882507325,3,9.694359,0.7635978,1.2675741,
904892547609,3,9.69342,0.75044954,1.28251,
904902557374,3,9.691862,0.73890555,1.3008527,
904912567140,3,9.689427,0.73150283,1.3229914,
904922576906,3,9.686565,0.7271958,1.3461206,
904932617189,3,9.6837435,0.7221493,1.3689436,
904942626955,3,9.681333,0.7184987,1.387795,
904952667238,3,9.679414,0.7133909,1.403717,
904962677004,3,9.677873,0.7077347,1.4171426,
904972686769,3,9.676832,0.7000226,1.4280359,
904982696535,3,9.675599,0.6945526,1.4390163,
904992736818,3,9.67416,0.6895953,1.4510157,
905002746584,3,9.672883,0.68498045,1.4616873,
905012756349,3,9.672092,0.68087596,1.468819,
905022766115,3,9.6719265,0.6760361,1.4721395,
905032836916,3,9.672156,0.6702476,1.4732796,
905042999269,3,9.672637,0.6671517,1.4715186,
905053039552,3,9.673294,0.66531044,1.4680334,
905063049318,3,9.6740675,0.66556495,1.4628242,
905073059084,3,9.674869,0.66606915,1.4572812,
905083068849,3,9.675852,0.6651567,1.4511613,
905093078615,3,9.6769905,0.6632105,1.444441,
905102905275,3,9.678539,0.65861416,1.43614,
905112945558,3,9.680356,0.6526178,1.4266087,
905122955324,3,9.681922,0.6480457,1.418032,
905132995607,3,9.683111,0.6465414,1.4105814,
905143005373,3,9.683095,0.6469234,1.4105107,
905153228761,3,9.682331,0.6507669,1.4139936,
905163055421,3,9.681053,0.6562974,1.420174,
905173248293,3,9.679998,0.6626219,1.4244112,
905183258058,3,9.680002,0.66488343,1.4233456,
905193115236,3,9.680966,0.66362816,1.4173595,
905203125002,3,9.682991,0.65835404,1.4059294,
905213104250,3,9.686152,0.6499638,1.3879493,
905223144533,3,9.689393,0.63831866,1.3706197,
905233154298,3,9.692563,0.6270853,1.3532897,
905243194582,3,9.695014,0.6154133,1.3410338,
905253234865,3,9.696604,0.60453653,1.3344635,
905263214113,3,9.697562,0.59541094,1.3316034,
905273223878,3,9.697804,0.58650196,1.3337837,
905283294679,3,9.69776,0.578935,1.3374135,
905293304445,3,9.698519,0.57075495,1.3354309,
905303314210,3,9.700586,0.55839086,1.32561,
905313293459,3,9.703572,0.5404881,1.3110987,
905323333742,3,9.70743,0.51791215,1.291506,
905333343507,3,9.711221,0.49151278,1.2731918,
905343353273,3,9.714634,0.4674565,1.2560897,
905353393556,3,9.716331,0.44940177,1.2495401,
905363433839,3,9.716115,0.43546122,1.2561437,
905373443605,3,9.713807,0.42570496,1.2771467,
905383453371,3,9.710512,0.4139321,1.3057541,
905393463136,3,9.70716,0.40154988,1.3342454,
905403503419,3,9.705259,0.38728756,1.3521584,
905413513185,3,9.705043,0.36988866,1.3585736,
905423553468,3,9.706358,0.35048926,1.3543173,
905433746339,3,9.707809,0.33695993,1.3473219,
905443786622,3,9.708282,0.33121437,1.3453499,
905453582765,3,9.707237,0.33340487,1.3523297,
905463592531,3,9.704271,0.34112084,1.3715518,
905473632814,3,9.699537,0.35190293,1.4019679,
905483642579,3,9.693752,0.36354867,1.4385428,
905493652345,3,9.687651,0.37323067,1.4766636,
905503662111,3,9.681906,0.37996876,1.5121952,
905513732912,3,9.676867,0.3811258,1.5438287,
905523712160,3,9.673803,0.37730595,1.5638232,
905533721925,3,9.671736,0.3721239,1.5777982,
905543731691,3,9.669958,0.36940965,1.5892855,
905553771974,3,9.668454,0.3691317,1.598478,
905563781740,3,9.666176,0.37339786,1.6112142,
905573791505,3,9.663569,0.3804662,1.6251384,
905583831788,3,9.66013,0.3906436,1.643075,
905593841554,3,9.656456,0.4027312,1.6616371,
905603851320,3,9.6535845,0.41647944,1.6748865,
905613891603,3,9.651745,0.43008828,1.6820389,
905623901368,3,9.651161,0.44332743,1.6819433,
905633941652,3,9.6514635,0.45620298,1.6767598,
905643951417,3,9.652773,0.46694678,1.6662338,
905653961183,3,9.654545,0.473321,1.6541178,
905663970949,3,9.656339,0.477135,1.6425197,
905673980714,3,9.658274,0.47828183,1.6307629,
905683990480,3,9.659986,0.47807053,1.6206516,
905694030763,3,9.661167,0.4775728,1.6137393,
905704071047,3,9.661807,0.47742286,1.6099577,
905714111330,3,9.661298,0.4787708,1.6126106,
905724121095,3,9.660414,0.47801295,1.6181145,
905734344484,3,9.659659,0.47678077,1.6229762,
905744171144,3,9.659601,0.4747329,1.6239226,
905754180910,3,9.661043,0.46977997,1.6167753,
905764190675,3,9.664528,0.46234748,1.597973,
905774200441,3,9.669835,0.45231152,1.5684786,
905784210207,3,9.676071,0.44371933,1.532045,
905794250490,3,9.682294,0.43629065,1.4944001,
905804260255,3,9.687612,0.43144935,1.4609771,
905814270021,3,9.691659,0.42913932,1.434567,
905824249269,3,9.6941395,0.42807725,1.4180264,
905834289552,3,9.695296,0.42821577,1.4100595,
905844512941,3,9.695463,0.43209553,1.4077144,
905854370119,3,9.694413,0.44005352,1.412477,
905864379884,3,9.692863,0.44993046,1.4199823,
905874389650,3,9.6913395,0.46337008,1.4260598,
905884399416,3,9.690735,0.47849897,1.4251696,
905894409181,3,9.691028,0.49164253,1.4186916,
905904449464,3,9.692153,0.50317925,1.406901,
905914489748,3,9.693944,0.5102622,1.3919331,
905924499513,3,9.695818,0.51329994,1.3776919,
905934509279,3,9.696909,0.5141303,1.3696859,
905944519044,3,9.696979,0.51021427,1.3706536,
905954559328,3,9.695792,0.50106883,1.38237,
905964569093,3,9.694378,0.4847332,1.3980323,
905974578859,3,9.692849,0.4616776,1.4163039,
905984588625,3,9.691979,0.43668872,1.4301106,
905994598390,3,9.691541,0.41715166,1.4388942,
906004608156,3,9.691624,0.40540862,1.4416928,
906014617921,3,9.6920595,0.4051926,1.4388188,
906024688722,3,9.692236,0.416784,1.4343028,
906034667970,3,9.691793,0.4411118,1.430025,
906044677736,3,9.690468,0.47180358,1.4292092,
906054718019,3,9.687522,0.50581837,1.4375217,
906064758302,3,9.68318,0.5398279,1.4543095,
906074768068,3,9.677836,0.5724322,1.4772186,
906084777833,3,9.671644,0.6082567,1.5032367,
906094787599,3,9.664947,0.6436954,1.5312881,
906104797365,3,9.658633,0.6756822,1.5571287,
906114837648,3,9.653345,0.70243984,1.5779485,
906124847413,3,9.64999,0.7198431,1.5905683,
906134918214,3,9.648886,0.7268919,1.594064,
906144897462,3,9.649532,0.72363025,1.591636,
906154907228,3,9.650886,0.7139938,1.5877707,
906164916994,3,9.6522255,0.70137423,1.5852474,
906174957277,3,9.65299,0.68941,1.5858412,
906184967042,3,9.653583,0.67688364,1.5876231,
906195007325,3,9.653857,0.66434044,1.5912591,
906205017091,3,9.654074,0.65229046,1.5949283,
906215057374,3,9.653685,0.6431863,1.6009631,
906225067140,3,9.6528635,0.6378093,1.6080469,
906235076906,3,9.651817,0.63501436,1.6154215,
906245086671,3,9.65066,0.63276047,1.6231942,
906255126955,3,9.649965,0.630916,1.6280361,
906265136720,3,9.649767,0.62815326,1.6302868,
906275329591,3,9.649758,0.62555766,1.6313305,
906285186769,3,9.650007,0.6230016,1.6308354,
906295379640,3,9.649981,0.62072104,1.6318583,
906305206300,3,9.649864,0.6180042,1.6335868,
906315216066,3,9.650048,0.6155045,1.6334327,
906325256349,3,9.650746,0.6116516,1.6307632,
906335266115,3,9.652556,0.60610247,1.6220962,
906345275880,3,9.654919,0.60050976,1.6100717,
906355285646,3,9.657813,0.59539986,1.5945345,
906365295412,3,9.660417,0.5936808,1.579332,
906375335695,3,9.661864,0.5965435,1.5693636,
906385345460,3,9.662155,0.6004101,1.5660969,
906395568849,3,9.661137,0.60614395,1.5701617,
906405364992,3,9.658929,0.6115137,1.5816265,
906415435793,3,9.656428,0.61547,1.5952947,
906425445558,3,9.654416,0.6171511,1.6067896,
906435455324,3,9.65339,0.6165268,1.6131866,
906445465090,3,9.653491,0.6084399,1.6156454,
906465484621,3,9.653693,0.5956921,1.6191847,
906475524904,3,9.653703,0.57457477,1.6267428,
906485534670,3,9.653357,0.54452306,1.6390795,
906495544435,3,9.651596,0.51139736,1.6599779,
906505584718,3,9.649131,0.47558427,1.6847742,
906515594484,3,9.646717,0.43745267,1.7087767,
906525604250,3,9.645713,0.3977657,1.7240602,
906535614015,3,9.64652,0.36079177,1.7276843,
906545623781,3,9.64916,0.3290078,1.7192621,
906555633547,3,9.652071,0.305446,1.7072287,
906565856935,3,9.6527405,0.291824,1.7058266,
906575683595,3,9.651138,0.28696314,1.7156984,
906585723878,3,9.646433,0.291352,1.7412232,
906595733644,3,9.63869,0.30382368,1.781495,
906605773927,3,9.629631,0.3193173,1.827205,
906615783693,3,9.620735,0.33513066,1.8707062,
906625823976,3,9.6126175,0.35087797,1.9091526,
906635803224,3,9.606296,0.36250293,1.9385766,
906645843507,3,9.601943,0.37075463,1.9584707,
906655853273,3,9.598966,0.37681788,1.9718657,
906665863039,3,9.597376,0.38096303,1.9788016,
906675903322,3,9.596086,0.3832491,1.984607,
906685882570,3,9.594703,0.38449675,1.9910432,
906695922853,3,9.593075,0.38500908,1.9987607,
906705932619,3,9.591266,0.38639995,2.0071614,
906715942384,3,9.589479,0.3912889,2.014735,
906725982667,3,9.587825,0.3970546,2.0214696,
906736022951,3,9.586617,0.40590107,2.0254343,
906746063234,3,9.586534,0.4173168,2.0235157,
906756042482,3,9.587805,0.42818654,2.0152028,
906766052248,3,9.590272,0.43964523,2.0009444,
906776062013,3,9.593067,0.44935063,1.9853293,
906786102296,3,9.595601,0.4593714,1.970739,
906796112062,3,9.598073,0.4675243,1.9567282,
906806152345,3,9.600675,0.4758689,1.9419056,
906816131593,3,9.603101,0.4824521,1.9282311,
906826171876,3,9.605368,0.48780572,1.9155531,
906836212160,3,9.607377,0.49186057,1.9044071,
906846252443,3,9.60993,0.49323332,1.8911297,
906856231691,3,9.6129465,0.49333912,1.8757104,
906866241456,3,9.615969,0.49485448,1.8597497,
906876281740,3,9.619258,0.49871877,1.8416201,
906886291505,3,9.622651,0.50594693,1.8218092,
906896301271,3,9.626084,0.51059276,1.8022718,
906906341554,3,9.6298275,0.5111691,1.7820094,
906916351320,3,9.634414,0.5024328,1.7595518,
906926361085,3,9.639761,0.48240593,1.7357016,
906936401368,3,9.6455965,0.45891634,1.7094594,
906946411134,3,9.650988,0.43366382,1.6854566,
906956420900,3,9.654271,0.41396892,1.6715531,
906966461183,3,9.655557,0.40021542,1.6674619,
906976470949,3,9.655426,0.38898763,1.6708734,
906986480714,3,9.6548,0.37938568,1.6766844,
906996490480,3,9.655043,0.36945203,1.6775112,
907006530763,3,9.656866,0.36045012,1.6689568,
907016540529,3,9.659969,0.35134646,1.6528628,
907026550294,3,9.665053,0.34355888,1.624533,
907036560060,3,9.670407,0.34147245,1.5928023,
907046600343,3,9.674466,0.34572572,1.5670238,
907056640627,3,9.6769905,0.3499448,1.5504204,
907066650392,3,9.67783,0.349367,1.5453079,
907076660158,3,9.678372,0.34271133,1.5433877,
907086669923,3,9.678783,0.33037353,1.5434979,
907096679689,3,9.679217,0.31534898,1.5439208,
907106689455,3,9.679838,0.30420157,1.5422727,
907116729738,3,9.68097,0.30185908,1.535613,
907126739504,3,9.68236,0.3042907,1.5263407,
907136749269,3,9.683486,0.31310442,1.5173919,
907146789552,3,9.683674,0.32644904,1.513374,
907156829836,3,9.682457,0.34509853,1.5170156,
907166839601,3,9.680034,0.36847326,1.5269471,
907176849367,3,9.676796,0.39477178,1.5408237,
907186859132,3,9.672823,0.42424598,1.5578526,
907196868898,3,9.668402,0.45516545,1.5764562,
907206878664,3,9.663673,0.4871049,1.5957932,
907216918947,3,9.659165,0.51774377,1.6133394,
907226928713,3,9.654941,0.54488283,1.6296067,
907236938478,3,9.651421,0.5664017,1.6430653,
907246978761,3,9.648861,0.5803186,1.6532133,
907257019044,3,9.64713,0.5884841,1.6604134,
907267028810,3,9.645927,0.5918883,1.666182,
907277038576,3,9.645088,0.59176177,1.6710727,
907287078859,3,9.644679,0.5899229,1.674079,
907297088625,3,9.644432,0.58886516,1.6758757,
907307098390,3,9.6446495,0.5896137,1.6743642,
907317108156,3,9.645307,0.59104663,1.6700709,
907327148439,3,9.646258,0.5904177,1.6647826,
907337127687,3,9.647851,0.5878271,1.6564462,
907347167970,3,9.64971,0.5833517,1.6471763,
907357177736,3,9.651977,0.5783666,1.6356091,
907367218019,3,9.654224,0.5741268,1.6238,
907377227785,3,9.656444,0.5712781,1.6115649,
907387237550,3,9.658688,0.56951135,1.5986867,
907397247316,3,9.660866,0.5705039,1.5851194,
907407257082,3,9.663269,0.5723051,1.5697441,
907417266847,3,9.666032,0.57371116,1.5521208,
907427307130,3,9.669195,0.57449824,1.5319957,
907437316896,3,9.672659,0.574144,1.5101088,
907447326662,3,9.67656,0.5725319,1.4855162,
907457366945,3,9.680357,0.569934,1.4615911,
907467376710,3,9.683846,0.5706255,1.4380127,
907477386476,3,9.686583,0.5741922,1.4180291,
907487396242,3,9.688142,0.57944477,1.4051918,
907497436525,3,9.6882515,0.58641577,1.4015356,
907507446290,3,9.687098,0.59686786,1.4050895,
907517456056,3,9.685184,0.6089377,1.4130858,
907527496339,3,9.683531,0.6203066,1.4194559,
907537506105,3,9.682212,0.6273665,1.4253321,
907547576906,3,9.681731,0.6293255,1.4277363,
907557556154,3,9.682056,0.6248992,1.427475,
907567565919,3,9.682832,0.61217767,1.4277246,
907577606202,3,9.683581,0.5963743,1.4293419,
907587615968,3,9.683439,0.5780232,1.4378175,
907597625734,3,9.682343,0.55775255,1.453118,
907607666017,3,9.681888,0.53618693,1.4642239,
907617645265,3,9.682694,0.5124562,1.4673855,
907627685548,3,9.68511,0.49050418,1.4589199,
907637695314,3,9.688004,0.47525224,1.4446892,
907647735597,3,9.690016,0.4681164,1.433481,
907657745363,3,9.689444,0.46901482,1.4370552,
907667755128,3,9.685777,0.48024523,1.4579186,
907677764894,3,9.679896,0.49871555,1.4903994,
907687805177,3,9.671855,0.5190689,1.5349872,
907697814943,3,9.66293,0.54056877,1.5830227,
907707855226,3,9.654364,0.5566484,1.629052,
907717864992,3,9.647511,0.5653268,1.6662346,
907727874757,3,9.6424,0.56851566,1.6945003,
907737915041,3,9.63947,0.56284285,1.7129514,
907747924806,3,9.637678,0.5523498,1.7264094,
907757934572,3,9.636138,0.54043055,1.7387235,
907767974855,3,9.634137,0.5308423,1.7527199,
907777954103,3,9.631808,0.52481973,1.7672698,
907787994386,3,9.628122,0.52271014,1.7878567,
907798004152,3,9.624104,0.52624565,1.8083395,
907808013917,3,9.619781,0.5356296,1.8284687,
907818054201,3,9.61573,0.5488681,1.8457717,
907828063966,3,9.613052,0.56457245,1.8549603,
907838073732,3,9.612209,0.5803835,1.8544471,
907848083498,3,9.613001,0.5958128,1.8454326,
907858123781,3,9.614995,0.61211777,1.829643,
907868103029,3,9.617611,0.6276003,1.8105502,
907878143312,3,9.6195545,0.6424597,1.7949393,
907888153078,3,9.620987,0.65576196,1.7824078,
907898162843,3,9.621739,0.6678034,1.7738591,
907908172609,3,9.62174,0.6796675,1.7693402,
907918243410,3,9.621411,0.69046444,1.7669448,
907928253175,3,9.621317,0.70040894,1.7635499,
907938293459,3,9.621523,0.70862645,1.7591245,
907948303224,3,9.6219425,0.71735334,1.7532939,
907958343507,3,9.622567,0.7274384,1.7456921,
907968322755,3,9.623592,0.7366063,1.7361656,
907978332521,3,9.625343,0.74306935,1.7236656,
907988372804,3,9.6282,0.7462775,1.7062446,
907998382570,3,9.631828,0.74509096,1.6861498,
908008422853,3,9.635253,0.74174047,1.6679624,
908018432619,3,9.638028,0.73808986,1.6534915,
908028625490,3,9.639759,0.7392308,1.6428485,
908038482667,3,9.639908,0.7453911,1.6391917,
908048522951,3,9.637923,0.75495183,1.6464742,
908058502199,3,9.634564,0.7666455,1.6606566,
908068511964,3,9.630635,0.7776988,1.6782156,
908078552248,3,9.627524,0.7873934,1.6914953,
908088592531,3,9.625122,0.7946888,1.7017215,
908098602296,3,9.623031,0.79978025,1.711147,
908108612062,3,9.621787,0.8011118,1.7175013,
908118621828,3,9.621856,0.7969129,1.7190754,
908128662111,3,9.623129,0.78867346,1.7157471,
908138641359,3,9.624585,0.7772034,1.7128117,
908148681642,3,9.625936,0.7614158,1.7123113,
908158691408,3,9.627131,0.7396061,1.7151369,
908168701173,3,9.627733,0.7124939,1.7232238,
908178741456,3,9.627808,0.68332654,1.7345804,
908188751222,3,9.627219,0.65518916,1.7486423,
908198760988,3,9.625505,0.6371958,1.764664,
908208770753,3,9.622947,0.62980187,1.781196,
908218841554,3,9.619802,0.63142776,1.7975177,
908228851320,3,9.614986,0.6420827,1.8193793,
908238861085,3,9.608749,0.656284,1.8470594,
908248870851,3,9.601678,0.6696128,1.8787762,
908258911134,3,9.594557,0.68259853,1.9102175,
908268920900,3,9.587785,0.6938275,1.939941,
908278930665,3,9.581482,0.7053008,1.9667572,
908288940431,3,9.575709,0.71500003,1.9912171,
908298980714,3,9.570824,0.72257894,2.0118666,
908308990480,3,9.567398,0.7277266,2.0262556,
908319000245,3,9.5653715,0.72965837,2.0351095,
908329010011,3,9.5649185,0.72691905,2.0382097,
908339019777,3,9.565986,0.71923697,2.035933,
908349060060,3,9.568606,0.70695615,2.0278964,
908359069825,3,9.572435,0.6924723,2.014788,
908369079591,3,9.577735,0.67579293,1.995169,
908379089357,3,9.583676,0.6600699,1.9717636,
908389099122,3,9.590071,0.645406,1.9453503,
908399139406,3,9.5960455,0.63245535,1.9199815,
908409149171,3,9.600843,0.6225667,1.8991146,
908419158937,3,9.60445,0.6180869,1.8822604,
908429199220,3,9.606901,0.6177508,1.8698143,
908439178468,3,9.608463,0.6202932,1.8609319,
908449218751,3,9.609281,0.62669635,1.8545536,
908459228517,3,9.609775,0.63390404,1.8495383,
908469238283,3,9.610619,0.6420538,1.8423306,
908479461671,3,9.611309,0.6515116,1.8353912,
908489501955,3,9.612096,0.66151017,1.8276865,
908499328615,3,9.6129465,0.6716706,1.8194735,
908509338380,3,9.614759,0.678444,1.8073499,
908519348146,3,9.6173725,0.68233114,1.7919173,
908529357912,3,9.620342,0.68499476,1.7748768,
908539367677,3,9.623058,0.6879265,1.7589486,
908549407960,3,9.623517,0.69478405,1.7537394,
908559448244,3,9.621934,0.7058894,1.7579836,
908569458009,3,9.618227,0.7211051,1.7720371,
908579467775,3,9.61237,0.74246734,1.794847,
908589508058,3,9.605601,0.76712537,1.8205326,
908599517824,3,9.598607,0.7953502,1.8451399,
908609558107,3,9.592418,0.82266754,1.8652403,
908619567873,3,9.58784,0.844322,1.8790532,
908629608156,3,9.584599,0.8587445,1.8890222,
908639617921,3,9.583048,0.8597639,1.8964082,
908649627687,3,9.583006,0.8456056,1.9029847,
908659637453,3,9.584118,0.8179303,1.90947,
908669647218,3,9.584626,0.7800269,1.9227363,
908679687501,3,9.584735,0.73514676,1.9397997,
908689697267,3,9.58543,0.6844728,1.9548458,
908699707033,3,9.587441,0.62949765,1.9634429,
908709716798,3,9.591019,0.5792802,1.9614252,
908719726564,3,9.595085,0.53577864,1.9538872,
908729766847,3,9.597151,0.4997601,1.9532845,
908739776613,3,9.595082,0.47651833,1.969197,
908749816896,3,9.588061,0.46735945,2.0052574,
908759826662,3,9.57641,0.473883,2.058686,
908769836427,3,9.560816,0.4970032,2.124658,
908779876710,3,9.543522,0.526924,2.1940668,
908789886476,3,9.525812,0.5585601,2.2621477,
908799896242,3,9.509365,0.58805853,2.3230524,
908809936525,3,9.496356,0.6126231,2.3694577,
908819915773,3,9.487453,0.62800026,2.4008799,
908829956056,3,9.483332,0.6326254,2.4159055,
908839965822,3,9.484487,0.6262885,2.4130175,
908850006105,3,9.488781,0.61264443,2.3996074,
908860015871,3,9.494307,0.592467,2.382758,
908870025636,3,9.499499,0.5716129,2.3671038,
908880035402,3,9.503978,0.55105746,2.3539667,
908890045167,3,9.506973,0.5329048,2.3460288,
908900085451,3,9.509538,0.5181149,2.33894,
908910095216,3,9.511573,0.5082155,2.3328276,
908920318605,3,9.513344,0.50404435,2.3265035,
908930328371,3,9.515409,0.50574356,2.3176692,
908940155031,3,9.517772,0.51192635,2.3065877,
908950225831,3,9.520103,0.52257574,2.294546,
908960205079,3,9.521937,0.53723234,2.2835248,
908970214845,3,9.523813,0.5514235,2.2722933,
908980255128,3,9.525569,0.565713,2.261396,
908990264894,3,9.5271015,0.57837844,2.2517092,
909000274660,3,9.52793,0.5895153,2.2453082,
909010345460,3,9.528767,0.59755045,2.2396271,
909020507814,3,9.530097,0.60392743,2.2322435,
909030334474,3,9.5327215,0.60814387,2.2198606,
909040374757,3,9.537505,0.6134854,2.1977358,
909050384523,3,9.544353,0.61718935,2.1667519,
909060394288,3,9.553132,0.6190075,2.1271775,
909070404054,3,9.561314,0.6197287,2.0898862,
909090454103,3,9.568113,0.61920875,2.0586855,
909100463868,3,9.573402,0.6183537,2.0342104,
909110504152,3,9.577287,0.6205213,2.0151768,
909120513917,3,9.579459,0.6253224,2.0033295,
909130523683,3,9.579619,0.6340265,1.999826,
909140533449,3,9.578924,0.6445975,1.999774,
909150543214,3,9.578883,0.6538886,1.996953,
909160614015,3,9.579962,0.6590403,1.9900744,
909170623781,3,9.583219,0.65969974,1.9741076,
909180633547,3,9.588563,0.65523356,1.9494922,
909190643312,3,9.595373,0.6442817,1.9194039,
909200653078,3,9.602344,0.6343091,1.8876007,
909210693361,3,9.607611,0.6257915,1.8634851,
909220703127,3,9.610759,0.6165026,1.8503116,
909230712892,3,9.611398,0.60496205,1.8507968,
909240722658,3,9.609302,0.5955108,1.8647026,
909250762941,3,9.605018,0.5909034,1.8880812,
909260772707,3,9.59945,0.5896015,1.9165941,
909270812990,3,9.59314,0.5954794,1.9461393,
909280822755,3,9.587252,0.608029,1.9711143,
909290832521,3,9.582011,0.6246209,1.9913136,
909300842287,3,9.5761595,0.6470636,2.0121887,
909310882570,3,9.569894,0.67222357,2.0336225,
909320892336,3,9.563213,0.69788414,2.0562825,
909330902101,3,9.556734,0.72199446,2.0779736,
909340942384,3,9.551049,0.7439414,2.096282,
909350952150,3,9.546094,0.7617797,2.1123843,
909360961916,3,9.542076,0.7789209,2.1242537,
909370971681,3,9.539449,0.7921057,2.131165,
909381011964,3,9.537833,0.801741,2.134791,
909391021730,3,9.5377,0.8081183,2.1329823,
909401245119,3,9.538669,0.8098301,2.1279957,
909411071779,3,9.540473,0.8084651,2.1204128,
909421081544,3,9.542683,0.80204535,2.1128953,
909431091310,3,9.545408,0.7930732,2.103949,
909441101076,3,9.548218,0.7850822,2.094179,
909451141359,3,9.549852,0.7803512,2.0884817,
909461181642,3,9.550697,0.7772449,2.08578,
909471374513,3,9.551737,0.7762874,2.0813627,
909481201173,3,9.553676,0.7757329,2.0726504,
909491210939,3,9.556622,0.7733541,2.0599253,
909501220705,3,9.560491,0.76885885,2.0435927,
909511230470,3,9.565467,0.7615498,2.0229332,
909521270753,3,9.571157,0.7513586,1.9996973,
909531280519,3,9.5772505,0.7384041,1.9751989,
909541290285,3,9.58401,0.7243209,1.9474375,
909551300050,3,9.5915365,0.70946175,1.9155917,
909561309816,3,9.59999,0.69156903,1.8794507,
909571350099,3,9.609501,0.6727268,1.8372049,
909581359865,3,9.619813,0.6539916,1.7893846,
909591369630,3,9.630313,0.6364514,1.7384984,
909601409913,3,9.640063,0.62173146,1.6890882,
909611419679,3,9.649088,0.6100254,1.6411428,
909621459962,3,9.656237,0.60128564,1.6018572,
909631469728,3,9.661298,0.5993342,1.5717893,
909641479494,3,9.663926,0.60256505,1.5542946,
909651489259,3,9.664549,0.608313,1.5481734,
909661529542,3,9.662853,0.62180746,1.5533868,
909681549074,3,9.661039,0.63475966,1.5594174,
909691589357,3,9.659167,0.64661354,1.56613,
909701599122,3,9.657357,0.65496284,1.5738136,
909711639406,3,9.655484,0.6568644,1.5844665,
909721649171,3,9.654043,0.64953905,1.5962293,
909731658937,3,9.652593,0.63513184,1.6107249,
909741668702,3,9.650926,0.6126789,1.6293086,
909751708986,3,9.649122,0.5854696,1.6498662,
909761718751,3,9.647804,0.55215526,1.6689515,
909771728517,3,9.64813,0.512961,1.6795406,
909781738283,3,9.649818,0.47364366,1.6813831,
909791748048,3,9.651998,0.4421808,1.6774381,
909801818849,3,9.652115,0.42311063,1.6816759,
909811798097,3,9.64863,0.41541395,1.703457,
909821807863,3,9.641148,0.41701695,1.7449253,
909831848146,3,9.629874,0.42643237,1.8039042,
909841857912,3,9.615098,0.44482562,1.876811,
909851898195,3,9.599115,0.4669727,1.9517508,
909861907960,3,9.582991,0.4915547,2.0236259,
909871917726,3,9.568891,0.5128166,2.084162,
909881958009,3,9.557549,0.5299095,2.1313972,
909891967775,3,9.550461,0.53909963,2.160662,
909902008058,3,9.547253,0.540914,2.1743414,
909912017824,3,9.547023,0.5357055,2.1766367,
909922027590,3,9.548242,0.52640057,2.1735668,
909932037355,3,9.549065,0.5183245,2.1718946,
909942077638,3,9.549054,0.51233304,2.1733546,
909952087404,3,9.547448,0.51123965,2.180652,
909962097170,3,9.544069,0.5147439,2.194585,
909972106935,3,9.540263,0.5218678,2.2093952,
909982116701,3,9.537458,0.53142625,2.2192047,
909992156984,3,9.536494,0.5422453,2.2207272,
910002166750,3,9.537088,0.5557262,2.2148428,
910012207033,3,9.538709,0.5693581,2.2043765,
910022216798,3,9.540865,0.5823914,2.1915982,
910032196047,3,9.543595,0.59272915,2.1768928,
910042205812,3,9.546578,0.6021776,2.1611633,
910052246095,3,9.549368,0.61055744,2.1464329,
910062255861,3,9.551705,0.61693615,2.1341748,
910072265627,3,9.55408,0.6204262,2.1225026,
910082275392,3,9.556783,0.62226945,2.1097593,
910092346193,3,9.560151,0.62221164,2.0944636,
910102355959,3,9.56465,0.6199724,2.0744934,
910112365724,3,9.570005,0.6177277,2.0503228,
910122406007,3,9.576461,0.61614555,2.020438,
910132415773,3,9.584163,0.6146696,1.9840304,
910142425539,3,9.591819,0.61426693,1.9468092,
910152465822,3,9.599202,0.61212146,1.9107659,
910162445070,3,9.606099,0.6047678,1.8781571,
910172485353,3,9.612681,0.5929716,1.8479999,
910182495119,3,9.6185,0.5775721,1.8224399,
910192535402,3,9.622203,0.5661111,1.8064047,
910202545167,3,9.6232,0.562237,1.8023037,
910212585451,3,9.62082,0.5703667,1.8124294,
910222595216,3,9.615353,0.5902471,1.8349329,
910232604982,3,9.60865,0.6155949,1.8615222,
910242645265,3,9.601532,0.6430558,1.8887732,
910252655031,3,9.59509,0.6673473,1.912932,
910262695314,3,9.591489,0.68038714,1.9263498,
910272705079,3,9.591934,0.6792732,1.9245231,
910282714845,3,9.595181,0.6666454,1.9127176,
910292724611,3,9.599547,0.6486576,1.8969278,
910302734376,3,9.603263,0.62707293,1.8853474,
910312774660,3,9.605203,0.6069532,1.8820418,
910322784425,3,9.605721,0.58933514,1.8849967,
910332824708,3,9.604311,0.5745026,1.8967239,
910342803956,3,9.600574,0.56511176,1.9183447,
910352813722,3,9.595707,0.5602665,1.9439358,
910362854005,3,9.589897,0.5612102,1.9721336,
910372894288,3,9.584233,0.567502,1.9977018,
910382904054,3,9.578114,0.58219206,2.0226696,
910392913820,3,9.572318,0.6004258,2.0446553,
910402923585,3,9.56658,0.6203232,2.065463,
910412933351,3,9.561474,0.6407388,2.0828023,
910422943117,3,9.556488,0.66244406,2.0988352,
910432983400,3,9.551167,0.68704516,2.1150796,
910442993165,3,9.545632,0.7120979,2.1317163,
910453002931,3,9.540014,0.7363601,2.1485598,
910463043214,3,9.535321,0.75681084,2.1622412,
910473052980,3,9.531695,0.77192706,2.1728597,
910483062745,3,9.529092,0.783453,2.1801374,
910493103029,3,9.527697,0.7907449,2.1835985,
910503112794,3,9.527005,0.7950739,2.185041,
910513336183,3,9.526591,0.798549,2.1855865,
910523345949,3,9.526983,0.8000312,2.1833267,
910533386232,3,9.527647,0.80077994,2.1801522,
910543395998,3,9.528936,0.8010725,2.174408,
910553405763,3,9.530957,0.8000189,2.1659255,
910563415529,3,9.533476,0.79705757,2.1559074,
910573425294,3,9.535925,0.79527885,2.145711,
910583435060,3,9.538133,0.7956987,2.1357138,
910593475343,3,9.539802,0.7963192,2.1280203,
910603485109,3,9.541563,0.79801226,2.119469,
910613525392,3,9.544087,0.7977156,2.1081793,
910623352052,3,9.547826,0.7948523,2.0922728,
910633361818,3,9.552664,0.78991544,2.0719647,
910643371584,3,9.558591,0.7823612,2.0473492,
910653381349,3,9.56572,0.7707672,2.018242,
910663421632,3,9.573126,0.7589161,1.9873867,
910673431398,3,9.580338,0.7455004,1.9574896,
910683441164,3,9.587374,0.73341775,1.9273645,
910693450929,3,9.593624,0.7236704,1.8997523,
910703491213,3,9.598671,0.71707463,1.8766239,
910713500978,3,9.602047,0.71203387,1.8612049,
910723510744,3,9.603227,0.71338606,1.8545846,
910733703615,3,9.602416,0.7218894,1.855494,
910743591310,3,9.600553,0.7364285,1.8594273,
910753601076,3,9.598226,0.7573352,1.8630245,
910763610841,3,9.596366,0.7783625,1.8639526,
910773620607,3,9.595141,0.7967891,1.862461,
910783660890,3,9.593742,0.8092203,1.8643122,
910793670656,3,9.591639,0.81763715,1.8714591,
910803680421,3,9.589287,0.81710315,1.8836908,
910813690187,3,9.586055,0.8082038,1.9038831,
910823730470,3,9.581727,0.79493034,1.9310622,
910833740236,3,9.578249,0.7755533,1.9560294,
910843750001,3,9.577154,0.7531993,1.9700738,
910853790285,3,9.579229,0.72705185,1.969816,
910863800050,3,9.583381,0.69937956,1.959612,
910873809816,3,9.587769,0.67773926,1.9457039,
910884063722,3,9.589052,0.66235054,1.9446799,
910893859865,3,9.58582,0.65379405,1.9634196,
910903869630,3,9.577321,0.655546,2.0038867,
910913879396,3,9.563953,0.66921866,2.0623634,
910923919679,3,9.548054,0.68822676,2.1287136,
910933929445,3,9.53116,0.709768,2.1962733,
910943939210,3,9.51614,0.7291973,2.2542717,
910953948976,3,9.504065,0.74734294,2.2988322,
910964019777,3,9.496645,0.75984323,2.3252444,
910974029542,3,9.493101,0.76790833,2.3370373,
910984039308,3,9.492946,0.7691801,2.337246,
910994049074,3,9.494779,0.76514995,2.3311212,
911004058839,3,9.497301,0.754945,2.3241637,
911014099122,3,9.499775,0.73951024,2.3190064,
911024108888,3,9.502177,0.7218897,2.3147166,
911034118654,3,9.504052,0.70618075,2.3118572,
911044128419,3,9.506638,0.69269395,2.3053029,
911054138185,3,9.51034,0.68295175,2.2929058,
911064147951,3,9.515349,0.6763757,2.2739918,
911074188234,3,9.521939,0.6736286,2.2470605,
911084197999,3,9.529368,0.67432404,2.2151346,
911094207765,3,9.536809,0.679278,2.1813457,
911104217531,3,9.54352,0.6853822,2.1498551,
911114257814,3,9.549703,0.6900709,2.1206968,
911124267579,3,9.555111,0.6942209,2.0948284,
911134277345,3,9.560207,0.69646513,2.0706975,
911144287111,3,9.565246,0.69713444,2.0470636,
911154357912,3,9.570358,0.69737935,2.0229397,
911164337160,3,9.575924,0.6963542,1.9967923,
911174377443,3,9.582584,0.6920776,1.9660815,
911184387208,3,9.590138,0.68617696,1.9310101,
911194427492,3,9.598204,0.6793232,1.8929876,
911204437257,3,9.606181,0.6745821,1.8538077,
911214447023,3,9.61261,0.67351097,1.8205718,
911224487306,3,9.616745,0.68002194,1.7961593,
911234497072,3,9.618162,0.6966449,1.782147,
911244537355,3,9.61636,0.72424513,1.7808698,
911254547121,3,9.611274,0.7596575,1.7935283,
911264556886,3,9.601995,0.8017589,1.8246255,
911274566652,3,9.588179,0.85109955,1.8742601,
911284606935,3,9.570729,0.9023504,1.9383763,
911294616701,3,9.551509,0.94689274,2.0105858,
911304626466,3,9.534276,0.9797531,2.0755842,
911314697267,3,9.521636,0.9992802,2.1237476,
911324676515,3,9.515723,1.0037199,2.1480117,
911334716798,3,9.515075,0.9964324,2.1542678,
911344726564,3,9.517701,0.98083854,2.1498165,
911354736330,3,9.52095,0.96388334,2.1430957,
911364746095,3,9.5208235,0.94848585,2.1505058,
911374786378,3,9.516836,0.93584937,2.173574,
911384796144,3,9.509599,0.9228189,2.2105129,
911394805910,3,9.501639,0.9093062,2.2499797,
911404815675,3,9.495376,0.8934642,2.2825375,
911414825441,3,9.4915085,0.87572455,2.3053732,
911424865724,3,9.490886,0.8568635,2.3150084,
911434875490,3,9.494489,0.83591366,2.3078887,
911444885255,3,9.50068,0.8191589,2.288328,
911454895021,3,9.507738,0.8088275,2.2625434,
911464935304,3,9.513614,0.80611444,2.2386873,
911474945070,3,9.517199,0.8076994,2.2228234,
911484954836,3,9.519245,0.8108663,2.2128878,
911494995119,3,9.519876,0.8150968,2.2086196,
911505187990,3,9.520339,0.8206617,2.2045565,
911515228273,3,9.520896,0.8252838,2.2004228,
911525238039,3,9.52196,0.8265376,2.1953373,
911535064699,3,9.52376,0.8242212,2.1883893,
911545074464,3,9.526255,0.8182649,2.1797488,
911555084230,3,9.528425,0.8121248,2.1725476,
911565124513,3,9.5307255,0.80457217,2.1652603,
911575134279,3,9.533649,0.7961051,2.1554894,
911585144044,3,9.53676,0.78765935,2.1448073,
911595153810,3,9.540331,0.7787562,2.1321359,
911605163576,3,9.544233,0.76977354,2.1178858,
911615203859,3,9.548357,0.7632322,2.101607,
911625244142,3,9.552944,0.75898737,2.0822072,
911635253908,3,9.557299,0.75799745,2.0624979,
911645263673,3,9.56113,0.7599471,2.0439398,
911655303956,3,9.563829,0.7642209,2.0296688,
911665344240,3,9.565247,0.7719474,2.0200458,
911675384523,3,9.565589,0.7805419,2.0151076,
911685546876,3,9.565715,0.78923225,2.011127,
911695556642,3,9.566122,0.7969465,2.0061388,
911705383302,3,9.568185,0.8006068,1.9948084,
911715393068,3,9.57156,0.8013725,1.9782454,
911725402833,3,9.575622,0.7995652,1.9592279,
911735412599,3,9.579522,0.8014561,1.9392823,
911745422365,3,9.583032,0.80731946,1.919408,
911755462648,3,9.586032,0.8160358,1.9006484,
911765472413,3,9.587877,0.82627666,1.886866,
911775482179,3,9.588246,0.83856857,1.8795606,
911785522462,3,9.587226,0.852842,1.8783448,
911795532228,3,9.58521,0.8690376,1.8811972,
911805541994,3,9.582687,0.8885835,1.8849212,
911815582277,3,9.580525,0.9116557,1.8848966,
911825622560,3,9.5785475,0.9371911,1.8824219,
911835632325,3,9.577225,0.96333945,1.8759401,
911845642091,3,9.576346,0.98722154,1.867983,
911855682374,3,9.575813,1.0021306,1.8627743,
911865692140,3,9.5753975,1.0043066,1.8637422,
911875701906,3,9.575455,0.9920009,1.8700206,
911885742189,3,9.575422,0.9650027,1.8842584,
911895751955,3,9.574817,0.9311109,1.9042882,
911905761720,3,9.574415,0.89203244,1.9249072,
911915802004,3,9.575991,0.84813106,1.9368742,
911925781251,3,9.580723,0.80306965,1.9326773,
911935821535,3,9.588773,0.75986737,1.9100949,
911945831300,3,9.597481,0.7257842,1.8793589,
911955841066,3,9.604615,0.69863516,1.8530197,
911965881349,3,9.607844,0.68044513,1.8430227,
911975891115,3,9.606108,0.669576,1.8560014,
911985900880,3,9.599465,0.6700497,1.8898873,
911995910646,3,9.589699,0.67918724,1.9356636,
912005981447,3,9.578652,0.6934768,1.984667,
912015991213,3,9.569174,0.70639265,2.025418,
912026000978,3,9.562004,0.7145728,2.056175,
912036041261,3,9.558479,0.7150877,2.0723224,
912046051027,3,9.557992,0.70913965,2.0766158,
912056060793,3,9.560471,0.697071,2.069267,
912066070558,3,9.563394,0.68382573,2.0601673,
912076080324,3,9.565952,0.67067426,2.0525966,
912086120607,3,9.567727,0.65755063,2.0485635,
912096130373,3,9.5684805,0.64700025,2.0484073,
912106140138,3,9.567852,0.63848644,2.0540075,
912116149904,3,9.567161,0.63268477,2.0590081,
912126373293,3,9.566671,0.6312635,2.0617156,
912136230470,3,9.567248,0.63228434,2.0587242,
912146209718,3,9.569145,0.6363605,2.0486393,
912156219484,3,9.572264,0.6425231,2.0320683,
912166229250,3,9.576308,0.65018886,2.0104625,
912176269533,3,9.580563,0.65906423,1.9871739,
912186279298,3,9.584473,0.6686498,1.9649966,
912196289064,3,9.587468,0.6790031,1.9467496,
912206298830,3,9.589408,0.68872696,1.9337276,
912216339113,3,9.59099,0.6968281,1.9229507,
912226348878,3,9.592915,0.70045274,1.9120045,
912236450197,3,9.595634,0.70045304,1.8983061,
912246398927,3,9.599885,0.69728786,1.8778636,
912256439210,3,9.605307,0.6915125,1.852102,
912266448976,3,9.611719,0.68437755,1.821234,
912276458742,3,9.618927,0.67685676,1.7856314,
912286499025,3,9.626149,0.66976625,1.7490158,
912296508790,3,9.632518,0.66543466,1.715283,
912306518556,3,9.637397,0.6645038,1.6880221,
912316528322,3,9.641039,0.6665122,1.6662972,
912326568605,3,9.643319,0.6709733,1.651234,
912336578371,3,9.644749,0.6772151,1.6403023,
912346618654,3,9.644514,0.68768007,1.6373289,
912356628419,3,9.642915,0.70083153,1.6411715,
912366638185,3,9.641215,0.7121844,1.6462556,
912376647951,3,9.639372,0.7204054,1.6534547,
912386688234,3,9.638144,0.7237854,1.6591269,
912396697999,3,9.637997,0.7214716,1.6609886,
912406707765,3,9.639284,0.7153876,1.6561458,
912416748048,3,9.642087,0.7036618,1.6448148,
912426757814,3,9.645212,0.6907278,1.6319185,
912436767579,3,9.648442,0.67641515,1.6187755,
912446777345,3,9.651596,0.6564818,1.6081425,
912456787111,3,9.654533,0.631988,1.6003023,
912466827394,3,9.656892,0.6060867,1.5960867,
912476837160,3,9.658823,0.5764733,1.5953712,
912486846925,3,9.660263,0.5471423,1.5969816,
912496856691,3,9.661873,0.52136344,1.5958681,
912506896974,3,9.6627245,0.5017644,1.596998,
912516906740,3,9.662223,0.4919769,1.603066,
912526947023,3,9.659069,0.4942428,1.6212673,
912536956788,3,9.652968,0.50545657,1.6538106,
912546966554,3,9.6451025,0.52225715,1.6940024,
912557006837,3,9.636254,0.5459648,1.7363504,
912567016603,3,9.627225,0.57357293,1.7770647,
912577026368,3,9.6187525,0.60370386,1.8126065,
912587036134,3,9.611012,0.63253045,1.8435657,
912597076417,3,9.6041975,0.6586618,1.8697412,
912607086183,3,9.598436,0.6811007,1.891168,
912617126466,3,9.593444,0.6969278,1.9106419,
912627136232,3,9.589271,0.70592386,1.9281992,
912637176515,3,9.585527,0.71098757,1.9448762,
912647186281,3,9.582432,0.7120833,1.9596716,
912657196047,3,9.580151,0.7103034,1.9714451,
912667205812,3,9.578886,0.7060376,1.9790994,
912677246095,3,9.578803,0.7006015,1.9814328,
912687225343,3,9.579959,0.69437546,1.9780332,
912697448732,3,9.581861,0.68975073,1.9704268,
912707458498,3,9.584118,0.6880229,1.9600259,
912717498781,3,9.585359,0.6905182,1.9530729,
912727508547,3,9.585415,0.69756436,1.9502883,
912737518312,3,9.584847,0.7067612,1.9497699,
912747528078,3,9.58403,0.7175255,1.9498546,
912757385255,3,9.583228,0.7292551,1.9494478,
912767547609,3,9.582449,0.7418851,1.9485108,
912777587892,3,9.581807,0.7551544,1.9465649,
912787597658,3,9.581533,0.76836574,1.9427316,
912797637941,3,9.581898,0.7796233,1.9364433,
912807464601,3,9.583137,0.7861662,1.9276457,
912817474367,3,9.585134,0.78744364,1.9171774,
912827484132,3,9.587492,0.7876976,1.9052374,
912837493898,3,9.589557,0.7906343,1.8935885,
912847534181,3,9.589812,0.79924166,1.8886832,
912857543947,3,9.588069,0.81211454,1.8920366,
912867584230,3,9.584904,0.827496,1.901389,
912877624513,3,9.581418,0.84167415,1.9126977,
912887634279,3,9.5781,0.8543229,1.9236791,
912897644044,3,9.576626,0.8650766,1.9262142,
912907684328,3,9.576462,0.8718679,1.9239608,
912917694093,3,9.576774,0.8751263,1.9209225,
912927703859,3,9.575942,0.873096,1.9259914,
912937713625,3,9.573214,0.8588231,1.9458687,
912947723390,3,9.568534,0.83539957,1.9788024,
912957763673,3,9.562351,0.8077248,2.0197558,
912967773439,3,9.553891,0.7781506,2.0707605,
912977783205,3,9.5432825,0.7521251,2.1284933,
912987823488,3,9.531752,0.7325702,2.1861944,
912997833253,3,9.521537,0.71824706,2.2349155,
913007843019,3,9.514853,0.7110449,2.2654796,
913017883302,3,9.510031,0.71388537,2.2847495,
913027893068,3,9.504088,0.7217969,2.3068824,
913037902833,3,9.495285,0.7317898,2.3397565,
913047912599,3,9.482998,0.7432149,2.3855362,
913057922365,3,9.467016,0.7565987,2.444086,
913067962648,3,9.448986,0.7739038,2.5076113,
913077972413,3,9.430822,0.79187113,2.5696175,
913088012697,3,9.414631,0.8057959,2.624081,
913098022462,3,9.403885,0.81475866,2.659606,
913108062745,3,9.399334,0.8172756,2.6748745,
913118072511,3,9.399984,0.8133482,2.6737914,
913128082277,3,9.404715,0.80316174,2.6602066,
913138092042,3,9.412279,0.78795946,2.6379006,
913148101808,3,9.420693,0.77149236,2.6126103,
913158111574,3,9.428981,0.75448686,2.5875618,
913168151857,3,9.436506,0.73875475,2.5645604,
913178161622,3,9.443102,0.727164,2.5435162,
913188171388,3,9.449429,0.72109455,2.5216508,
913198211671,3,9.455891,0.7209511,2.4973474,
913208190919,3,9.46276,0.72623193,2.4696496,
913218231202,3,9.4704275,0.7338763,2.4377875,
913228240968,3,9.479139,0.7419731,2.4012039,
913238281251,3,9.489436,0.7492896,2.3578668,
913248291017,3,9.500842,0.75524086,2.3095443,
913258331300,3,9.512599,0.75970197,2.259136,
913268341066,3,9.524612,0.7611416,2.2074454,
913278350831,3,9.537066,0.7577087,2.1542141,
913288360597,3,9.550336,0.7465812,2.0985932,
913298400880,3,9.564556,0.72651047,2.0400574,
913308410646,3,9.578828,0.6969176,1.982613,
913318420412,3,9.592503,0.66367495,1.9271278,
913328430177,3,9.605423,0.6308973,1.8730267,
913338470460,3,9.617819,0.6014222,1.8183038,
913348480226,3,9.629981,0.57634705,1.7611656,
913358489992,3,9.641967,0.5547408,1.70151,
913368530275,3,9.65304,0.5363132,1.643647,
913378540041,3,9.663044,0.5185229,1.5896926,
913388580324,3,9.6723585,0.50211895,1.5374539,
913398590090,3,9.681217,0.48440176,1.4865246,
913408599855,3,9.689113,0.47018942,1.4388837,
913418640138,3,9.694709,0.46226242,1.403326,
913428649904,3,9.698272,0.4624708,1.3784155,
913438629152,3,9.700975,0.4661536,1.3580022,
913448669435,3,9.703556,0.47473934,1.3364193,
913458679201,3,9.706163,0.4873092,1.3127421,
913468688966,3,9.709189,0.4989134,1.2857401,
913478729250,3,9.712273,0.5069456,1.2590339,
913488739015,3,9.714783,0.51283324,1.2370944,
913498779298,3,9.71661,0.5147379,1.2218559,
913508819582,3,9.717521,0.5128335,1.2153993,
913519012453,3,9.717145,0.506834,1.2209061,
913528839113,3,9.715832,0.49838793,1.2347499,
913538848878,3,9.713255,0.49003306,1.2581419,
913548889162,3,9.710156,0.48109892,1.2852228,
913558898927,3,9.707063,0.4728452,1.3113953,
913568908693,3,9.7052965,0.4668749,1.3265122,
913578948976,3,9.704841,0.46303663,1.3311913,
913588958742,3,9.705115,0.46047905,1.3300685,
913598968507,3,9.705266,0.45710167,1.3301351,
913609008790,3,9.705723,0.4502023,1.3291554,
913619018556,3,9.706339,0.44256637,1.327212,
913629241945,3,9.706689,0.43779024,1.3262504,
913639221193,3,9.706772,0.43851447,1.3253964,
913649261476,3,9.706417,0.44328827,1.3264123,
913659088136,3,9.705488,0.4521426,1.3302164,
913669097902,3,9.704022,0.4629554,1.3371681,
913679107667,3,9.702272,0.4732462,1.3462346,
913689147951,3,9.700683,0.48169485,1.354674,
913699127199,3,9.699411,0.48895636,1.3611556,
913709167482,3,9.698568,0.49533233,1.3648493,
913719207765,3,9.698318,0.4999714,1.3649416,
913729217531,3,9.698674,0.50547934,1.3603771,
913739410402,3,9.699684,0.51108783,1.3510423,
913749450685,3,9.70102,0.5180857,1.338731,
913759246828,3,9.702277,0.52659637,1.3262305,
913769287111,3,9.703274,0.5366604,1.3148575,
913779266359,3,9.703582,0.5497174,1.3071845,
913789306642,3,9.703393,0.562211,1.3032594,
913799316408,3,9.702544,0.5735852,1.3046137,
913809356691,3,9.701428,0.5811197,1.3095815,
913819396974,3,9.70037,0.58650666,1.3150065,
913829620363,3,9.699778,0.5897843,1.317911,
913839599611,3,9.699957,0.5910843,1.3159966,
913849456788,3,9.700875,0.590916,1.3092805,
913859436037,3,9.702683,0.5846742,1.2986487,
913869476320,3,9.705453,0.57160455,1.283682,
913879486085,3,9.708832,0.5559008,1.2648902,
913889495851,3,9.711822,0.54440266,1.2468063,
913899536134,3,9.713277,0.54150516,1.2366964,
913909545900,3,9.712536,0.55258363,1.2376182,
913919586183,3,9.709768,0.57434505,1.2493799,
913929565431,3,9.70583,0.60261285,1.2665467,
913939605714,3,9.70133,0.6342641,1.2854186,
913949645998,3,9.696583,0.6699264,1.3030285,
913959655763,3,9.691738,0.704991,1.3204554,
913969665529,3,9.687843,0.7346575,1.3327982,
913979675294,3,9.685423,0.75462127,1.3392297,
913989715578,3,9.684762,0.7609654,1.3404057,
913999725343,3,9.685545,0.7565534,1.337261,
914009735109,3,9.687412,0.7429554,1.3313392,
914019744874,3,9.68852,0.72258186,1.3344752,
914029785158,3,9.688548,0.6992308,1.3466678,
914039794923,3,9.68719,0.67552465,1.3683623,
914049804689,3,9.68636,0.64860684,1.3871324,
914059814455,3,9.687729,0.6180448,1.391521,
914069854738,3,9.691338,0.58521044,1.3805413,
914079864504,3,9.695384,0.5570628,1.3636726,
914089874269,3,9.698361,0.534649,1.3514147,
914099914552,3,9.698815,0.5204007,1.3537235,
914109954836,3,9.695943,0.5173907,1.3752818,
914119964601,3,9.690355,0.523112,1.4120132,
914129974367,3,9.682705,0.5329668,1.4599837,
914140014650,3,9.674667,0.54191405,1.5091501,
914150024416,3,9.667993,0.5437269,1.5506974,
914160034181,3,9.663392,0.5388287,1.580798,
914170043947,3,9.661251,0.5256728,1.598215,
914180053713,3,9.661167,0.50728756,1.6046506,
914190093996,3,9.661508,0.48785016,1.6086277,
914200103761,3,9.661747,0.46943042,1.6126597,
914210113527,3,9.661123,0.45431906,1.6207033,
914220123293,3,9.660204,0.44210693,1.6295336,
914230163576,3,9.658459,0.43549716,1.6416128,
914240173341,3,9.656264,0.43414342,1.65483,
914250213625,3,9.654004,0.43990007,1.6664559,
914260192873,3,9.652361,0.45312956,1.6724162,
914270233156,3,9.651243,0.47181848,1.6737065,
914280242921,3,9.65098,0.49399465,1.6688098,
914290283205,3,9.651366,0.5172554,1.6595097,
914300292970,3,9.65247,0.5395333,1.6459417,
914310272218,3,9.654212,0.55878484,1.6292163,
914320312502,3,9.656425,0.575342,1.6102307,
914330322267,3,9.658178,0.5892796,1.5945939,
914340362550,3,9.659465,0.60067457,1.5825077,
914350372316,3,9.660477,0.6088424,1.5731814,
914360382082,3,9.661275,0.61466396,1.5660031,
914370391847,3,9.662264,0.6194418,1.5579996,
914380432130,3,9.663422,0.6253803,1.548417,
914390441896,3,9.664846,0.63451666,1.5357509,
914400451662,3,9.666626,0.6468679,1.5193086,
914410491945,3,9.668641,0.65955144,1.5009178,
914420501710,3,9.670578,0.67217094,1.482733,
914430511476,3,9.6722145,0.6830115,1.4670252,
914440551759,3,9.672727,0.6916981,1.4595559,
914450592042,3,9.672431,0.7002488,1.4574445,
914460601808,3,9.671549,0.70807374,1.4595124,
914470611574,3,9.670359,0.715873,1.4635824,
914480621339,3,9.668508,0.72528267,1.4711683,
914490661622,3,9.666268,0.7347116,1.4811671,
914500671388,3,9.66461,0.7402888,1.48918,
914510742189,3,9.66361,0.7445172,1.493556,
914520721437,3,9.66385,0.74681586,1.4908497,
914530731202,3,9.664977,0.7442761,1.4848192,
914540740968,3,9.667177,0.73525286,1.4749563,
914550781251,3,9.669801,0.72057724,1.4649615,
914560791017,3,9.671887,0.7017998,1.4602915,
914570800783,3,9.671862,0.6853663,1.468248,
914580810548,3,9.670051,0.670558,1.486903,
914590850831,3,9.664837,0.6636171,1.5234663,
914600860597,3,9.658248,0.6583885,1.5669004,
914610870363,3,9.651293,0.6501479,1.6125296,
914620880128,3,9.644787,0.6453885,1.6528658,
914630920412,3,9.6397705,0.6386907,1.6844246,
914640930177,3,9.63625,0.63231534,1.7068267,
914650970460,3,9.633131,0.62924165,1.725468,
914660980226,3,9.6304,0.62896776,1.7407495,
914670989992,3,9.62727,0.6285969,1.7581022,
914680999757,3,9.623433,0.6286226,1.7789735,
914691040041,3,9.618347,0.63171476,1.8051921,
914701049806,3,9.612016,0.6419313,1.8350723,
914711059572,3,9.605234,0.6532187,1.8663253,
914721069337,3,9.598232,0.66850483,1.8966935,
914731079103,3,9.592302,0.68437755,1.920876,
914741119386,3,9.587506,0.6976433,1.9399493,
914751159670,3,9.584242,0.7075965,1.9524391,
914761169435,3,9.583414,0.7119337,1.9549198,
914771179201,3,9.584445,0.7124971,1.9496533,
914781188966,3,9.587812,0.7075272,1.9348502,
914791198732,3,9.592414,0.7010411,1.9142917,
914801208498,3,9.597961,0.6948583,1.8885721,
914811248781,3,9.603715,0.6892688,1.8611803,
914821258547,3,9.609642,0.6833228,1.8325504,
914831268312,3,9.615489,0.6781231,1.8035829,
914841308595,3,9.620218,0.67443305,1.7795956,
914851318361,3,9.623709,0.6741835,1.7607126,
914861358644,3,9.625265,0.68181497,1.7492288,
914871368410,3,9.624502,0.69930184,1.7465208,
914881378175,3,9.6213,0.72715575,1.7527778,
914891387941,3,9.616832,0.759161,1.7636949,
914901428224,3,9.611983,0.7921821,1.7755634,
914911468507,3,9.607739,0.8240268,1.7840208,
914921447755,3,9.605436,0.85143125,1.7835487,
914931457521,3,9.606313,0.8723063,1.7686806,
914941528322,3,9.610872,0.883876,1.7379019,
914951507570,3,9.619298,0.8833269,1.6909211,
914961547853,3,9.629728,0.8764161,1.6341976,
914971557619,3,9.640594,0.8671865,1.5739585,
914981567384,3,9.649924,0.86090314,1.5192668,
914991638185,3,9.656537,0.86234313,1.4758307,
915001586916,3,9.659653,0.87042296,1.4504802,
915011596681,3,9.659624,0.88600045,1.4411987,
915021667482,3,9.657047,0.9087527,1.4442972,
915031677248,3,9.653677,0.93301326,1.4513366,
915041687013,3,9.651128,0.95738226,1.4524317,
915051727296,3,9.649789,0.97728497,1.4480612,
915061767579,3,9.649876,0.9872642,1.440698,
915071746828,3,9.650882,0.9880787,1.433384,
915081756593,3,9.652466,0.97833854,1.4293846,
915091766359,3,9.653926,0.95719963,1.4338346,
915101806642,3,9.655777,0.92532974,1.4422601,
915111816408,3,9.657539,0.8855212,1.4554005,
915121826173,3,9.658817,0.83984137,1.4738699,
915131866456,3,9.660225,0.79155576,1.4912653,
915141845705,3,9.662739,0.740942,1.5009651,
915151885988,3,9.666531,0.6942174,1.4988729,
915161895753,3,9.670434,0.6593071,1.4894235,
915171936037,3,9.672492,0.637261,1.4856603,
915181945802,3,9.671168,0.62749857,1.4983801,
915191955568,3,9.666209,0.6292729,1.5293174,
915201995851,3,9.658334,0.64202076,1.5731498,
915212005617,3,9.6481,0.66303754,1.626336,
915222015382,3,9.637659,0.684068,1.6786838,
915232055665,3,9.627809,0.70383275,1.7263641,
915242065431,3,9.619937,0.7166218,1.7645521,
915252105714,3,9.615141,0.71800596,1.7899542,
915262115480,3,9.614361,0.7063009,1.7987794,
915272125245,3,9.617254,0.68242055,1.7925215,
915282135011,3,9.623094,0.6507216,1.7728602,
915292144777,3,9.629501,0.6156556,1.7504435,
915302185060,3,9.634855,0.5830898,1.7320416,
915312194825,3,9.638097,0.55514294,1.7231694,
915322235109,3,9.6396265,0.5340291,1.721281,
915332244874,3,9.639776,0.5190882,1.7250118,
915342254640,3,9.639546,0.5098685,1.7290398,
915352478029,3,9.639452,0.5054463,1.7308705,
915362335207,3,9.640066,0.5070403,1.7269711,
915372314455,3,9.64197,0.51225364,1.714761,
915382324220,3,9.645212,0.5195736,1.6942052,
915392333986,3,9.649188,0.52679014,1.6691482,
915402374269,3,9.654191,0.53041536,1.6387883,
915412414552,3,9.659661,0.5287886,1.6067712,
915422393800,3,9.665472,0.5222177,1.5736303,
915432403566,3,9.6708555,0.51272976,1.5433939,
915442443849,3,9.675258,0.5049325,1.518163,
915452453615,3,9.678163,0.50334436,1.5000738,
915462463380,3,9.680453,0.5065774,1.4841127,
915472473146,3,9.682565,0.5133993,1.4679195,
915482513429,3,9.685035,0.52128863,1.4487121,
915492523195,3,9.687408,0.5304054,1.4293945,
915502532960,3,9.689685,0.540176,1.4101857,
915512573244,3,9.691798,0.5471502,1.392857,
915522583009,3,9.693436,0.55505675,1.378257,
915532592775,3,9.694225,0.5642931,1.3689255,
915542663576,3,9.693475,0.5787287,1.368215,
915552642824,3,9.6916275,0.59518856,1.3742154,
915562683107,3,9.688896,0.61467797,1.38486,
915572692873,3,9.6869,0.6297025,1.3920623,
915582702638,3,9.686316,0.6384347,1.3921477,
915592773439,3,9.687405,0.6419459,1.3829333,
915602752687,3,9.689083,0.6439631,1.3701783,
915612762453,3,9.690139,0.6477055,1.3609031,
915622772218,3,9.690124,0.65297467,1.3585011,
915632812501,3,9.688067,0.66187024,1.3688293,
915642822267,3,9.683433,0.6745105,1.3951898,
915652832033,3,9.677414,0.68467474,1.4315366,
915662841798,3,9.670695,0.6881141,1.4746327,
915672882082,3,9.664588,0.682142,1.5168393,
915682891847,3,9.660303,0.6664245,1.5507532,
915692932130,3,9.657984,0.64245325,1.57511,
915702941896,3,9.657541,0.61317927,1.5894393,
915712951662,3,9.658324,0.5830638,1.5959941,
915722961427,3,9.659088,0.55731386,1.6005709,
915733001710,3,9.658478,0.53930444,1.6103917,
915743011476,3,9.655576,0.5338611,1.6294922,
915753051759,3,9.649753,0.54237205,1.660869,
915763061525,3,9.640458,0.56549686,1.7065117,
915773071290,3,9.628769,0.5988167,1.7602872,
915783081056,3,9.615311,0.6365724,1.819609,
915793090822,3,9.601112,0.67297846,1.8804567,
915803131105,3,9.587017,0.7040052,1.9400743,
915813140871,3,9.573807,0.7265596,1.9961815,
915823150636,3,9.562437,0.74110335,2.0447433,
915833190919,3,9.553344,0.74630004,2.084958,
915843200685,3,9.546951,0.7442583,2.1147535,
915853210451,3,9.542958,0.73564184,2.1356905,
915863250734,3,9.540934,0.72361326,2.1488082,
915873260499,3,9.540152,0.7112819,2.1563804,
915883270265,3,9.5402565,0.7010355,2.1592674,
915893493654,3,9.540409,0.69633305,2.1601186,
915903503419,3,9.540183,0.6979764,2.1605902,
915913330079,3,9.539695,0.70416445,2.1607354,
915923339845,3,9.5388565,0.7140102,2.1612058,
915933380128,3,9.537948,0.7268214,2.1609468,
915943389894,3,9.537509,0.7401073,2.1583717,
915953399660,3,9.537618,0.7537027,2.1531792,
915963439943,3,9.538061,0.7671149,2.146469,
915973449708,3,9.53871,0.7785566,2.1394513,
915983703615,3,9.539478,0.7878625,2.13261,
915993682863,3,9.540875,0.7925904,2.1245966,
916003692628,3,9.543161,0.79362845,2.1139073,
916013519288,3,9.5456085,0.791293,2.1037157,
916023529054,3,9.547923,0.7881328,2.094378,
916033569337,3,9.549679,0.785131,2.0874913,
916043579103,3,9.550778,0.7812062,2.0839288,
916053588868,3,9.551835,0.7759005,2.0810633,
916063598634,3,9.553746,0.77098966,2.0741007,
916073638917,3,9.55597,0.7661741,2.0656276,
916083648683,3,9.557967,0.76361006,2.0573168,
916093658449,3,9.559512,0.76195174,2.0507448,
916103668214,3,9.560842,0.7581875,2.0459409,
916113708498,3,9.562105,0.75374013,2.0416698,
916123718263,3,9.562562,0.7542425,2.039341,
916133728029,3,9.562047,0.7580814,2.0403357,
916143768312,3,9.559405,0.77008367,2.0482013,
916153778078,3,9.554549,0.78741705,2.0642061,
916163787843,3,9.547625,0.8053689,2.0891728,
916173828127,3,9.538888,0.81974083,2.1232145,
916183837892,3,9.529685,0.82784,2.1610596,
916193847658,3,9.520776,0.8286881,2.1996565,
916203887941,3,9.517068,0.81336045,2.2213252,
916223907472,3,9.520369,0.7910972,2.2152128,
916233917238,3,9.529908,0.7668428,2.1824799,
916243957521,3,9.543391,0.7450167,2.1304998,
916253967287,3,9.555704,0.72753626,2.080767,
916263977052,3,9.564209,0.71538025,2.0456169,
916274017336,3,9.567795,0.710102,2.0306265,
916284027101,3,9.56619,0.70972383,2.0383093,
916294036867,3,9.55991,0.71895874,2.0643685,
916304077150,3,9.551408,0.73094815,2.0992181,
916314117433,3,9.543037,0.73959994,2.1339662,
916324127199,3,9.536635,0.7395622,2.162412,
916334136964,3,9.533872,0.7293828,2.1780007,
916344177248,3,9.535216,0.7057091,2.179917,
916354187013,3,9.539854,0.6722002,2.1701908,
916364196779,3,9.547001,0.62867755,2.1517248,
916374206544,3,9.5542755,0.58084613,2.1327984,
916384216310,3,9.559861,0.53639764,2.1193638,
916394226076,3,9.563416,0.4968737,2.112964,
916404235841,3,9.5644655,0.4691624,2.1145365,
916414276125,3,9.563987,0.45274875,2.1202784,
916424499513,3,9.562416,0.4464248,2.1286848,
916434356691,3,9.561466,0.44958824,2.13228,
916444335939,3,9.56118,0.4592048,2.131513,
916454345705,3,9.562633,0.47244596,2.1220913,
916464355470,3,9.56592,0.4874106,2.1038089,
916474365236,3,9.571135,0.5012331,2.0766654,
916484436037,3,9.57793,0.5131474,2.0421422,
916494415285,3,9.585677,0.5239631,2.00266,
916504425050,3,9.593716,0.5359055,1.9605744,
916514434816,3,9.601401,0.5470184,1.9194434,
916524475099,3,9.6089115,0.5604127,1.8775413,
916534484865,3,9.616012,0.5746461,1.8364298,
916544494630,3,9.622259,0.587569,1.7992437,
916554534913,3,9.627787,0.6003107,1.7651416,
916564544679,3,9.632906,0.61126435,1.7331697,
916574554445,3,9.638652,0.61814475,1.6984391,
916584594728,3,9.644649,0.6230635,1.662209,
916594604494,3,9.650731,0.6263494,1.6252588,
916604614259,3,9.656622,0.629991,1.5884455,
916614654542,3,9.661204,0.6383698,1.556931,
916624664308,3,9.664153,0.64965576,1.5337873,
916634674074,3,9.665664,0.66287035,1.5185359,
916644683839,3,9.665594,0.6740572,1.5140474,
916654937745,3,9.664892,0.6822639,1.5148578,
916664794923,3,9.664401,0.6850643,1.516716,
916674774171,3,9.665841,0.67944735,1.5100577,
916684783937,3,9.66917,0.66777915,1.4938527,
916694824220,3,9.673772,0.65302145,1.4704113,
916704833986,3,9.679299,0.6332026,1.4424373,
916714874269,3,9.684846,0.61323684,1.4135394,
916724884035,3,9.689647,0.5976412,1.3870614,
916734863283,3,9.69261,0.5882637,1.37028,
916744934084,3,9.692696,0.5849518,1.3710747,
916754913331,3,9.690656,0.58495647,1.3854344,
916764953615,3,9.686926,0.5854133,1.4110762,
916774993898,3,9.682599,0.58558047,1.4403996,
916784973146,3,9.678546,0.5852315,1.4675375,
916795013429,3,9.675076,0.5844649,1.4905455,
916805023195,3,9.671172,0.58908904,1.5138731,
916815032960,3,9.666613,0.59939563,1.5387384,
916825042726,3,9.6613455,0.6120067,1.566602,
916835083009,3,9.655359,0.6260811,1.5976416,
916845092775,3,9.64934,0.6407044,1.6279254,
916855133058,3,9.6435795,0.65232146,1.6571774,
916865142824,3,9.638909,0.6612065,1.6806653,
916875152590,3,9.634966,0.66882545,1.700143,
916885162355,3,9.632178,0.6736261,1.7139907,
916895202638,3,9.630734,0.67487,1.7215965,
916905212404,3,9.630924,0.6722791,1.7215462,
916915222170,3,9.632892,0.6672285,1.7124782,
916925231935,3,9.635653,0.6609391,1.6993419,
916935272218,3,9.638906,0.65437955,1.683355,
916945281984,3,9.642325,0.6484756,1.6659704,
916955291750,3,9.6454,0.6438529,1.6498864,
916965332033,3,9.647631,0.643072,1.6370945,
916975341798,3,9.649306,0.6436121,1.626979,
916985382082,3,9.650388,0.6455106,1.6197908,
916995391847,3,9.651431,0.6489701,1.6121765,
917005401613,3,9.652395,0.6552657,1.6038405,
917015411378,3,9.65332,0.6643559,1.5944989,
917025451662,3,9.653793,0.67370445,1.5876944,
917035491945,3,9.654088,0.68568337,1.5807667,
917045471193,3,9.653958,0.698646,1.5758687,
917055511476,3,9.653788,0.71292675,1.5705174,
917065521242,3,9.654273,0.72561204,1.5616926,
917075531007,3,9.655693,0.73643917,1.5477947,
917085540773,3,9.65795,0.74445117,1.5297754,
917095550539,3,9.661167,0.7477207,1.5076951,
917105590822,3,9.664151,0.74587506,1.4893756,
917115600587,3,9.666483,0.7428253,1.4757103,
917125610353,3,9.667304,0.74207014,1.470702,
917135650636,3,9.666481,0.7477786,1.473213,
917145660402,3,9.664077,0.7604209,1.4824986,
917155670167,3,9.660357,0.7802505,1.4963696,
917165710451,3,9.655787,0.8040528,1.5131636,
917175720216,3,9.650856,0.83279467,1.5289989,
917185729982,3,9.64628,0.8600296,1.5427345,
917195739748,3,9.642457,0.88118637,1.5546459,
917205780031,3,9.638892,0.8932968,1.5697666,
917215820314,3,9.635575,0.8939815,1.5896126,
917225830079,3,9.633195,0.87775606,1.6129168,
917235839845,3,9.632222,0.8487439,1.6341125,
917245849611,3,9.632408,0.80748224,1.653812,
917255859376,3,9.632985,0.7631401,1.6714073,
917265869142,3,9.634022,0.71735185,1.6856503,
917275909425,3,9.636373,0.6731588,1.6904341,
917285919191,3,9.640236,0.6328952,1.6839556,
917295928956,3,9.644451,0.6006135,1.6715885,
917305938722,3,9.647319,0.57871115,1.6627474,
917316009523,3,9.646958,0.5656398,1.6693168,
917325988771,3,9.643008,0.560657,1.6936479,
917335998537,3,9.635784,0.5663877,1.7324215,
917346008302,3,9.626551,0.57760525,1.7794094,
917356079103,3,9.617331,0.5882944,1.8251681,
917366088868,3,9.609666,0.5944845,1.8631423,
917376129152,3,9.604313,0.5951985,1.8903186,
917386138917,3,9.601694,0.589011,1.9054952,
917396148683,3,9.600536,0.5798583,1.9141198,
917406158449,3,9.600097,0.5675497,1.9200042,
917416168214,3,9.598876,0.5576824,1.9289783,
917426208498,3,9.596467,0.54985505,1.9431651,
917436187745,3,9.593203,0.54581076,1.9603409,
917446197511,3,9.58855,0.54812866,1.9823323,
917456237794,3,9.583212,0.5570815,2.0055227,
917466247560,3,9.577724,0.56993484,2.0279934,
917476257325,3,9.572521,0.58704585,2.0475907,
917486297609,3,9.568322,0.60736704,2.061243,
917496337892,3,9.565429,0.6286226,2.0682871,
917506347658,3,9.563753,0.6500395,2.0694106,
917516357423,3,9.5633545,0.6710288,2.064552,
917526367189,3,9.564318,0.69131464,2.053364,
917536376955,3,9.566205,0.7092545,2.0383992,
917546417238,3,9.568126,0.725624,2.0235689,
917556427004,3,9.570005,0.7414906,2.0088725,
917566436769,3,9.571337,0.75577193,1.9971801,
917576446535,3,9.572156,0.770017,1.9877853,
917586456300,3,9.572362,0.78456664,1.9810984,
917596527101,3,9.572298,0.7976567,1.9761719,
917606536867,3,9.5726,0.8075246,1.9706963,
917616577150,3,9.573144,0.8157807,1.9646422,
917626586916,3,9.574985,0.8209195,1.9535015,
917636596681,3,9.577597,0.8256667,1.9386414,
917646606447,3,9.580498,0.8281883,1.9231629,
917656616213,3,9.583084,0.8280559,1.910291,
917666687013,3,9.58375,0.8287109,1.9066631,
917676696779,3,9.582202,0.8316768,1.9131376,
917686706544,3,9.57971,0.83512485,1.9240874,
917696716310,3,9.576428,0.83703536,1.9395334,
917706756593,3,9.573465,0.83710724,1.9540739,
917716766359,3,9.571728,0.8354402,1.9632834,
917726776125,3,9.572354,0.83212596,1.9616365,
917736785890,3,9.575293,0.8278528,1.949059,
917746795656,3,9.580194,0.82562757,1.9257729,
917756805421,3,9.58637,0.82727474,1.8940675,
917766815187,3,9.591938,0.8349062,1.8622736,
917776855470,3,9.595542,0.8512831,1.8361063,
917786865236,3,9.596168,0.87009037,1.8239853,
917796936037,3,9.592904,0.88866824,1.8321693,
917806915285,3,9.586826,0.903001,1.8568171,
917816925050,3,9.576984,0.9172341,1.9001156,
917826934816,3,9.566084,0.926941,1.949666,
917836975099,3,9.555887,0.93082017,1.9972459,
917846984865,3,9.5474825,0.93154585,2.0367172,
917857025148,3,9.539647,0.9310931,2.0733078,
917867034913,3,9.532392,0.9288541,2.1073961,
917877044679,3,9.525706,0.92319447,2.139861,
917887054445,3,9.520076,0.9164295,2.1676486,
917897094728,3,9.515322,0.9069231,2.1923819,
917907104494,3,9.511473,0.8937825,2.2143764,
917917144777,3,9.50871,0.87875676,2.2321787,
917927154542,3,9.506287,0.8614526,2.249178,
917937164308,3,9.504437,0.84320384,2.2638612,
917947174074,3,9.503615,0.8232801,2.2746222,
917957183839,3,9.504753,0.8037623,2.2768502,
917967193605,3,9.507741,0.78620857,2.270497,
917977233888,3,9.511736,0.7715558,2.2587607,
917987243654,3,9.517143,0.7630849,2.23877,
917997283937,3,9.523216,0.7594494,2.2140427,
918007263185,3,9.529391,0.7605545,2.186934,
918017303468,3,9.5353155,0.76542646,2.1592329,
918027313234,3,9.540528,0.7749013,2.1326597,
918037322999,3,9.545915,0.78762954,2.1037002,
918047363283,3,9.551137,0.8020979,2.0743263,
918057373048,3,9.556435,0.81681323,2.043963,
918067382814,3,9.561644,0.83062434,2.0138123,
918077392579,3,9.566703,0.84105134,1.9852552,
918087432863,3,9.571781,0.8481664,1.9575565,
918097442628,3,9.576062,0.8497084,1.9358263,
918107452394,3,9.5797825,0.84905344,1.9176246,
918117492677,3,9.5832405,0.84514475,1.9020085,
918127502443,3,9.586748,0.83733755,1.8877337,
918137542726,3,9.590872,0.82557,1.8719057,
918147552492,3,9.595625,0.8109294,1.8538471,
918157562257,3,9.600691,0.794092,1.8348107,
918167572023,3,9.605516,0.7798054,1.8155867,
918177612306,3,9.610217,0.7677216,1.7957526,
918187622072,3,9.615202,0.7556933,1.7740383,
918197631837,3,9.620628,0.7433201,1.7496772,
918207641603,3,9.626166,0.7304422,1.7244676,
918217681886,3,9.6315365,0.71797436,1.6995392,
918227691652,3,9.636532,0.7082009,1.6751401,
918237731935,3,9.641619,0.7020181,1.6482644,
918247711183,3,9.646345,0.700731,1.6209272,
918257751466,3,9.65169,0.70204705,1.5882112,
918267791750,3,9.658779,0.6992516,1.5457786,
918277770998,3,9.667072,0.6941864,1.4954054,
918287811281,3,9.674288,0.68907416,1.4504318,
918297821047,3,9.679077,0.68709904,1.4190713,
918307830812,3,9.680958,0.68940413,1.4050553,
918317871095,3,9.67934,0.69411916,1.4138474,
918327880861,3,9.675403,0.6960624,1.4396129,
918337921144,3,9.670957,0.6901605,1.4719658,
918347930910,3,9.66709,0.67583156,1.5036609,
918357940675,3,9.664184,0.65499276,1.5313144,
918367950441,3,9.661919,0.62986207,1.5559604,
918377990724,3,9.659614,0.60432523,1.5802073,
918388000490,3,9.657472,0.58080316,1.6019685,
918398040773,3,9.654326,0.5597598,1.6282135,
918408050539,3,9.650254,0.53938687,1.6589276,
918418060304,3,9.644063,0.51867056,1.7010101,
918428070070,3,9.636893,0.49434477,1.748227,
918438110353,3,9.628747,0.47194648,1.7985748,
918448120119,3,9.620442,0.45075727,1.8477771,
918458160402,3,9.61245,0.43222266,1.8932533,
918468170167,3,9.604862,0.41832334,1.9344337,
918478179933,3,9.597852,0.41036507,1.9705943,
918488159181,3,9.590793,0.40709057,2.0053391,
918498229982,3,9.583585,0.40744013,2.039436,
918508239748,3,9.576675,0.41241235,2.0706487,
918518249513,3,9.569221,0.42368895,2.1025941,
918528259279,3,9.56218,0.44107,2.1308608,
918538269044,3,9.555921,0.46150663,2.1544805,
