900864929201,2,-0.082927555,0.6502478,-0.45415556,
900875152590,2,-0.086819455,0.8707393,-0.5417235,
900885162355,2,-0.14295273,0.9066646,-0.48529083,
900895202638,2,-0.27647507,0.92118436,-0.39323226,
900905181886,2,-0.12903167,0.67045575,-0.16869919,
900925262453,2,-0.33679962,0.6863228,-0.38829255,
900955291750,2,-0.10987152,0.76161623,-0.41104522,
900965301515,2,-0.23800507,0.9339079,-0.31374756,
900975311281,2,-0.18471588,0.91384965,-0.2336641,
900985351564,2,-0.41942778,0.8262817,-0.2242337,
900995361330,2,-0.5034032,0.8089178,-0.24653733,
901005371095,2,-0.28994706,0.6411168,-0.32063323,
901015228273,2,-0.3251239,0.830473,-0.31778917,
901025268556,2,-0.2733316,0.7099736,-0.407303,
901035247804,2,-0.40520737,0.6724017,-0.4975653,
901045288087,2,-0.43364823,0.6138734,-0.6514453,
901055297853,2,-0.3797603,0.8105644,-0.5815407,
901065307619,2,-0.40146515,0.5721103,-0.5610333,
901075347902,2,-0.31269974,0.7671547,-0.6173163,
901085357667,2,-0.23575974,0.75847274,-0.5511539,
901095397951,2,-0.1871109,0.73586977,-0.6197113,
901105407716,2,-0.24504043,0.72524184,-0.47196853,
901115417482,2,-0.29877868,0.5974077,-0.45550278,
901125427248,2,-0.11106903,0.76251435,-0.23396347,
901135467531,2,-0.27123597,0.6716533,-0.37511992,
901145477296,2,-0.067359924,0.55893767,-0.31404695,
901155487062,2,-0.09804611,0.53079623,-0.14280304,
901165496828,2,-0.20627105,0.56971526,-0.21600083,
901175506593,2,-0.19998413,0.47720763,-0.3915857,
901185546876,2,-0.11570938,0.4790039,-0.3716771,
901195587160,2,-0.20881577,0.34817597,-0.22348526,
901205596925,2,-0.122894436,0.3517685,-0.20851639,
901215606691,2,-0.009729767,0.4263135,-0.32078293,
901225646974,2,-0.13576767,0.280367,-0.22602996,
901235656740,2,-0.027093658,0.38020936,-0.2667453,
901245666505,2,-0.08173004,0.29129425,-0.16181351,
901255706788,2,0.060025178,0.44936553,-0.21465363,
901265716554,2,0.16989669,0.30072463,-0.1803749,
901275726320,2,0.011226654,0.48469207,-0.3224295,
901285736085,2,-0.050744478,0.38020936,-0.25671616,
901295745851,2,-0.045954436,0.2520758,-0.16765137,
901305786134,2,-0.26180556,0.14519806,-0.12948075,
901315765382,2,-0.2721341,0.2230362,-0.11960129,
901325805665,2,-0.25566834,0.12783417,-0.16645385,
901335845949,2,-0.13906083,0.23725662,-0.27288255,
901345886232,2,-0.12903167,0.14010864,-0.15747254,
901355865480,2,-0.21151017,0.29563522,-0.2746788,
901365905763,2,-0.09969269,0.30835876,-0.29294083,
901375915529,2,-0.040565643,0.28770173,-0.2505789,
901385925294,2,-0.0916095,0.26195526,-0.25536895,
901395935060,2,-0.26240432,0.29353958,-0.23381378,
901406158449,2,-0.2999762,0.19220032,-0.103285216,
901416168214,2,-0.36853364,0.010029145,-0.15911911,
901426208498,2,-0.3740721,0.16765137,-0.11121872,
901436218263,2,-0.138013,0.14265335,-0.17947678,
901446228029,2,-0.27153534,0.15417938,-0.030536499,
901456085207,2,-0.42182282,0.25027955,-0.17618363,
901466064455,2,-0.3278183,0.3650908,-0.33455428,
901476104738,2,-0.26929,0.6604266,-0.20522323,
901486114504,2,-0.17124389,0.66955763,-0.46493316,
901496124269,2,-0.24788453,0.11840378,-0.6596782,
901506134035,2,-0.04445755,0.23426285,-0.2971321,
901516174318,2,0.04415817,0.27976823,0.032482453,
901526184084,2,0.24608825,0.4340973,-0.021405486,
901536224367,2,0.5138814,0.29563522,-0.07843689,
901546234132,2,1.2133768,0.37811372,-0.6234535,
901556213380,2,0.7472461,0.11121872,-0.26000932,
901566253664,2,0.02814148,0.14220428,-0.05643265,
901576263429,2,-0.1607657,0.23650818,-0.006286926,
901586303713,2,-0.34697846,0.49127838,0.30835876,
901596282960,2,-0.6500981,0.5683681,0.35087037,
901606353761,2,-0.4752617,0.97731763,0.1910028,
901616333009,2,-0.35640883,1.029559,-0.0025447083,
901626373293,2,-0.4272116,0.93914706,-0.08981323,
901636413576,2,-0.44008484,1.0048604,-0.22752686,
901646423341,2,-0.36194733,0.98959213,-0.40311173,
901656433107,2,-0.16645385,0.74006104,-0.31269974,
901666473390,2,-0.0955014,0.6200107,-0.29234207,
901676452638,2,0.041912843,0.6010002,-0.32063323,
901686462404,2,0.011825409,0.6456075,-0.33500335,
901696502687,2,0.061671752,0.6598279,-0.42840913,
901706695558,2,-1.4968873E-4,0.81280977,-0.4206253,
901716705324,2,-0.122295685,0.6490503,-0.16211289,
901726776125,2,-0.3302133,0.74889266,-0.25701553,
901736785890,2,-0.2836601,0.4514612,-0.13621673,
901746795656,2,-0.1950444,0.44637176,-0.4099974,
901756805421,2,-0.05957611,0.24519013,-0.47571075,
901766815187,2,-0.04685257,0.27572662,-0.5093907,
901776855470,2,-0.08113129,0.16450791,-0.5224136,
901786682130,2,-0.23156846,0.25926086,-0.2836601,
901796875001,2,-0.3055147,0.3382965,-0.12933105,
901806915285,2,-0.41224274,0.37901184,-0.035775606,
901816955568,2,-0.18276992,0.2773732,-0.23336472,
901826751710,2,-0.37003052,0.30371842,-0.2856061,
901836791994,2,-0.46897477,0.42406815,-0.13067825,
901846801759,2,-0.352966,0.5186714,-0.18411712,
901856842042,2,-0.25941056,0.5093907,-0.23411316,
901866851808,2,-0.45280838,0.49052992,-0.22632934,
901876861574,2,-0.63108766,0.40400985,-0.5893245,
901886871339,2,-0.58558226,0.572709,-0.48813492,
901896911622,2,-0.15971786,0.51941985,-0.39966887,
901906921388,2,-0.08846603,0.50609756,-0.53648436,
901917114259,2,-0.024998017,0.46059218,-0.39263353,
901927124025,2,-0.105530545,0.32467484,-0.44143203,
901937164308,2,-0.085322574,0.46493316,-0.391436,
901947143556,2,0.019010467,0.17992584,-0.40835083,
901957214357,2,0.065114595,0.12843293,-0.3954776,
901967193605,2,-0.052391052,0.122445375,-0.20058289,
901977203371,2,0.027093658,-0.04939728,0.16256195,
901987243654,2,0.025297394,0.15088624,-0.086220704,
901997070314,2,0.040715333,0.0,-0.3052153,
902007141115,2,-0.008083191,0.12903167,-0.24788453,
902017120363,2,-0.2667453,0.17633331,-0.33530274,
902027130128,2,-0.19309846,0.17079483,-0.536185,
902037353517,2,-0.2829117,0.2838098,-0.4155359,
902047363283,2,-0.0040415954,0.26030868,-0.48603928,
902057373048,2,-0.10822494,0.19743942,-0.4845424,
902067382814,2,-0.057929534,0.40266266,-0.44397676,
902077392579,2,-0.0968486,0.321232,-0.34024248,
902087432863,2,-0.09490265,0.25447083,-0.12169693,
902097442628,2,-0.15328126,0.22528152,-0.01871109,
902107452394,2,-0.1261876,0.122894436,-0.17289047,
902117462160,2,-0.04580475,0.17229171,-0.2559677,
902127502443,2,-0.038020935,0.1128653,-0.32317793,
902137542726,2,-0.15417938,0.16884887,-0.38065842,
902147552492,2,-0.15328126,0.25956023,-0.67764086,
902157562257,2,-0.22198838,0.25926086,-0.6771918,
902167602541,2,-0.24863297,0.2908452,-0.5867798,
902177612306,2,-0.26449996,0.1965413,-0.48663804,
902187622072,2,-0.03487747,0.21016297,-0.504451,
902197631837,2,-0.17483643,0.29788056,-0.59007293,
902207641603,2,-0.14714402,0.32198045,-0.32362702,
902217651368,2,-0.09669891,0.3956273,-0.34533188,
902227691652,2,-0.09505234,0.2163002,-0.38065842,
902237701417,2,-0.123493195,0.22887406,-0.4008664,
902247741701,2,-0.8092172,0.26075774,-0.9580078,
902257568361,2,-0.37092865,0.6173163,-0.7092252,
902267578127,2,-0.16645385,0.4074527,-0.54366946,
902277618410,2,0.04924759,0.25462052,-0.2174977,
902287628175,2,-0.007484436,0.16091537,-0.08038285,
902297637941,2,0.123343505,0.35326537,-0.17992584,
902307678224,2,0.084574126,0.43858796,-0.13112731,
902317871095,2,0.04415817,0.27123597,-0.3556604,
902327880861,2,0.0055384827,0.33784744,-0.4815486,
902337921144,2,-0.123044126,0.3528163,-0.40056702,
902347930910,2,-0.16585511,0.49472123,-0.6749464,
902357940675,2,-0.3381468,0.30207184,-0.6180647,
902367950441,2,-0.39622605,0.23516098,-0.723745,
902377990724,2,-0.15702347,0.25432113,-0.850681,
902387817384,2,-0.17708176,0.3276686,-0.5724097,
902397827150,2,-0.008981323,0.2891986,-0.61656785,
902407867433,2,-0.10074051,0.23336472,-0.41194335,
902418029787,2,-0.11600876,0.19983444,-0.49921188,
902428070070,2,-0.103584595,0.13442047,-0.49591872,
902438079836,2,-0.13292359,0.20821701,-0.4314029,
902448089601,2,-0.21330643,0.19010468,-0.4486171,
902458129884,2,-0.00583786,0.1672023,-0.42212218,
902468139650,2,-0.25402176,0.3357518,-0.33470398,
902478179933,2,-0.24354355,0.25447083,-0.5442682,
902488189699,2,-0.12663665,0.12558883,-0.5195696,
902498199464,2,-0.15103592,0.1472937,-0.5574408,
902508209230,2,-0.1088237,-0.006586304,-0.41703278,
902518249513,2,-0.14953904,0.1261876,-0.46687913,
902528259279,2,-0.10822494,0.20402573,-0.43304947,
902538269044,2,-0.14684464,0.27033782,-0.4872368,
902548278810,2,0.008532257,0.20896545,-0.4671785,
902558319093,2,-0.016465759,0.17274079,-0.4087999,
902568328859,2,-0.09475296,0.15762222,-0.42945695,
902578369142,2,0.015567627,0.17543519,-0.3171904,
902588195802,2,-0.056582335,0.32961455,-0.63078827,
902598205568,2,-0.20013382,0.24758515,-0.5484595,
902608215333,2,-0.2136058,0.27138564,-0.40685394,
902618255617,2,0.015867004,0.20761825,-0.40251297,
902628265382,2,0.036823425,0.16839981,-0.40371048,
902638275148,2,-0.16001724,0.33156052,-0.34293687,
902648468019,2,-0.08951385,0.36958146,-0.45879593,
902658508302,2,-0.032482453,0.23276596,-0.3847,
902668518068,2,-0.07080276,0.20701951,-0.47301635,
902678527833,2,-0.10942245,0.24249573,-0.5186714,
902688568117,2,-0.1633104,0.2017804,-0.5574408,
902698577882,2,-0.12933105,0.34712815,-0.5517526,
902708618165,2,-0.04819977,0.36733612,-0.5065466,
902718627931,2,0.054486696,0.4046086,-0.50011003,
902728637697,2,-0.17289047,0.327968,-0.58453447,
902738647462,2,-0.2561174,0.54067564,-0.5965096,
902748687745,2,-0.12394226,0.40296203,-0.36958146,
902758697511,2,-0.0916095,0.42766067,-0.41194335,
902768737794,2,-0.2269281,0.68048495,-0.4263135,
902778747560,2,-0.20252883,0.56687117,-0.66177386,
902788757325,2,-0.19444565,0.5610333,-0.5773494,
902798797609,2,-0.18097366,0.4552034,-0.6608757,
902808807374,2,-0.3240761,0.27782226,-0.6164181,
902818817140,2,-0.08966354,0.22767654,-0.5123845,
902828826906,2,-0.085023195,0.2522255,-0.47286665,
902838836671,2,-0.004939728,0.3929329,-0.38694534,
902848876955,2,-0.08053253,0.21465363,-0.30701157,
902858886720,2,-0.19145188,0.38110748,-0.36718643,
902868896486,2,-0.2323169,0.19399658,-0.32183075,
902878936769,2,0.007484436,0.31150222,-0.3954776,
902888946535,2,-0.08202942,0.21869522,-0.3927832,
902898986818,2,0.07529343,0.26734406,-0.4352948,
902908996584,2,-0.11735596,0.21300705,-0.41927812,
902919006349,2,-0.017064514,0.31928605,-0.5369334,
902929016115,2,-0.02574646,0.28216323,-0.5287006,
902939025880,2,-0.020207977,0.14115646,-0.6050418,
902949127199,2,-0.104183346,0.1181044,-0.60459274,
902959075929,2,-0.08906479,0.16555573,-0.6759943,
902969116213,2,-0.047601014,0.22363494,-0.5769003,
902979125978,2,-0.122894436,0.35236725,-0.6249504,
902989135744,2,-0.16271164,0.32003447,-0.531844,
902999145509,2,-0.121247865,0.25012985,-0.48798522,
903009185793,2,-0.19220032,0.25027955,-0.67389864,
903019195558,2,-0.081580356,0.3161426,-0.53783154,
903029205324,2,-0.10657837,0.19803818,-0.53139496,
903039215090,2,-0.12064911,0.20522323,-0.6212082,
903049255373,2,-0.1817221,0.11541,-0.5281018,
903059265138,2,-0.14160553,0.2377057,-0.4697232,
903069305421,2,0.034578096,0.13187577,-0.4620891,
903079315187,2,-0.09460327,0.25926086,-0.34323624,
903089324953,2,-0.13427079,0.26644593,-0.6328839,
903099365236,2,-0.01167572,0.18666184,-0.522713,
903109375001,2,0.013322297,0.16989669,-0.46762756,
903119384767,2,-0.07798782,0.19863693,-0.46957353,
903129394533,2,-0.008981323,0.13891113,-0.40969804,
903139404298,2,-0.085472256,0.15283218,-0.29758117,
903149414064,2,-0.14280304,0.1936972,-0.53423905,
903159454347,2,-0.025447082,0.13591737,-0.49531996,
903169464113,2,-0.18785934,0.029488677,-0.4538562,
903179504396,2,-0.032183073,0.16810043,-0.42930725,
903189514162,2,-0.15822098,0.2348616,-0.4921765,
903199523927,2,-0.18351837,0.11391312,-0.50250506,
903209533693,2,-0.11181747,0.047301635,-0.68916684,
903219573976,2,-0.07858658,0.086220704,-0.63497955,
903229583742,2,-0.32422578,0.061821442,-0.7414082,
903239593507,2,-0.10777588,-0.11376343,-0.60608965,
903249633790,2,-0.15822098,-0.04939728,-0.59501266,
903259643556,2,-0.21405487,-0.014968872,-0.6727011,
903269683839,2,-0.24040009,0.07993378,-0.7515871,
903279693605,2,-0.24998017,0.10942245,-0.7548802,
903289520265,2,-0.24788453,-0.05643265,-0.8199948,
903299530031,2,-0.26000932,-0.042661287,-0.7604187,
903309539796,2,-0.32003447,-0.056881715,-0.96683943,
903319549562,2,-0.29234207,-0.0583786,-0.8710387,
903329772951,2,-0.1898053,-0.08023316,-0.94648176,
903339782716,2,-0.28605515,-0.010927277,-1.031954,
903349822999,2,-0.1207988,-0.011226654,-1.2552896,
903359649660,2,-0.14115646,0.24533981,-1.282982,
903369659425,2,-0.27677444,0.2377057,-1.2250525,
903379669191,2,-0.22213806,0.20387603,-0.9985735,
903389678956,2,-0.042212218,0.2933899,-0.9369017,
903399688722,2,-0.18606308,0.08876541,-1.0267149,
903409729005,2,-0.16705261,-0.020657044,-0.9753717,
903419708253,2,-0.14295273,0.07514374,-1.0044113,
903429779054,2,-0.14923966,0.0291893,-0.9364526,
903439788820,2,0.006586304,0.022303618,-0.99992067,
903449798585,2,0.0690065,0.16645385,-0.895887,
903459838868,2,0.03502716,0.16046631,-0.96264815,
903470031740,2,0.052840117,0.1261876,-1.0020163,
903480072023,2,0.017064514,0.10103989,-0.90337145,
903490081788,2,-0.008083191,0.31105316,-0.83152086,
903499938966,2,0.14355148,0.32901582,-0.8479866,
903509948732,2,0.09430389,0.29234207,-0.88436097,
903519958498,2,0.14714402,0.16690293,-0.82298857,
903529968263,2,0.11002121,0.22677842,-0.8744815,
903539978029,2,0.3001259,0.4537065,-0.9054671,
903549987794,2,0.010029145,0.51971924,-1.0719209,
903560028078,2,-0.08951385,0.8464897,-1.3524376,
903570037843,2,-0.19534378,0.87148774,-1.64463,
903580078127,2,-0.29922774,0.9352551,-1.6961229,
903590087892,2,-0.07544312,0.85562074,-1.8166223,
903600097658,2,-0.0043409728,0.8643027,-1.6227754,
903610137941,2,0.12484039,0.8069719,-1.6256195,
903620147707,2,0.1924997,0.7960446,-1.5603552,
903630157472,2,0.02335144,0.8955876,-1.5997233,
903640167238,2,-0.04445755,0.78661424,-1.4766792,
903650177004,2,-0.04655319,0.81385756,-1.3668077,
903660217287,2,-0.12484039,0.70263886,-1.4492862,
903670227052,2,-0.13097763,0.7408095,-1.4314733,
903680236818,2,-0.16555573,0.5763016,-1.3407619,
903690277101,2,-0.32362702,0.52885026,-1.3407619,
903700286867,2,-0.21420456,0.48139894,-1.1743081,
903710296632,2,-0.20387603,0.46672943,-1.2058923,
903720336916,2,-0.23965164,0.45699966,-1.1404784,
903730346681,2,-0.13561799,0.40790176,-1.1189232,
903740356447,2,-0.18501526,0.39233413,-1.3470488,
903750366213,2,-0.28725266,0.36284545,-1.5028747,
903760375978,2,-0.3583548,0.4540059,-1.5679893,
903770416261,2,-0.35102004,0.48499146,-1.5878979,
903780639650,2,-0.34458342,0.69290906,-1.545536,
903790618898,2,-0.47840515,0.837209,-1.6595988,
903800659181,2,-0.5177733,0.92402846,-1.4958394,
903810699464,2,-0.6474037,0.99438214,-1.6227754,
903820709230,2,-0.5430707,0.57136184,-1.7262104,
903830718996,2,-0.3291655,0.6692583,-1.7738113,
903840728761,2,-0.26090744,0.55803955,-1.5251784,
903850769044,2,-0.18426682,0.44756928,-1.588347,
903860809328,2,-0.15881974,0.6192622,-1.4184504,
903870635988,2,0.047301635,0.52091676,-1.4495856,
903880645753,2,0.24893235,0.59516233,-1.403182,
903890655519,2,0.22932312,0.44921586,-1.3461506,
903900695802,2,0.33081207,0.51043856,-1.368604,
903910705568,2,0.14100677,0.5956114,-1.3442047,
903920898439,2,0.24489075,0.8316705,-1.2320879,
903930908205,2,0.2612068,0.82104266,-1.0118958,
903940917970,2,0.38694534,0.7764354,-1.113235,
903950744630,2,0.3903882,0.58588165,-1.0782079,
903960784913,2,0.6951544,0.84110093,-1.0120454,
903970794679,2,0.624651,0.48783553,-0.8497829,
903980804445,2,0.6312373,0.45849654,-0.6521938,
903990814210,2,0.7322772,0.46283752,-0.6969507,
904000854494,2,0.6851253,0.44906616,-0.5990543,
904010864259,2,0.7560777,0.31359786,-0.60579026,
904020874025,2,0.6578819,0.23291565,-0.51717454,
904030883790,2,0.7839198,0.09250763,-0.5258565,
904040893556,2,0.690065,0.07214996,-0.5664221,
904050903322,2,0.59890455,0.16899857,-0.7006929,
904060943605,2,0.5125342,0.17199235,-0.859812,
904070953371,2,0.3302133,-0.0022453307,-1.3088782,
904080993654,2,0.66431856,0.16271164,-1.0002201,
904091033937,2,0.726589,0.4459227,-1.1653267,
904101013185,2,0.8650511,0.5641768,-1.083896,
904111022951,2,0.85127974,0.47990203,-1.2024494,
904121063234,2,0.62300444,0.058228914,-1.1963123,
904131072999,2,-0.15223342,-0.1910028,-0.2201921,
904141113283,2,-0.006586304,-0.45849654,-1.2120296,
904151123048,2,0.3689827,-0.53992724,-1.6325052,
904161163331,2,1.147364,-0.80248123,-1.9248472,
904171173097,2,1.6988173,-0.798739,-1.8037491,
904181182863,2,1.6557069,-0.7779323,-1.4834152,
904191192628,2,1.0397378,-0.7680528,-0.9993219,
904201202394,2,0.45490402,-0.76251435,-0.20761825,
904211242677,2,-0.23037094,-0.39742357,0.6553372,
904221252443,2,-0.74290514,-0.62285477,1.0020163,
904231292726,2,-0.9330098,-0.41748184,1.2048445,
904241302492,2,-0.49187714,-0.20073257,1.4093193,
904251312257,2,-0.16450791,0.066910855,1.4325211,
904261322023,2,-0.32632142,0.17393829,1.5449373,
904271362306,2,-0.44532394,0.13082795,1.3510904,
904281372072,2,-0.83541274,0.33006364,0.9764195,
904291381837,2,-1.0798545,0.4314029,0.7300319,
904301422121,2,-1.1258088,0.778531,0.13681549,
904311431886,2,-1.0677296,0.6644682,-0.24713607,
904321441652,2,-0.79799056,0.74949145,-0.6192622,
904331481935,2,-0.6638695,0.5626799,-0.8529263,
904341491701,2,-0.5065466,0.51043856,-0.816552,
904351531984,2,-0.3677852,0.54860914,-0.56148237,
904361511232,2,-0.4098477,0.35116974,-0.27707383,
904371551515,2,-0.60459274,0.15567628,0.08936416,
904381561281,2,-0.80622345,0.18082398,0.24923173,
904391601564,2,-1.0003697,-0.007933502,0.4035608,
904401611330,2,-0.907413,-0.052989807,0.3517685,
904411621095,2,-0.75937086,-0.036823425,0.31644195,
904421661378,2,-0.8681946,0.035775606,0.16106506,
904431671144,2,-0.71251833,-0.14579682,0.102686465,
904441680910,2,-0.54337007,0.1008902,-0.14355148,
904451690675,2,-0.7032376,-0.25267455,-0.25911117,
904461730959,2,-0.6978488,-0.27243346,-0.65264285,
904471740724,2,-0.5629793,-0.7586224,-1.0753638,
904481750490,2,-0.6951544,-0.82972455,-1.3982424,
904491790773,2,-0.36688706,-0.7861652,-1.6148419,
904501800539,2,-0.260159,-0.66177386,-1.6021184,
904511779787,2,-0.33500335,-0.46897477,-1.8079404,
904521820070,2,-0.6908134,-0.41403902,-1.6208295,
904531829836,2,-0.68048495,-0.32856673,-1.5374528,
904541870119,2,-0.85921323,-0.12978011,-1.2759466,
904551879884,2,-0.8586145,-0.05478607,-1.2600796,
904561889650,2,-0.76131684,-0.0742456,-1.2608281,
904571899416,2,-0.82104266,-0.20896545,-1.3768369,
904581970216,2,-0.66282165,-0.2255809,-1.4310242,
904591949464,2,-0.5709128,-0.30162278,-1.5413448,
904601989748,2,-0.41927812,-0.24459137,-1.624422,
904611999513,2,-0.32437545,-0.2257306,-1.35124,
904622009279,2,-0.39173537,-0.25521928,-1.2681628,
904632049562,2,-0.0755928,-0.21210891,-0.8972342,
904642059328,2,0.29518616,-0.5550458,-0.42272094,
904652069093,2,0.4179309,-0.6286926,-0.15687378,
904662078859,2,0.75398207,-0.41613466,0.22333556,
904672119142,2,0.97881454,-0.3912863,0.47451323,
904682098390,2,0.73332506,-0.37122804,0.74949145,
904692138673,2,0.7445517,-0.41658372,0.9051677,
904702148439,2,0.38140687,-0.18007553,0.96579164,
904712188722,2,0.4764592,-0.24384293,0.6264473,
904722198488,2,0.35311568,-0.16420853,0.1472937,
904732208253,2,0.29144394,-0.2585124,-0.32018417,
904742248537,2,0.5695656,-0.22947282,-0.82044387,
904752258302,2,0.9985735,-0.13127701,-1.1458671,
904762268068,2,1.4245876,0.064216465,-1.1484119,
904772277833,2,1.5548167,0.09190887,-1.0756631,
904782318117,2,1.1976595,0.41748184,-0.7484436,
904792358400,2,0.8804691,0.7455995,-0.3210823,
904802368165,2,0.3598517,0.65803164,-0.021405486,
904812377931,2,0.34188902,0.8000862,0.122595064,
904822418214,2,0.2522255,1.0801538,0.36853364,
904832427980,2,0.3847,1.0578502,0.6132747,
904842437745,2,0.46657974,1.203647,0.8418494,
904852447511,2,0.42302033,1.1545491,0.92941725,
904862457277,2,0.50220567,1.233435,0.9190887,
904872467042,2,0.4297563,1.1644286,0.8268805,
904882507325,2,0.40595582,1.2054433,0.74919206,
904892547609,2,0.511636,1.1051518,0.7762857,
904902557374,2,0.51208514,1.0111473,0.7924521,
904912567140,2,0.3770659,1.1238629,0.8602611,
904922576906,2,0.34188902,1.2193643,0.79933774,
904932617189,2,0.104931794,1.0654843,0.7879614,
904942626955,2,0.06915619,1.3434563,0.44547364,
904952667238,2,0.04445755,1.2711567,0.21914428,
904962677004,2,-0.11780503,1.181493,-0.09370514,
904972686769,2,-0.11256592,0.8152048,-0.46074188,
904982696535,2,-0.17498611,0.886756,-0.5641768,
904992736818,2,-0.51567763,0.76161623,-0.38005966,
905002746584,2,-0.60713744,0.6331833,-0.27123597,
905012756349,2,-0.7605684,0.5930667,-0.23306534,
905022766115,2,-1.0958711,0.5053491,-0.3198848,
905032836916,2,-1.0466236,0.35416353,-0.41852966,
905042999269,2,-1.3001962,0.5164261,-0.76356214,
905053039552,2,-1.353186,0.48274612,-0.85681826,
905063049318,2,-1.5154486,0.58977354,-1.0644364,
905073059084,2,-1.5666422,0.55953646,-1.0090517,
905083068849,2,-1.8495538,0.47930327,-1.0382409,
905093078615,2,-2.0100203,0.569865,-1.0178833,
905102905275,2,-2.0425026,0.4567003,-1.1127859,
905112945558,2,-1.8522482,0.46149033,-1.1861334,
905122955324,2,-1.6516653,0.66252226,-1.133892,
905132995607,2,-1.5164964,0.8842113,-1.291664,
905143005373,2,-1.3192067,0.8620573,-0.9051677,
905153228761,2,-1.1698173,1.0336006,-0.80487627,
905163055421,2,-1.1681708,1.0865904,-0.58049285,
905173248293,2,-1.0508149,1.2253518,-0.4483177,
905183258058,2,-1.1311977,0.9801617,-0.53992724,
905193115236,2,-0.92283094,1.0090517,-0.3983217,
905203125002,2,-0.7623646,0.9533675,-0.43873763,
905213104250,2,-0.37916154,0.86385363,-0.73586977,
905223144533,2,-0.34548157,0.68123335,-0.5324428,
905233154298,2,0.046403505,0.757874,-0.54366946,
905243194582,2,0.12843293,0.6557863,-0.20327729,
905253234865,2,0.25297394,0.5783972,0.120200045,
905263214113,2,0.13097763,0.5673202,0.086969145,
905273223878,2,0.20686981,0.4290079,0.22333556,
905283294679,2,0.41688308,0.4894821,0.33679962,
905293304445,2,0.6372249,0.48768586,0.058079224,
905303314210,2,0.7921527,0.34278718,-0.28994706,
905313293459,2,0.8053253,0.23067032,-0.3983217,
905323333742,2,1.3470488,0.1580713,-0.78781176,
905333343507,2,1.8097366,-0.14953904,-0.7592212,
905343353273,2,2.0369642,-0.214953,-0.8222401,
905353393556,2,2.1122575,-0.18336868,-0.39637575,
905363433839,2,1.8256036,-0.32856673,-0.019459534,
905373443605,2,1.5025754,-0.18741028,0.658331,
905383453371,2,1.3383669,-0.38110748,1.2121793,
905393463136,2,1.151705,-0.35625917,1.4837146,
905403503419,2,0.76101744,-0.4725673,1.201252,
905413513185,2,0.69485503,-0.7503896,0.88196594,
905423553468,2,0.6851253,-1.1250604,0.27931917,
905433746339,2,0.690065,-1.0829979,-0.20746857,
905443786622,2,0.70293826,-1.0109977,-0.4537065,
905453582765,2,0.32168105,-0.90441924,-0.55010605,
905463592531,2,0.100141756,-0.7363188,-0.17543519,
905473632814,2,0.012723541,-0.48229706,0.30431718,
905483642579,2,-0.21136047,-0.32901582,0.49546966,
905493652345,2,-0.29234207,-0.3939807,0.45205992,
905503662111,2,-0.4486171,-0.43454635,0.2122586,
905513732912,2,-0.55324954,-0.6396199,0.07544312,
905523712160,2,-0.37272492,-0.8412506,-0.76191556,
905533721925,2,-0.24953109,-0.88316345,-0.90217394,
905543731691,2,-0.3276686,-0.7363188,-0.8731343,
905553771974,2,-0.43903702,-0.6622229,-0.9608519,
905563781740,2,-0.82268924,-0.3161426,-0.5556445,
905573791505,2,-0.8440947,-0.18770966,-0.5228627,
905583831788,2,-0.8678952,-0.07439529,-0.14489868,
905593841554,2,-1.146915,-0.13471985,-0.051343232,
905603851320,2,-1.3070819,-0.048648834,-0.35476226,
905613891603,2,-1.3918058,-0.0690065,-0.66282165,
905623901368,2,-1.5560143,-0.03996689,-1.149759,
905633941652,2,-1.6863931,0.064815216,-1.2745994,
905643951417,2,-1.7284557,0.028291168,-1.541195,
905653961183,2,-1.9151175,-0.17468673,-1.6028668,
905663970949,2,-1.7995578,-0.043409728,-1.4404546,
905673980714,2,-1.7705182,-0.015867004,-1.473386,
905683990480,2,-1.5886464,-0.018411713,-1.2769945,
905694030763,2,-1.5344591,0.012723541,-1.099763,
905704071047,2,-1.5067667,0.08951385,-1.0880873,
905714111330,2,-1.4364129,0.34188902,-0.69919604,
905724121095,2,-1.2277468,0.17663269,-0.59007293,
905734344484,2,-1.0322534,0.24908203,-0.547711,
905744171144,2,-0.7861652,0.3251239,-0.54860914,
905754180910,2,-0.46149033,0.15687378,-0.5387297,
905764190675,2,-0.22782624,0.01871109,-0.742007,
905774200441,2,0.034129027,-0.16181351,-1.081052,
905784210207,2,0.43334883,0.005388794,-1.239273,
905794250490,2,0.6905141,-0.041314088,-1.2189152,
905804260255,2,0.51567763,-0.08906479,-1.1082953,
905814270021,2,0.27916947,-0.07679031,-0.87927157,
905824249269,2,0.30985564,-0.07604187,-0.29234207,
905834289552,2,0.26210496,-0.11511063,0.17169297,
905844512941,2,0.33215928,-0.02814148,0.31554383,
905854370119,2,0.6325845,-0.026345216,0.51582736,
905864379884,2,0.8909473,-0.17797989,0.5008585,
905874389650,2,0.8569679,-0.083675995,0.41598496,
905884399416,2,0.8779243,-0.04086502,0.0023950196,
905894409181,2,0.9494755,-0.0809816,-0.35131943,
905904449464,2,1.2380754,0.21240829,-0.78062665,
905914489748,2,1.4194981,0.26105714,-1.0831475,
905924499513,2,1.6392412,0.33126113,-1.1605366,
905934509279,2,1.6202307,0.53289187,-1.0020163,
905944519044,2,1.4365627,0.57660097,-0.71506304,
905954559328,2,1.345552,0.6950047,-0.19190094,
905964569093,2,1.4937438,0.60579026,0.25177643,
905974578859,2,1.6893868,0.40041733,1.0577005,
905984588625,2,1.748963,0.32841706,1.4964381,
905994598390,2,1.8958076,0.53334093,1.8907182,
906004608156,2,1.8205142,0.5372328,1.9130218,
906014617921,2,1.8458116,0.6456075,1.6759149,
906024688722,2,1.5661931,0.71506304,1.429677,
906034667970,2,1.4835649,1.001717,0.9425899,
906044677736,2,0.7232959,0.9804611,0.35131943,
906054718019,2,0.46657974,1.0159373,0.16899857,
906064758302,2,0.22812562,0.970432,-0.03757187,
906074768068,2,0.08876541,0.78227323,-0.2585124,
906084777833,2,0.11615845,1.0639874,-0.46328658,
906094787599,2,-0.3556604,1.0574012,-0.42287064,
906104797365,2,-0.73033124,1.0141411,-0.53992724,
906114837648,2,-1.2603791,1.1852353,-0.6277945,
906124847413,2,-1.4829662,1.0704241,-0.78062665,
906134918214,2,-1.7431252,0.90277267,-1.153651,
906144897462,2,-1.6865429,0.59815615,-1.2751982,
906154907228,2,-1.4932947,0.4391867,-1.2891192,
906164916994,2,-1.5305672,0.27946883,-1.2763957,
906174957277,2,-1.7887802,0.40311173,-1.1183244,
906184967042,2,-1.8652711,0.282762,-1.0743159,
906195007325,2,-1.8925145,0.14280304,-0.86445236,
906205017091,2,-1.8717078,0.014519806,-1.0524614,
906215057374,2,-1.9559826,0.15148498,-0.9939331,
906225067140,2,-2.0857627,0.35146913,-1.1461666,
906235076906,2,-2.0535796,0.32093263,-1.3163626,
906245086671,2,-2.1902454,0.18830842,-1.2226574,
906255126955,2,-2.210603,0.26854157,-1.3771362,
906265136720,2,-2.0453467,0.33096176,-1.3638139,
906275329591,2,-1.8182689,0.5914201,-1.1819421,
906285186769,2,-1.4745836,0.70548296,-1.1135345,
906295379640,2,-1.3468992,0.7393126,-0.8614586,
906305206300,2,-0.98824495,0.64800245,-0.5954617,
906315216066,2,-0.82972455,0.6572832,-0.5105882,
906325256349,2,-0.6962022,0.5134323,-0.34697846,
906335266115,2,-0.52376086,0.3659889,-0.49966094,
906345275880,2,-0.29892838,0.3954776,-0.33425492,
906355285646,2,0.007484436,0.305365,-0.37916154,
906365295412,2,0.052840117,0.40146515,-0.43289977,
906375335695,2,0.25911117,0.56881714,-0.20013382,
906385345460,2,0.20761825,0.39862105,-0.09804611,
906395568849,2,0.24668701,0.5261558,-0.052391052,
906405364992,2,0.046104126,0.60040146,0.069305874,
906415435793,2,0.3408412,0.6316864,0.0011975098,
906425445558,2,0.8795709,0.5798941,-0.21540207,
906435455324,2,1.0309062,0.54890853,-0.5334906,
906445465090,2,1.5082636,0.36703673,-1.0102491,
906465484621,2,1.7312998,0.42945695,-1.1302996,
906475524904,2,1.7182769,0.30326936,-0.6638695,
906485534670,2,1.5874488,-0.044008482,-0.10837463,
906495544435,2,1.6003221,0.012723541,0.82328796,
906505584718,2,1.590742,-0.066761166,1.443149,
906515594484,2,1.5801141,-0.28470793,1.9631675,
906525604250,2,1.5382013,-0.6664142,2.0330722,
906535614015,2,1.4630575,-0.9139993,1.719175,
906545623781,2,1.2731025,-1.2159215,0.9671388,
906555633547,2,1.2169693,-1.3000466,0.25282425,
906565856935,2,1.0542576,-1.1409274,0.27018815,
906575683595,2,0.92148376,-0.9638457,-0.04011658,
906585723878,2,0.71506304,-0.7240443,0.23336472,
906595733644,2,0.37497026,-0.4487668,0.7592212,
906605773927,2,0.15343094,-0.3954776,0.81041473,
906615783693,2,-0.20627105,-0.29279113,0.5719606,
906625823976,2,-0.22483246,-0.060474243,0.34428406,
906635803224,2,-0.40520737,-0.26315278,-0.291893,
906645843507,2,-0.34982255,-0.31240037,-0.93615323,
906655853273,2,-0.3610492,-0.23082,-1.1975098,
906665863039,2,-0.46882507,-0.12798385,-1.5202386,
906675903322,2,-0.6854246,-0.09355545,-1.4759308,
906685882570,2,-0.9605525,-0.088166654,-1.3504916,
906695922853,2,-1.0214758,-0.13681549,-0.96803695,
906705932619,2,-1.0740166,-0.070503384,-0.6221063,
906715942384,2,-1.3286371,0.14265335,-0.522713,
906725982667,2,-1.3945001,-0.04670288,-0.32886612,
906736022951,2,-1.5599061,-0.015417938,-0.30072463,
906746063234,2,-1.5823594,-0.005388794,-0.5189708,
906756042482,2,-1.7543519,-0.23411316,-0.90471864,
906766052248,2,-1.7540524,-0.033081207,-1.4251863,
906776062013,2,-1.8476079,-0.10508148,-1.750909,
906786102296,2,-1.7583934,0.039517824,-1.7901274,
906796112062,2,-1.8001566,-0.089214474,-1.6907341,
906806152345,2,-1.7794995,0.09145981,-1.5703844,
906816131593,2,-1.6829503,0.026644593,-1.2772938,
906826171876,2,-1.5696359,0.06661148,-1.0985656,
906836212160,2,-1.4271322,0.19848724,-0.82328796,
906846252443,2,-1.2272978,0.11406281,-0.94363767,
906856231691,2,-0.818947,0.03592529,-1.0202783,
906866241456,2,-0.6676117,0.11645783,-0.97342575,
906876281740,2,-0.52855086,0.26584718,-1.121468,
906886291505,2,-0.10642868,0.5721103,-1.0556048,
906896301271,2,-0.11451187,0.39263353,-0.9527687,
906906341554,2,-0.1273851,0.35655853,-0.9855505,
906916351320,2,-0.14100677,0.12484039,-1.1370355,
906926361085,2,0.3436853,-0.1936972,-0.9270222,
906936401368,2,0.74544984,-0.050744478,-0.90501803,
906946411134,2,1.3352234,-0.27437943,-0.72898406,
906956420900,2,1.5328125,-0.15837067,-0.13427079,
906966461183,2,1.6798068,-0.0796344,0.46253815,
906976470949,2,1.6751665,-0.11436218,1.0946736,
906986480714,2,1.4880556,0.023950195,1.5018269,
906996490480,2,1.8510507,0.082777865,1.3659096,
907006530763,2,2.270778,0.18785934,0.837209,
907016540529,2,2.5734484,0.065264285,0.46807662,
907026550294,2,2.7961853,-7.484436E-4,-0.517923,
907036560060,2,2.810256,0.23875351,-1.1238629,
907046600343,2,2.2993684,0.5993536,-1.4295273,
907056640627,2,1.9829265,0.7041357,-1.419049,
907066650392,2,1.459465,0.78377014,-0.7705975,
907076660158,2,1.2648697,0.9687854,-0.34024248,
907086669923,2,1.3519886,0.97402453,0.3878435,
907096679689,2,1.2994478,0.7873627,0.9874965,
907106689455,2,1.2855268,0.8042775,1.2082874,
907116729738,2,1.0234218,1.0762619,1.0273137,
907126739504,2,0.5945636,0.9008267,0.82613206,
907136749269,2,0.3237767,0.97207856,0.42287064,
907146789552,2,0.11271561,0.9702823,0.07918534,
907156829836,2,0.23067032,1.1481125,-0.032033388,
907166839601,2,0.11106903,1.3124707,-0.10208771,
907176849367,2,-0.011825409,1.3103751,-0.22707778,
907186859132,2,-0.20088226,1.3718971,-0.2814148,
907196868898,2,-0.22483246,1.3473482,-0.41897872,
907206878664,2,-0.470771,1.4016852,-0.5786966,
907216918947,2,-0.81295943,1.3439053,-0.9089099,
907226928713,2,-1.1172767,1.2341835,-0.9380992,
907236938478,2,-1.4908997,1.1332933,-1.0427316,
907246978761,2,-1.6363971,0.89498883,-1.1451187,
907257019044,2,-1.7012123,0.8903485,-1.1820918,
907267028810,2,-1.739383,0.8430469,-1.0822494,
907277038576,2,-1.7401314,0.7262897,-0.86355424,
907287078859,2,-1.8616786,0.4725673,-0.79993653,
907297088625,2,-1.7937199,0.44158173,-0.63812304,
907307098390,2,-2.089505,0.5138814,-0.8186476,
907317108156,2,-2.2345533,0.5292993,-0.94049424,
907327148439,2,-2.5346792,0.28066635,-1.0027647,
907337127687,2,-2.407743,0.30341902,-1.2859758,
907347167970,2,-2.227368,0.33889526,-1.133892,
907357177736,2,-1.8447638,0.44756928,-1.3115726,
907367218019,2,-1.6983682,0.47705796,-1.2011023,
907377227785,2,-1.5973283,0.45834687,-1.081501,
907387237550,2,-1.4489868,0.37571868,-1.0403366,
907397247316,2,-1.1885284,0.5599855,-0.9877959,
907407257082,2,-0.96429473,0.58049285,-0.8493338,
907417266847,2,-0.8839119,0.58079225,-0.6887178,
907427307130,2,-0.78062665,0.6291417,-0.63093793,
907437316896,2,-0.5221143,0.66940796,-0.5492079,
907447326662,2,-0.25641677,0.5771997,-0.5812413,
907457366945,2,-0.07873627,0.29773086,-0.35925293,
907467376710,2,0.030835876,0.33171022,-0.50774413,
907477386476,2,0.09909394,0.34443375,-0.5876779,
907487396242,2,0.14280304,0.2615062,-0.5412744,
907497436525,2,0.20417541,0.22213806,-0.32721955,
907507446290,2,0.29563522,0.3887416,-0.14400055,
907517456056,2,0.37661684,0.4896318,-0.017812958,
907527496339,2,0.56058425,0.57660097,-0.18276992,
907537506105,2,0.74485105,0.5192702,-0.2814148,
907547576906,2,1.0100995,0.5493576,-0.6503975,
907557556154,2,1.3045372,0.51837206,-0.7668553,
907567565919,2,1.4530284,0.20028351,-0.6126759,
907577606202,2,1.8788928,0.24878265,-0.47166917,
907587615968,2,2.0082238,0.1353186,0.16810043,
907597625734,2,1.8043479,-0.052241363,1.1231145,
907607666017,2,1.8062938,-0.22797592,1.4856606,
907617645265,2,1.6055613,-0.60998154,1.7357904,
907627685548,2,1.3855188,-0.82343763,1.4105169,
907637695314,2,1.355581,-0.8577164,0.80307996,
907647735597,2,1.1325449,-0.9574091,0.07244934,
907657745363,2,0.8620573,-1.0103989,-0.061522063,
907667755128,2,0.58363634,-0.55893767,0.104183346,
907677764894,2,0.4046086,-0.17708176,0.067210235,
907687805177,2,0.31150222,-0.14669494,0.49322432,
907697814943,2,-0.029488677,0.07304809,0.4260141,
907707855226,2,-0.15822098,-0.099543,0.19444565,
907717864992,2,-0.048349455,-0.29294083,-0.5141808,
907727874757,2,-0.22378464,-0.20462447,-1.0764116,
907737915041,2,-0.038020935,-0.57914567,-1.6408877,
907747924806,2,-0.09744736,-0.6971004,-1.7977616,
907757934572,2,-0.009879456,-0.70398605,-1.5932868,
907767974855,2,-0.26195526,-0.56118304,-1.117127,
907777954103,2,-0.42376876,-0.436642,-0.8000862,
907787994386,2,-0.606389,-0.38963974,0.026494903,
907798004152,2,-0.7674541,-0.24174729,0.07753876,
907808013917,2,-0.91669375,-0.087268524,0.103584595,
907818054201,2,-1.235381,-0.17154327,0.026644593,
907828063966,2,-1.4552737,-0.16600479,-0.49966094,
907838073732,2,-1.6060103,-0.19190094,-1.1189232,
907848083498,2,-1.714834,-0.25102797,-1.6362474,
907858123781,2,-1.778302,-0.10627899,-2.0428019,
907868103029,2,-1.8146764,-0.1484912,-2.355352,
907878143312,2,-1.893263,-0.053438872,-1.923051,
907888153078,2,-1.8285974,-0.036973115,-1.6390915,
907898162843,2,-1.7780026,-0.033679962,-1.3689034,
907908172609,2,-1.9935544,0.066162415,-1.0755135,
907918243410,2,-1.8169217,0.13292359,-0.8177495,
907928253175,2,-1.6283139,0.12723541,-0.9607022,
907938293459,2,-1.4178516,-0.04924759,-1.0002201,
907948303224,2,-1.133443,0.055384826,-1.0388397,
907958343507,2,-0.8352631,0.30731094,-0.9503737,
907968322755,2,-0.74739575,0.3543132,-0.9557625,
907978332521,2,-0.49801436,0.29832962,-0.9222322,
907988372804,2,-0.30027556,0.23785537,-1.0955718,
907998382570,2,-0.09460327,-0.0073347474,-1.18299,
908008422853,2,0.087268524,-0.12813355,-1.0746154,
908018432619,2,0.17872833,-0.30147308,-0.9199869,
908028625490,2,0.38305342,-0.13861175,-0.7415579,
908038482667,2,0.26479936,0.0013471985,-0.49322432,
908048522951,2,0.40670425,0.089214474,-0.022902375,
908058502199,2,0.46134064,0.21061203,-8.9813233E-4,
908068511964,2,0.42706192,0.19938537,0.11256592,
908078552248,2,0.7753876,0.27677444,-0.15313156,
908088592531,2,0.9836046,0.30850846,-0.38380188,
908098602296,2,1.305585,0.4514612,-0.5471123,
908108612062,2,1.4838643,0.5391788,-0.65892977,
908118621828,2,1.6497194,0.5632787,-0.7312294,
908128662111,2,1.9131715,0.6637198,-0.8810678,
908138641359,2,1.7997075,0.7282356,-0.7833211,
908148681642,2,1.7007632,0.848286,-0.54322034,
908158691408,2,1.4654526,0.8830138,-0.1910028,
908168701173,2,1.7182769,0.88735473,0.48274612,
908178741456,2,1.9366727,0.86100954,0.9196875,
908188751222,2,2.0742366,0.6572832,1.1740086,
908198760988,2,2.0694466,0.84364563,1.3485457,
908208770753,2,2.0218456,0.8625064,1.3982424,
908218841554,2,1.7107924,0.816552,1.1488609,
908228851320,2,1.2340338,0.9767189,0.9925859,
908238861085,2,0.7432045,0.9792636,0.6803352,
908248870851,2,0.5300478,0.91669375,0.5322931,
908258911134,2,0.4245172,1.1069481,0.4019142,
908268920900,2,0.3065625,1.0515633,0.2933899,
908278930665,2,0.40266266,1.0500664,0.12723541,
908288940431,2,-0.037871245,0.82298857,0.015417938,
908298980714,2,-0.27662477,0.73033124,-0.025596771,
908308990480,2,-0.53902906,0.7104227,-0.25970992,
908319000245,2,-1.0148895,0.658331,-0.4339476,
908329010011,2,-1.2054433,0.4896318,-0.66057634,
908339019777,2,-1.4187497,0.3661386,-0.78122544,
908349060060,2,-1.5940351,0.17019607,-0.9292676,
908359069825,2,-1.5341597,0.121846616,-0.9729767,
908369079591,2,-1.8263521,-0.10074051,-1.4145584,
908379089357,2,-1.8459613,-0.04655319,-1.4819183,
908389099122,2,-1.9348764,-0.051941987,-1.703757,
908399139406,2,-2.0291803,-0.09355545,-1.7492623,
908409149171,2,-1.9960991,-0.058079224,-1.6411872,
908419158937,2,-2.16884,0.14310242,-1.6359481,
908429199220,2,-2.1261785,0.27153534,-1.3552817,
908439178468,2,-2.1133053,0.28515702,-1.232986,
908449218751,2,-2.1872516,0.5661228,-1.1689192,
908459228517,2,-1.9484981,0.5493576,-0.98959213,
908469238283,2,-1.7491127,0.6345305,-1.13973,
908479461671,2,-1.4379098,0.7577243,-0.916544,
908489501955,2,-1.0246193,0.79933774,-0.83810717,
908499328615,2,-1.0370435,0.8764275,-0.7864645,
908509338380,2,-0.9448352,0.6553372,-0.925226,
908519348146,2,-0.7325766,0.5490582,-0.93106383,
908529357912,2,-0.23396347,0.5536986,-0.8443941,
908539367677,2,-0.05269043,0.42526567,-0.8089178,
908549407960,2,0.19010468,0.43873763,-0.03607498,
908559448244,2,0.1115181,0.34473312,0.20746857,
908569458009,2,-0.1194516,0.31135255,0.5186714,
908579467775,2,0.0185614,0.6251001,0.95366687,
908589508058,2,0.05718109,0.7138655,0.8134085,
908599517824,2,0.15178436,1.0388397,0.57390654,
908609558107,2,0.7735913,1.2588822,0.123493195,
908619567873,2,1.0873389,1.2859758,-0.6117778,
908629608156,2,1.3641133,1.3638139,-1.2135265,
908639617921,2,1.382525,1.0496173,-1.7298028,
908649627687,2,1.5744259,0.7041357,-1.802851,
908659637453,2,1.9498453,0.37856278,-1.6266674,
908669647218,2,2.03412,0.03847,-0.6530919,
908679687501,2,1.9531385,-0.26045838,0.29758117,
908689697267,2,2.0417542,-0.58737856,1.1352392,
908699707033,2,1.7525555,-1.0922786,1.6567547,
908709716798,2,1.7967137,-1.2133768,1.4922469,
908719726564,2,1.8188677,-1.5519726,1.0129436,
908729766847,2,1.2117302,-1.9300864,0.7339238,
908739776613,2,1.2325369,-1.6170872,0.7551796,
908749816896,2,1.3236973,-1.3578264,0.9701326,
908759826662,2,1.1603869,-1.1545491,1.2653188,
908769836427,2,0.35670823,-0.701591,1.6193326,
908779876710,2,-0.0477507,-0.5831873,1.6094531,
908789886476,2,-0.5040019,-0.39712417,1.452729,
908799896242,2,-0.58902514,-0.22049148,1.0307565,
908809936525,2,-0.47451323,-0.08637039,0.09714798,
908819915773,2,-0.7250922,-0.20058289,-0.71057236,
908829956056,2,-0.64440995,-0.29638368,-1.4244379,
908839965822,2,-0.43349853,-0.429906,-2.2107527,
908850006105,2,-0.33739838,-0.25402176,-2.3128405,
908860015871,2,-0.5084926,-0.4180806,-2.1604574,
908870025636,2,-0.50265473,-0.22049148,-1.7956659,
908880035402,2,-0.7524852,-0.22123992,-1.524879,
908890045167,2,-0.9009764,-0.2377057,-0.7934999,
908900085451,2,-1.1316468,-0.38050872,-0.8108638,
908910095216,2,-1.3079801,-0.40640488,-0.77673477,
908920318605,2,-1.3715978,-0.46074188,-0.9136999,
908930328371,2,-1.4991325,-0.47975236,-1.2479548,
908940155031,2,-1.7634828,-0.531844,-1.5395485,
908950225831,2,-1.6473243,-0.34203872,-1.7615368,
908960205079,2,-1.8682649,-0.05388794,-1.8212627,
908970214845,2,-1.8146764,-0.1498384,-1.8946102,
908980255128,2,-2.0450473,0.008831634,-1.886527,
908990264894,2,-1.8582358,0.099543,-1.6263679,
909000274660,2,-1.7847387,0.1845662,-1.2970527,
909010345460,2,-1.3998889,0.08427475,-1.1844869,
909020507814,2,-0.9383986,0.09460327,-0.9824071,
909030334474,2,-0.7734416,0.009131012,-0.83122146,
909040374757,2,-0.38125718,0.2854564,-0.87777466,
909050384523,2,-0.15088624,0.19264938,-0.8659493,
909060394288,2,0.022902375,0.05718109,-1.1231145,
909070404054,2,-0.043409728,0.13442047,-1.0948234,
909090454103,2,0.027393036,-0.001047821,-0.8893007,
909100463868,2,0.21824616,-0.104033664,-0.59980273,
909110504152,2,0.3516188,0.07694,-0.47735733,
909120513917,2,0.4923262,0.06780899,-0.3769162,
909130523683,2,0.60983187,0.20088226,-0.11436218,
909140533449,2,0.6544391,0.237556,0.044008482,
909150543214,2,0.77703416,0.15702347,-0.03847,
909160614015,2,0.9023236,0.07244934,-0.0809816,
909170623781,2,1.4025834,0.1607657,-0.5959108,
909180633547,2,1.8558408,0.1924997,-0.9134006,
909190643312,2,2.186952,-0.11391312,-1.1602373,
909200653078,2,2.3812482,0.09145981,-1.5055691,
909210693361,2,2.4149282,0.2866539,-1.3015435,
909220703127,2,2.1444407,0.35131943,-0.9798624,
909230712892,2,1.9092796,0.33949402,-0.35311568,
909240722658,2,2.1965322,0.58812696,0.5008585,
909250762941,2,2.108216,0.732876,1.1249107,
909260772707,2,2.0059786,0.56627244,1.4476396,
909270812990,2,1.6714243,0.73078036,1.6621436,
909280822755,2,1.3841716,0.8244855,1.6112494,
909290832521,2,1.1804452,0.6553372,1.2750485,
909300842287,2,0.72673875,0.8830138,1.1398796,
909310882570,2,0.29877868,1.031954,0.72808594,
909320892336,2,0.29413834,1.1499088,0.54187316,
909330902101,2,0.11301498,1.1879296,0.46672943,
909340942384,2,0.1619632,1.2705579,0.29758117,
909350952150,2,0.23171814,1.1073972,0.20627105,
909360961916,2,0.00703537,1.271456,-0.18905686,
909370971681,2,-0.103285216,1.0524614,-0.57001466,
909381011964,2,-0.2998265,0.95321774,-0.58213943,
909391021730,2,-0.65458876,0.8692424,-0.87627774,
909401245119,2,-1.1297008,0.63093793,-0.966091,
909411071779,2,-1.3961467,0.658331,-1.1042536,
909421081544,2,-1.5889457,0.3983217,-0.96414506,
909431091310,2,-1.6366965,0.30955628,-1.0298584,
909441101076,2,-1.6844472,0.39263353,-1.0975177,
909451141359,2,-1.864822,0.5493576,-0.96130097,
909461181642,2,-2.1445904,0.4513115,-0.7984396,
909471374513,2,-2.0959415,0.58902514,-0.8640033,
909481201173,2,-2.1851559,0.7493417,-1.1202704,
909491210939,2,-2.2887406,0.74664736,-1.2578343,
909501220705,2,-2.2604494,0.77673477,-1.190175,
909511230470,2,-2.0444486,0.7803273,-1.2487034,
909521270753,2,-1.7995578,0.9111552,-1.1225157,
909531280519,2,-1.579216,0.8457413,-0.97776675,
909541290285,2,-1.5262262,0.87433183,-0.9090596,
909551300050,2,-1.4106665,0.9083111,-0.8881032,
909561309816,2,-1.4608122,0.6601273,-0.83511335,
909571350099,2,-1.0918295,0.619861,-0.88705534,
909581359865,2,-0.88091815,0.5267546,-1.0889854,
909591369630,2,-0.5786966,0.44128236,-1.3076806,
909601409913,2,-0.1751358,0.46882507,-1.3513898,
909611419679,2,0.057779845,0.41179368,-1.6127462,
909621459962,2,0.4709207,0.21165985,-1.2130774,
909631469728,2,0.352966,0.29219237,-1.2409195,
909641479494,2,0.12663665,0.29758117,-1.0102491,
909651489259,2,0.1445993,0.21570145,-0.5047504,
909661529542,2,0.15447876,0.5147795,-0.013022918,
909681549074,2,0.1486409,0.4456233,-0.21465363,
909691589357,2,0.11166778,0.637674,-0.50070876,
909701599122,2,0.48394364,0.7842192,-0.8114626,
909711639406,2,0.8262817,0.7818242,-0.8851094,
909721649171,2,1.1672727,0.52600616,-1.0729687,
909731658937,2,1.4714401,0.41059616,-0.8313711,
909741668702,2,1.6579523,0.07783814,-0.36973113,
909751708986,2,1.6112494,-0.052840117,0.09250763,
909761718751,2,1.7386345,-0.43843827,0.6791377,
909771728517,2,1.801354,-0.9764195,0.8267308,
909781738283,2,1.9477496,-1.3398638,0.7538324,
909791748048,2,1.8221608,-1.5120058,0.24668701,
909801818849,2,1.5712825,-1.4997313,0.043709107,
909811798097,2,1.167123,-1.4060261,0.22393432,
909821807863,2,0.8327184,-1.2391232,0.56462586,
909831848146,2,0.7680528,-1.1002121,1.1523038,
909841857912,2,0.3769162,-0.7750882,1.906735,
909851898195,2,0.16001724,-0.7312294,1.7835411,
909861907960,2,-0.25656646,-0.41478744,1.5711328,
909871917726,2,-0.14819184,-0.3902385,0.95860654,
909881958009,2,-0.2335144,-0.31644195,0.3968248,
909891967775,2,-0.29054582,-0.511636,-0.5971083,
909902008058,2,-0.2947371,-0.45684996,-1.2525952,
909912017824,2,-0.23111938,-0.43873763,-1.7018111,
909922027590,2,-0.16211289,-0.4087999,-1.8868263,
909932037355,2,-0.23740631,-0.22079086,-1.6146922,
909942077638,2,-0.41314086,-0.18636246,-1.3521382,
909952087404,2,-0.59665924,0.020207977,-1.0087523,
909962097170,2,-0.8988808,0.03742218,-0.5758525,
909972106935,2,-1.2015513,-0.015867004,-0.5031038,
909982116701,2,-1.5346087,-0.019309845,-0.617466,
909992156984,2,-1.8107845,-0.064815216,-0.98674804,
910002166750,2,-1.8109342,0.17663269,-1.3732443,
910012207033,2,-1.9032921,0.09804611,-1.762884,
910022216798,2,-1.8456619,0.1260379,-1.8902692,
910032196047,2,-1.9820284,-0.029488677,-1.8953586,
910042205812,2,-2.239493,0.086969145,-1.8450632,
910052246095,2,-2.0185523,0.15717316,-1.570085,
910062255861,2,-2.101929,0.10807525,-1.2729529,
910072265627,2,-2.0871098,-0.006436615,-1.0633887,
910082275392,2,-1.9044896,0.11002121,-0.8225395,
910092346193,2,-1.4693445,0.16974701,-0.74260575,
910102355959,2,-1.1418256,0.065114595,-0.8812175,
910112365724,2,-0.66312104,0.06436615,-0.93989545,
910122406007,2,-0.27108628,-0.0092807,-1.0508149,
910132415773,2,-0.028291168,-0.18217117,-1.4206957,
910142425539,2,-0.19953507,-0.21405487,-1.4849122,
910152465822,2,-0.20881577,-0.282762,-1.6136444,
910162445070,2,-0.32617173,-0.6319858,-1.5500267,
910172485353,2,0.029039612,-0.6954538,-1.2820839,
910182495119,2,0.2908452,-0.94588304,-0.96429473,
910192535402,2,0.7327263,-0.7219487,-0.42107436,
910202545167,2,0.8655002,-0.6521938,-0.16091537,
910212585451,2,0.99557966,-0.29623398,0.18067428,
910222595216,2,1.0835967,0.120200045,0.38574782,
910232604982,2,1.2042458,0.20657043,0.20507355,
910242645265,2,1.2602293,0.48199767,-0.032183073,
910252655031,2,1.3516891,0.744402,-0.40146515,
910262695314,2,1.5250287,0.6185138,-0.9922865,
910272705079,2,1.9240988,0.41463774,-1.5217355,
910282714845,2,2.0809727,0.30820906,-1.8366807,
910292724611,2,2.4444168,0.4897815,-1.7256116,
910302734376,2,2.3076012,0.48843428,-1.2003539,
910312774660,2,2.2083578,0.8376581,-0.16570541,
910322784425,2,2.0068767,1.0762619,0.5144801,
910332824708,2,1.9914588,1.203647,1.1638298,
910342803956,2,1.8471588,1.3305831,1.701362,
910352813722,2,1.7824932,1.1880794,1.732647,
910362854005,2,1.531166,1.0231224,1.7914746,
910372894288,2,1.493145,0.76655596,1.3079801,
910382904054,2,1.3578264,0.8928932,0.96324694,
910392913820,2,0.70832705,0.7779323,0.36479142,
910402923585,2,0.47765672,0.85681826,0.28246263,
910412933351,2,0.3797603,0.9557625,0.060324553,
910422943117,2,0.5071454,1.0277628,-0.07005432,
910432983400,2,0.20402573,1.1784993,-0.1911525,
910442993165,2,-0.039068755,1.1424243,-0.3107538,
910453002931,2,-0.5005591,1.1301498,-0.4180806,
910463043214,2,-0.73601943,0.9624985,-0.76356214,
910473052980,2,-1.0907817,0.7273375,-0.98450273,
910483062745,2,-1.2672647,0.78227323,-1.1813434,
910493103029,2,-1.3425581,0.6493497,-1.3765374,
910503112794,2,-1.6482224,0.53992724,-1.3882132,
910513336183,2,-1.8507514,0.581391,-1.2314891,
910523345949,2,-1.9761904,0.404908,-1.4307247,
910533386232,2,-2.2083578,0.4394861,-1.317111,
910543395998,2,-2.2266197,0.5002597,-1.2587324,
910553405763,2,-2.3324497,0.43813887,-1.2924124,
910563415529,2,-2.2128484,0.2812651,-1.1886781,
910573425294,2,-2.059118,0.44891647,-1.1259586,
910583435060,2,-2.0585194,0.60174865,-1.2484039,
910593475343,2,-2.0237916,0.50040936,-1.1139835,
910603485109,2,-1.9570303,0.7300319,-1.2111315,
910613525392,2,-1.8100361,0.7604187,-1.1639795,
910623352052,2,-1.6134948,0.8123607,-1.0518626,
910633361818,2,-1.3724959,0.99842376,-0.93061477,
910643371584,2,-1.1952645,1.0562036,-0.89244413,
910653381349,2,-0.77269316,0.85277665,-0.8262817,
910663421632,2,-0.6276448,1.0012679,-0.6547385,
910673431398,2,-0.17289047,0.7994875,-0.2908452,
910683441164,2,-0.030536499,0.7044351,-0.2336641,
910693450929,2,0.11106903,0.6075865,-0.14579682,
910703491213,2,0.20642075,0.5730084,-0.13142669,
910713500978,2,0.17214203,0.27348128,0.030835876,
910723510744,2,0.5641768,0.4734654,0.2811154,
910733703615,2,0.63812304,0.61656785,0.39053786,
910743591310,2,0.7592212,0.5863307,0.1911525,
910753601076,2,1.0268646,0.82044387,-0.0061372374,
910763610841,2,1.0650352,0.76895094,-0.49352372,
910773620607,2,1.3910573,0.760269,-1.0939251,
910783660890,2,1.4467415,0.5324428,-1.2729529,
910793670656,2,1.6473243,0.6893166,-1.0868897,
910803680421,2,1.5368541,0.38455033,-0.69246,
910813690187,2,1.4444962,0.10807525,0.13501923,
910823730470,2,1.4361136,0.0022453307,0.9584569,
910833740236,2,1.1817925,-0.5080435,1.3310322,
910843750001,2,1.0740166,-0.7084767,1.3207036,
910853790285,2,1.2596306,-0.85666853,1.1045531,
910863800050,2,1.504671,-1.2461586,0.4420308,
910873809816,2,1.714834,-1.3464501,-0.38664597,
910884063722,2,1.499881,-1.6015196,-0.5942642,
910893859865,2,1.4480886,-1.6622932,-0.5718109,
910903869630,2,1.2904664,-1.3924044,0.039517824,
910913879396,2,0.5755531,-0.95127183,0.8785231,
910923919679,2,0.21001327,-0.7629634,1.491199,
910933929445,2,-0.28859985,-0.4700226,1.9670595,
910943939210,2,-0.2136058,-0.3939807,1.7380357,
910953948976,2,-0.51687515,-0.14579682,1.2554393,
910964019777,2,-0.34263748,-0.2643503,0.17708176,
910974029542,2,-0.32901582,-0.10193802,-0.7725435,
910984039308,2,-0.38005966,-0.1685495,-1.6314573,
910994049074,2,-0.2971321,-0.047451325,-2.0302281,
911004058839,2,-0.30626312,-0.14834152,-2.0339704,
911014099122,2,-0.28740233,-0.30641282,-1.7317488,
911024108888,2,-0.43289977,-0.33380586,-1.4329702,
911034118654,2,-0.7104227,-0.16600479,-0.86639833,
911044128419,2,-0.6354286,-0.2348616,-0.66401917,
911054138185,2,-1.1728112,-0.3195854,-0.8851094,
911064147951,2,-1.2602293,-0.40790176,-0.95067304,
911074188234,2,-1.3765374,-0.32317793,-1.2376263,
911084197999,2,-1.6735198,-0.31150222,-1.5920892,
911094207765,2,-1.7516574,-0.04805008,-1.8458116,
911104217531,2,-2.1354592,-0.044607237,-1.8585352,
911114257814,2,-2.1713846,-0.15597564,-1.890868,
911124267579,2,-2.2376966,0.05882767,-1.750909,
911134277345,2,-2.2487736,0.064665526,-1.659,
911144287111,2,-1.9176621,0.04565506,-1.4467415,
911154357912,2,-1.8459613,0.1472937,-1.2485536,
911164337160,2,-1.9562819,0.21106109,-1.0987152,
911174377443,2,-1.5576608,0.0044906614,-1.0705737,
911184387208,2,-1.5341597,-0.0676593,-1.1264076,
911194427492,2,-1.432072,-0.21689896,-1.0831475,
911204437257,2,-1.2900174,-0.20567231,-1.2042458,
911214447023,2,-1.2479548,-0.3134482,-1.1106904,
911224487306,2,-1.2338841,-0.37302428,-1.2216096,
911234497072,2,-1.3602214,-0.32871643,-1.1895763,
911244537355,2,-1.2644206,-0.085771635,-1.2431648,
911254547121,2,-1.2382251,-0.05388794,-1.5432907,
911264556886,2,-1.0026151,0.14385086,-1.339265,
911274566652,2,-0.82343763,0.60204804,-1.2027489,
911284606935,2,-0.72419405,0.90696394,-1.0442286,
911294616701,2,-0.26914033,0.94079363,-0.4324507,
911304626466,2,0.34158966,0.8535251,-0.2891986,
911314697267,2,1.0840458,0.7393126,-0.16375946,
911324676515,2,1.8245559,0.45475432,-0.5560936,
911334716798,2,2.5997937,0.35131943,-0.6610254,
911344726564,2,3.3362622,0.3143463,-0.7493417,
911354736330,2,3.7754488,0.3888913,-0.84738785,
911364746095,2,3.5637891,0.35640883,-0.21959335,
911374786378,2,3.495531,0.5134323,0.49307466,
911384796144,2,2.9181817,0.53962785,1.3925542,
911394805910,2,2.9273126,0.6756949,1.8630258,
911404815675,2,2.884801,0.65608567,1.9333795,
911414825441,2,2.7345135,0.62300444,1.9823277,
911424865724,2,2.5956025,0.5840854,1.750909,
911434875490,2,2.6470954,0.2562671,1.1984079,
911444885255,2,2.523153,0.25716522,0.669857,
911454895021,2,2.417922,0.36479142,0.13097763,
911464935304,2,2.010619,0.6541397,-0.26210496,
911474945070,2,1.4367124,0.8734337,-0.25012985,
911484954836,2,1.2998968,0.963696,-0.22662872,
911494995119,2,1.0401869,1.0274634,-0.010178833,
911505187990,2,0.6730005,1.1584411,-0.3028203,
911515228273,2,0.3927832,1.162782,-0.45475432,
911525238039,2,0.11451187,1.0568024,-0.6279442,
911535064699,2,-0.19235,0.8903485,-0.8199948,
911545074464,2,-0.46882507,0.67674273,-0.9437874,
911555084230,2,-0.9592053,0.73856413,-0.8327184,
911565124513,2,-1.2118798,0.56627244,-0.7003935,
911575134279,2,-1.5892452,0.44487488,-0.7924521,
911585144044,2,-2.274071,0.4061055,-0.7084767,
911595153810,2,-2.5087829,0.26285338,-0.6915619,
911605163576,2,-3.1510973,0.053139497,-0.7138655,
911615203859,2,-3.3262331,0.17244141,-0.7930508,
911625244142,2,-3.4952316,0.19609222,-1.1153307,
911635253908,2,-3.6003132,0.25970992,-1.1777508,
911645263673,2,-3.3792229,0.237556,-1.463357,
911655303956,2,-3.1678624,0.3662883,-1.6464262,
911665344240,2,-3.0653257,0.7244934,-2.022594,
911675384523,2,-2.6080265,0.7324269,-1.9145187,
911685546876,2,-2.3637345,0.74829394,-1.8456619,
911695556642,2,-2.0327728,0.73182815,-1.5887961,
911705383302,2,-1.617237,0.5132826,-1.712888,
911715393068,2,-1.1716136,0.481848,-1.710942,
911725402833,2,-0.34518218,0.27946883,-1.348396,
911735412599,2,-0.13142669,0.43888733,-0.95067304,
911745422365,2,-0.09011261,0.5641768,-0.44906616,
911755462648,2,-4.4906617E-4,0.6839278,-0.15612534,
911765472413,2,0.025896149,0.6303392,0.1552272,
911775482179,2,0.21210891,0.57675064,0.43589357,
911785522462,2,0.30416748,0.46957353,0.5990543,
911795532228,2,0.4234694,0.4022136,0.5625302,
911805541994,2,0.43484575,0.4098477,0.4978647,
911815582277,2,0.7445517,0.43649232,0.17259109,
911825622560,2,0.8244855,0.53783154,-0.12948075,
911835632325,2,0.85277665,0.8322693,-0.66940796,
911845642091,2,1.0716215,1.2243041,-1.1478131,
911855682374,2,1.3359718,1.2051439,-1.4238391,
911865692140,2,1.4498849,1.0509645,-1.305136,
911875701906,2,1.7356408,0.87014055,-1.0216255,
911885742189,2,1.9131715,0.48903304,-0.31359786,
911895751955,2,2.0324736,0.4894821,0.46104127,
911905761720,2,2.0607646,0.2839595,1.1898756,
911915802004,2,1.9993923,-0.14894028,1.7169297,
911925781251,2,1.936972,-0.51028883,1.6997154,
911935821535,2,2.0372634,-0.9253757,1.1252102,
911945831300,2,1.7907262,-0.9753717,0.4074527,
911955841066,2,1.5163467,-1.2223581,-0.22797592,
911965881349,2,1.242117,-1.0653347,-0.4709207,
911975891115,2,1.0090517,-1.0889854,-0.017064514,
911985900880,2,0.8946895,-0.7183562,0.6899153,
911995910646,2,0.41972718,-0.5243596,1.0313553,
912005981447,2,-0.11091934,-0.25042924,1.1172767,
912015991213,2,-0.29578492,-0.2017804,0.62584853,
912026000978,2,-0.37467086,-0.18381774,0.24010071,
912036041261,2,-0.30566436,-0.2706372,-0.6839278,
912046051027,2,-0.104482725,-0.20612137,-1.2973522,
912056060793,2,0.17738113,-0.31928605,-2.023492,
912066070558,2,-0.055534516,-0.21674927,-2.1278253,
912076080324,2,-0.09235794,-0.12543915,-1.9181113,
912086120607,2,-0.45505372,-0.17408799,-1.6452287,
912096130373,2,-0.5761519,0.036673736,-1.1933185,
912106140138,2,-0.85023195,0.027842103,-0.51043856,
912116149904,2,-1.0701246,-0.0034428407,-0.46328658,
912126373293,2,-1.2901671,0.060474243,-0.4044589,
912136230470,2,-1.4549744,-0.16286133,-0.6689589,
912146209718,2,-1.6875906,-0.20492385,-1.0514135,
912156219484,2,-1.9767892,-0.26973906,-1.5271243,
912166229250,2,-1.9860699,-0.29653335,-1.7432748,
912176269533,2,-2.064956,-0.24474105,-1.8236576,
912186279298,2,-2.0198996,-0.15956818,-1.8232086,
912196289064,2,-2.0588186,-1.4968873E-4,-1.6349002,
912206298830,2,-2.2896388,0.030985566,-1.2787907,
912216339113,2,-2.3454726,0.14010864,-1.0566527,
912226348878,2,-2.2535636,-0.007933502,-0.88600755,
912236450197,2,-1.7983603,0.13561799,-0.7617659,
912246398927,2,-1.6093035,0.14624588,-1.0130932,
912256439210,2,-1.1482621,-0.008382568,-1.0039623,
912266448976,2,-1.051713,-0.13067825,-1.181044,
912276458742,2,-0.46134064,-0.13217515,-1.3172607,
912286499025,2,-0.04430786,-0.14564712,-1.259481,
912296508790,2,0.20387603,-0.09310638,-1.1169772,
912306518556,2,0.23067032,-0.0981958,-0.8333171,
912316528322,2,0.20806733,-0.10538086,-0.6632707,
912326568605,2,0.20806733,-0.104632415,-0.41448808,
912336578371,2,0.2362088,-0.11061996,-0.4593947,
912346618654,2,0.4843927,0.1511856,-0.2561174,
912356628419,2,0.36583924,0.3492238,-0.24578887,
912366638185,2,0.4617897,0.32048357,-0.45714936,
912376647951,2,0.6725514,0.35057098,-0.39772293,
912386688234,2,0.7899074,0.29039612,-0.64066774,
912396697999,2,1.1385324,0.2535727,-0.64575714,
912406707765,2,1.4444962,0.40700364,-0.76655596,
912416748048,2,1.672023,0.29368928,-0.94827807,
912426757814,2,1.9829265,0.5099895,-0.8276289,
912436767579,2,1.9577788,0.6848259,-0.8412506,
912446777345,2,1.8464104,0.53304154,-0.6725514,
912456787111,2,1.7655785,0.5798941,-0.37646714,
912466827394,2,1.9960991,0.8551717,0.0092807,
912476837160,2,1.9405646,0.696801,0.2868036,
912486846925,2,2.3242168,0.5932164,0.46134064,
912496856691,2,2.5432115,0.46687913,0.21480331,
912506896974,2,2.4237597,0.33515304,0.14355148,
912516906740,2,2.3608904,0.36134857,-0.15193406,
912526947023,2,2.0448976,0.5324428,-0.13052857,
912536956788,2,1.5310162,0.5864804,0.15328126,
912546966554,2,1.1931688,0.61147845,0.31299913,
912557006837,2,0.9783655,0.9852512,0.33635056,
912567016603,2,0.77838135,1.0798545,0.20701951,
912577026368,2,0.5400769,1.1346405,-0.19953507,
912587036134,2,-0.10732681,1.0124946,-0.54501665,
912597076417,2,-0.5016069,0.9969269,-0.8830138,
912607086183,2,-0.8358618,1.0809022,-1.2249027,
912617126466,2,-1.1530522,0.86714673,-1.2799883,
912627136232,2,-1.633553,0.6351292,-1.3415103,
912637176515,2,-1.8535954,0.6839278,-1.0337503,
912647186281,2,-2.2770648,0.54591477,-0.81535447,
912657196047,2,-2.3170316,0.4963678,-0.6673123,
912667205812,2,-2.6068292,0.41403902,-0.7110214,
912677246095,2,-2.6385632,0.32332763,-0.77194476,
912687225343,2,-2.5735981,0.08876541,-0.92567503,
912697448732,2,-2.5503964,0.083675995,-1.0809022,
912707458498,2,-2.4590864,0.1898053,-1.355132,
912717498781,2,-2.4376807,0.41194335,-1.0888357,
912727508547,2,-2.6069787,0.64949936,-0.9699829,
912737518312,2,-2.5478518,0.6521938,-1.0359956,
912747528078,2,-2.6970913,0.7095245,-1.1130853,
912757385255,2,-2.400109,0.7393126,-0.97776675,
912767547609,2,-2.336192,0.8988808,-0.9461824,
912777587892,2,-2.085613,1.1244617,-1.0003697,
912787597658,2,-1.7899777,1.2211605,-1.0353969,
912797637941,2,-1.6030165,1.1400293,-0.9071137,
912807464601,2,-1.4563216,0.9183403,-0.7839198,
912817474367,2,-1.1294014,0.717458,-0.6478528,
912827484132,2,-0.49142808,0.78242296,-0.45220962,
912837493898,2,-0.10987152,0.75428146,-0.54636383,
912847534181,2,0.1579216,0.6979985,-0.31389725,
912857543947,2,0.03772156,0.60010207,0.0077838134,
912867584230,2,-0.081430666,0.6598279,0.103883974,
912877624513,2,0.21315674,0.53304154,0.09969269,
912887634279,2,0.29054582,0.48588958,0.0040415954,
912897644044,2,0.9207353,0.5147795,-0.7228468,
912907684328,2,1.2666659,0.46912444,-1.1148816,
912917694093,2,1.7284557,0.554447,-1.7323476,
912927703859,2,2.0204983,0.5885761,-2.1299207,
912937713625,2,2.4514523,0.11421249,-1.9014958,
912947723390,2,2.7705886,-0.09864487,-1.3693525,
912957763673,2,2.7592123,-0.2535727,-0.85307604,
912967773439,2,2.9990134,-0.48499146,0.23860382,
912977783205,2,2.8451335,-0.506846,1.2201128,
912987823488,2,2.5727,-0.4514612,2.1142035,
912997833253,2,2.4526496,-0.5867798,2.4355853,
913007843019,2,2.237996,-0.7030879,2.0261865,
913017883302,2,1.9239491,-0.64635587,1.3004956,
913027893068,2,1.6105009,-0.8535251,0.6251001,
913037902833,2,1.1774515,-0.9779164,0.07798782,
913047912599,2,1.054108,-0.87433183,0.19279908,
913057922365,2,0.9868977,-0.7355704,0.90037763,
913067962648,2,0.8241861,-0.4816983,1.249302,
913077972413,2,0.57106245,-0.34623,1.5184424,
913088012697,2,0.41373962,-0.44427612,1.7130377,
913098022462,2,0.24354355,-0.45176056,1.2406201,
913108062745,2,0.24279511,-0.48588958,0.51837206,
913118072511,2,0.37766466,-0.49651748,-0.19699036,
913128082277,2,0.4430786,-0.5809419,-0.8053253,
913138092042,2,0.3384462,-0.68722093,-1.2689112,
913148101808,2,0.15073654,-0.4734654,-1.2931609,
913158111574,2,-0.17408799,-0.45235932,-1.2099339,
913168151857,2,-0.103135526,-0.37392244,-0.89424044,
913178161622,2,-0.41059616,-0.24653733,-0.6450087,
913188171388,2,-0.4682263,-0.16989669,-0.56627244,
913198211671,2,-0.800685,-0.1526825,-0.58333695,
913208190919,2,-1.1657758,-0.07499405,-0.54786074,
913218231202,2,-1.6814533,-0.15028748,-0.62554914,
913228240968,2,-2.1363573,-0.069305874,-0.6586304,
913238281251,2,-2.2330563,0.07499405,-0.94333833,
913248291017,2,-2.3965163,0.21659958,-1.0785072,
913258331300,2,-2.6327252,0.37841308,-1.1192225,
913268341066,2,-2.53902,0.4936734,-1.2431648,
913278350831,2,-2.8129504,0.55669236,-1.5141014,
913288360597,2,-2.5518932,0.5249584,-1.7187259,
913298400880,2,-2.3317013,0.508792,-2.063459,
913308410646,2,-1.7091458,0.18291962,-1.9722986,
913318420412,2,-1.203198,0.10837463,-1.6905844,
913328430177,2,-0.5834866,0.048798524,-1.393153,
913338470460,2,-0.30626312,0.04655319,-1.1079959,
913348480226,2,-0.10942245,0.11211685,-0.771346,
913358489992,2,-0.086071014,0.14834152,-0.7899074,
913368530275,2,-0.016166382,0.1607657,-0.77164537,
913378540041,2,0.15582596,-0.067060545,-0.6538403,
913388580324,2,0.09295669,-0.1261876,-0.8580158,
913398590090,2,0.32272887,-0.4445755,-0.99812436,
913408599855,2,0.78661424,-0.37482056,-1.2141252,
913418640138,2,0.9596544,-0.34203872,-0.8497829,
913428649904,2,1.1410772,-0.26929,-0.43020537,
913438629152,2,1.0725197,-0.6138734,-0.18815872,
913448669435,2,1.063688,-0.5430707,-0.12513977,
913458679201,2,1.0165361,-0.253423,-0.24069947,
913468688966,2,1.044977,-0.16181351,-0.7089258,
913478729250,2,1.1564951,-0.08023316,-1.0855426,
913488739015,2,1.4183006,0.24144791,-1.2725039,
913498779298,2,1.4838643,0.32542327,-1.2861255,
913508819582,2,1.3952485,0.4074527,-1.0249187,
913519012453,2,1.2686119,0.49292496,-0.22213806,
913528839113,2,1.2900174,0.60294616,0.30641282,
913538848878,2,1.5236815,0.7195537,1.0072554,
913548889162,2,1.5079641,0.6170169,1.3793815,
913558898927,2,1.543141,0.54696256,1.7592915,
913568908693,2,1.2719051,0.6227051,1.5349082,
913578948976,2,1.3805791,0.6902147,1.1609857,
913588958742,2,0.9725276,0.7319778,0.70802766,
913598968507,2,0.6803352,0.705932,0.5894742,
913609008790,2,0.61087966,0.56342834,0.1950444,
913619018556,2,0.68467623,0.59381515,-0.11436218,
913629241945,2,0.87687653,0.5760022,-0.09235794,
913639221193,2,0.6554869,0.67195266,-0.3158432,
913649261476,2,0.34009278,0.64800245,-0.49651748,
913659088136,2,-0.1896556,0.7972421,-0.6780899,
913669097902,2,-0.34173936,0.8821156,-0.71191955,
913679107667,2,-0.69096315,0.77957886,-0.74574924,
913689147951,2,-1.049318,0.624651,-0.837209,
913699127199,2,-1.3027409,0.5959108,-1.0773097,
913709167482,2,-1.5864011,0.5866301,-1.2460089,
913719207765,2,-1.558559,0.3475772,-1.3313315,
913729217531,2,-1.8973045,0.39113662,-1.499881,
913739410402,2,-2.1936882,0.28485763,-1.5962806,
913749450685,2,-2.2912853,0.36793488,-1.590742,
913759246828,2,-2.3278093,0.3824547,-1.6732205,
913769287111,2,-2.3936722,0.26360184,-1.7453705,
913779266359,2,-2.8710296,0.47660887,-1.6238233,
913789306642,2,-2.783761,0.37182677,-1.5054195,
913799316408,2,-3.0331426,0.57944506,-1.2930112,
913809356691,2,-3.0285022,0.545316,-1.1841874,
913819396974,2,-2.5800347,0.737666,-0.99557966,
913829620363,2,-2.384242,0.7788304,-0.93660235,
913839599611,2,-2.1427941,0.7605684,-1.1081456,
913849456788,2,-1.9260448,0.8861572,-1.207988,
913859436037,2,-1.6257691,0.6113287,-1.1811937,
913869476320,2,-1.0514135,0.29922774,-1.1120375,
913879486085,2,-0.59441394,0.21869522,-1.0032138,
913889495851,2,0.014370117,0.28246263,-0.6933582,
913899536134,2,0.4674779,0.21345611,-0.064216465,
913909545900,2,0.5908214,0.4872368,0.4209247,
913919586183,2,0.26060808,0.52076703,0.8587642,
913929565431,2,-0.00703537,0.5828879,0.90187454,
913939605714,2,0.19549347,0.79424834,0.796344,
913949645998,2,0.43319917,1.2379258,0.19684067,
913959655763,2,0.68123335,1.3596226,-0.16046631,
913969665529,2,0.8734337,1.3653108,-0.9223819,
913979675294,2,1.0918295,1.3090279,-1.3525872,
913989715578,2,1.2989987,0.9630972,-1.4503341,
913999725343,2,1.6372952,0.83152086,-1.3033397,
914009735109,2,1.9264939,0.6611751,-1.0978171,
914019744874,2,1.7875828,0.42825943,-0.106728055,
914029785158,2,1.9314336,0.30117372,0.62839323,
914039794923,2,1.8357825,0.28336075,1.7461189,
914049804689,2,1.4798226,-0.013621674,2.2347028,
914059814455,2,1.547033,-0.3903882,1.8917661,
914069854738,2,1.5278728,-0.8628058,1.2192147,
914079864504,2,1.368604,-1.0026151,0.37736526,
914089874269,2,1.2895683,-1.1737093,-0.4737648,
914099914552,2,1.109343,-1.0856923,-0.7884105,
914109954836,2,1.2006532,-0.6044431,-0.4447252,
914119964601,2,1.1316468,-0.3743715,-0.0676593,
914129974367,2,0.3929329,-0.33545244,0.4472699,
914140014650,2,-0.20776795,-0.1607657,0.4857399,
914150024416,2,-0.19833755,-0.19264938,0.12963043,
914160034181,2,-0.09190887,-0.065713346,-0.43065444,
914170043947,2,0.056881715,-0.30716124,-1.1142828,
914180053713,2,0.25267455,-0.51657575,-1.7827927,
914190093996,2,0.2749782,-0.52795213,-1.8285974,
914200103761,2,0.059127044,-0.5902226,-1.6881894,
914210113527,2,-0.3436853,-0.55324954,-1.0111473,
914220123293,2,-0.5331912,-0.58438474,-0.68811905,
914230163576,2,-0.7551796,-0.3435356,-0.12978011,
914240173341,2,-0.96923447,-0.3686833,0.044756927,
914250213625,2,-1.1828402,-0.36269578,0.07723938,
914260192873,2,-1.3256433,-0.25297394,-0.31778917,
914270233156,2,-1.640738,-0.27138564,-0.6879694,
914280242921,2,-1.9838246,-0.22333556,-1.3250445,
914290283205,2,-2.0993843,-0.09340576,-1.7067508,
914300292970,2,-2.3324497,-0.019160157,-1.9940034,
914310272218,2,-2.2297633,-0.046104126,-2.0645068,
914320312502,2,-2.1743784,-0.008382568,-2.359693,
914330322267,2,-2.2396426,0.032183073,-2.048041,
914340362550,2,-2.174079,0.048798524,-1.855242,
914350372316,2,-1.8996996,-0.042810973,-1.5503261,
914360382082,2,-1.6819024,-0.16420853,-1.1871812,
914370391847,2,-1.5310162,-0.26330245,-1.0841954,
914380432130,2,-1.1599379,-0.27033782,-0.91893905,
914390441896,2,-0.8930429,-0.13097763,-0.87687653,
914400451662,2,-0.54322034,0.003293152,-0.9023236,
914410491945,2,-0.66970736,-0.0023950196,-0.99872315,
914420501710,2,-0.48469207,0.2255809,-1.1569442,
914430511476,2,-0.06331833,0.27378067,-1.307531,
914440551759,2,0.066761166,0.15013778,-0.9425899,
914450592042,2,0.09415421,0.13397141,-0.7788304,
914460601808,2,0.21644989,-0.013322297,-0.45445496,
914470611574,2,0.2321672,-0.0955014,-0.30177248,
914480621339,2,0.17438737,0.029638367,-0.051941987,
914490661622,2,0.41703278,0.10657837,0.18097366,
914500671388,2,0.5875282,-0.0809816,0.11136841,
914510742189,2,0.90217394,0.09190887,-0.069455564,
914520721437,2,1.506617,0.23052064,-0.75308394,
914530731202,2,1.6200811,0.1498384,-1.1611354,
914540740968,2,1.9101777,0.066761166,-1.5584092,
914550781251,2,2.2829027,0.024399262,-1.6887882,
914560791017,2,2.4450157,-0.119900666,-1.6814533,
914570800783,2,2.4354355,0.12633727,-1.0174342,
914580810548,2,2.271676,0.20686981,-0.44682083,
914590850831,2,2.311643,0.80248123,0.89783293,
914600860597,2,1.8476079,0.8551717,1.3600717,
914610870363,2,1.5350578,0.62450135,1.8851798,
914620880128,2,1.7642312,1.1545491,1.9966979,
914630920412,2,1.8537451,1.1154803,1.821562,
914640930177,2,1.7654288,1.0909314,1.2268487,
914650970460,2,1.599424,1.1118878,0.9520203,
914660980226,2,1.2576846,1.0982661,0.47436357,
914670989992,2,1.0779085,1.0042616,0.32018417,
914680999757,2,0.9279204,1.045426,0.21390519,
914691040041,2,0.9928853,1.167123,0.26779312,
914701049806,2,1.0822494,1.4389577,0.29249176,
914711059572,2,0.6249504,1.0801538,0.5162764,
914721069337,2,0.35087037,1.2087364,0.8068222,
914731079103,2,-0.09984238,1.2072395,0.54337007,
914741119386,2,-0.52376086,1.0178833,0.49846345,
914751159670,2,-0.9153465,0.90846086,0.359702,
914761169435,2,-1.3958473,0.70832705,-0.17618363,
914771179201,2,-1.5646962,0.76925033,-0.31659165,
914781188966,2,-1.6051122,0.46538222,-0.7909552,
914791198732,2,-1.5408957,0.46403503,-0.85307604,
914801208498,2,-1.8082397,0.43993515,-1.2464579,
914811248781,2,-1.9411633,0.3632945,-1.2774435,
914821258547,2,-2.3540049,0.23261628,-1.4091697,
914831268312,2,-2.392774,0.30581406,-1.5705341,
914841308595,2,-2.4242089,0.44771898,-1.3057348,
914851318361,2,-1.8886226,0.59007293,-1.1047027,
914861358644,2,-1.9182609,0.7816745,-0.88690567,
914871368410,2,-1.818718,0.95471466,-0.69605255,
914881378175,2,-2.0374131,1.2719051,-0.4712201,
914891387941,2,-2.129322,1.1904744,-0.4673282,
914901428224,2,-2.3478675,1.2573853,-0.4483177,
914911468507,2,-2.2396426,1.4226416,-0.33754808,
914921447755,2,-2.278861,1.3620176,-0.5474117,
914931457521,2,-2.0124152,1.2915143,-0.9440868,
914941528322,2,-1.8025516,1.0975177,-1.181493,
914951507570,2,-1.344055,0.6041437,-1.6054115,
914961547853,2,-0.8704399,0.56851774,-1.7666262,
914971557619,2,-0.08936416,0.37586838,-2.004781,
914981567384,2,0.38634658,0.22183868,-1.8311421,
914991638185,2,0.51537824,0.22064118,-1.6143929,
915001586916,2,0.4644841,0.041314088,-0.9794133,
915011596681,2,0.19160156,0.12753479,-0.59755737,
915021667482,2,0.083526306,0.49966094,-0.15373032,
915031677248,2,0.20222946,0.49651748,-0.11241623,
915041687013,2,0.59127045,0.78526706,-0.7164102,
915051727296,2,0.9292676,0.9687854,-1.2500505,
915061767579,2,1.1840378,0.76386154,-1.9148182,
915071746828,2,1.830244,0.62330383,-2.387086,
915081756593,2,1.988465,0.26315278,-2.4664211,
915091766359,2,1.8744022,-0.13891113,-1.7824932,
915101806642,2,1.8769469,-0.40430924,-1.0740166,
915111816408,2,2.0411553,-0.52570677,-0.058977354,
915121826173,2,2.2781126,-0.73841447,1.0413845,
915131866456,2,2.1570144,-1.0024654,1.5887961,
915141845705,2,2.2402413,-1.4932947,1.7649797,
915151885988,2,2.3249652,-1.7010627,1.520987,
915161895753,2,2.1984782,-1.6875906,0.796344,
915171936037,2,1.7627344,-1.8250049,0.1498384,
915181945802,2,1.3522879,-1.7832417,0.05613327,
915191955568,2,0.7342232,-1.5908917,0.39787263,
915201995851,2,0.391436,-1.1231145,0.8080197,
915212005617,2,-0.08008347,-0.60294616,1.3470488,
915222015382,2,-0.43978545,-0.49292496,1.1094928,
915232055665,2,-0.61656785,0.1115181,0.6782396,
915242065431,2,-0.54591477,0.36434233,0.13591737,
915252105714,2,-0.5806425,0.2508783,-0.3439847,
915262115480,2,-0.6568341,0.07214996,-1.0506651,
915272125245,2,-0.5760022,-0.04011658,-1.4037808,
915282135011,2,-0.25042924,-0.033081207,-2.0010388,
915292144777,2,-0.1088237,-0.107027434,-2.0348685,
915302185060,2,-0.16645385,-0.10927276,-1.9931053,
915312194825,2,-0.6161188,-0.22483246,-1.4305751,
915322235109,2,-0.72269714,-0.124241635,-0.9440868,
915332244874,2,-1.1192225,-0.16884887,-0.3984714,
915342254640,2,-1.4615607,-0.27408004,-0.2722838,
915352478029,2,-1.7112415,-0.42421782,-0.20237915,
915362335207,2,-2.0390596,-0.23725662,-0.41778123,
915372314455,2,-2.0989351,-0.1965413,-0.7354207,
915382324220,2,-2.4340882,-0.09834549,-1.3105247,
915392333986,2,-2.761757,0.09295669,-1.6024177,
915402374269,2,-2.6623635,0.019160157,-2.1049228,
915412414552,2,-2.690505,-0.0889151,-2.1607566,
915422393800,2,-2.4065456,-0.09265732,-2.2213807,
915432403566,2,-1.6497194,-0.06780899,-1.9555335,
915442443849,2,-1.229094,-0.09909394,-1.6512163,
915452453615,2,-0.7881111,0.022303618,-1.0341994,
915462463380,2,-0.7773335,-0.06780899,-0.88031936,
915472473146,2,-0.6893166,-0.102387086,-0.7640112,
915482513429,2,-0.3915857,-0.16989669,-0.821342,
915492523195,2,-0.45191026,-0.19339782,-0.78691363,
915502532960,2,-0.5071454,-0.18741028,-0.8349637,
915512573244,2,-0.09759705,-0.41987687,-0.6397696,
915522583009,2,-0.21674927,-0.32467484,-0.54322034,
915532592775,2,0.17827927,-0.29952714,-0.32856673,
915542663576,2,0.09969269,-0.07484436,-0.085023195,
915552642824,2,0.121397555,-0.17663269,-0.16106506,
915562683107,2,0.28859985,0.120050356,-0.065114595,
915572692873,2,0.45610154,0.031883698,-0.391436,
915582702638,2,0.8931926,-0.051343232,-0.73497164,
915592773439,2,1.5495776,-0.062869266,-1.4410533,
915602752687,2,1.9616706,-0.025896149,-1.9676583,
915612762453,2,2.2787113,0.1273851,-2.0680993,
915622772218,2,2.4032524,0.103734285,-2.0748353,
915632812501,2,2.525548,0.23980133,-1.8534458,
915642822267,2,1.9555335,0.5147795,-1.3018428,
915652832033,2,1.3256433,0.55579424,-0.79514647,
915662841798,2,1.1752062,0.5903723,0.066012725,
915672882082,2,1.0231224,0.5842351,0.72778654,
915682891847,2,1.0415341,0.37856278,0.7882608,
915692932130,2,1.1301498,0.061671752,0.8425978,
915702941896,2,1.1916718,-0.16286133,0.93480605,
915712951662,2,1.1642789,-0.2415976,0.91639435,
915722961427,2,1.2593312,-0.0875679,0.7662566,
915733001710,2,1.4706917,0.09175918,0.66686326,
915743011476,2,1.5691868,0.35371444,0.536185,
915753051759,2,1.7066011,0.5914201,0.35925293,
915763061525,2,1.4579681,0.9566606,0.29683274,
915773071290,2,1.2614268,1.2308904,0.026494903,
915783081056,2,0.5360353,1.4956897,-0.011076965,
915793090822,2,0.20432511,1.6440312,0.03891907,
915803131105,2,0.1167572,1.6148419,-0.016615449,
915813140871,2,-0.34473312,1.3442047,-0.11076965,
915823150636,2,-0.52855086,1.2287947,-0.24174729,
915833190919,2,-0.72164935,0.9134006,-0.08187973,
915843200685,2,-1.0963202,0.7283853,-0.14429992,
915853210451,2,-1.2048445,0.43065444,0.03757187,
915863250734,2,-1.3269905,0.29413834,0.068407744,
915873260499,2,-1.3268409,0.14879058,0.065863036,
915883270265,2,-1.6702267,-0.082777865,-0.11121872,
915893493654,2,-1.7781523,-0.12933105,-0.26839188,
915903503419,2,-2.098636,-0.03487747,-0.404908,
915913330079,2,-2.2781126,-0.0199086,-0.7855664,
915923339845,2,-2.45729,0.10627899,-1.0249187,
915933380128,2,-2.6773324,0.34263748,-1.2760963,
915943389894,2,-2.7147546,0.3239264,-1.6509169,
915953399660,2,-2.5252488,0.5011578,-1.8477576,
915963439943,2,-2.5475523,0.67135394,-1.9929557,
915973449708,2,-2.489473,0.67584455,-2.0425026,
915983703615,2,-2.4387286,0.8783734,-2.057172,
915993682863,2,-2.2230272,0.8367599,-2.0372634,
916003692628,2,-1.6093035,0.8625064,-1.9968475,
916013519288,2,-1.3516891,0.70937485,-1.7158818,
916023529054,2,-0.9234297,0.79140425,-1.511407,
916033569337,2,-0.70398605,0.89139634,-1.2216096,
916043579103,2,-0.3984714,0.7634125,-0.8943901,
916053588868,2,-0.07394623,0.5749544,-0.55774015,
916063598634,2,0.025297394,0.57959473,-0.651595,
916073638917,2,0.30686188,0.5002597,-0.5144801,
916083648683,2,0.48289582,0.4950206,-0.59261763,
916093658449,2,0.4352948,0.3820056,-0.6005511,
916103668214,2,0.70458484,0.15702347,-0.5069957,
916113708498,2,1.0424323,0.14564712,-0.51403105,
916123718263,2,1.6935782,0.4869374,-0.43858796,
916133728029,2,2.2999673,0.41733214,-0.34338593,
916143768312,2,2.5878186,0.7110214,-0.17633331,
916153778078,2,2.5625212,0.82298857,-0.23605911,
916163787843,2,2.3444247,0.8387059,-0.16989669,
916173828127,2,2.3234682,0.78377014,0.26509872,
916183837892,2,2.1881497,0.6288423,0.5707631,
916193847658,2,1.9419118,0.40700364,1.0096505,
916203887941,2,1.5139518,-0.011376343,1.9492465,
916223907472,2,1.5232325,-0.26749375,1.7881814,
916233917238,2,1.6687299,-0.32617173,1.5244299,
916243957521,2,1.6592995,-0.46807662,0.35416353,
916253967287,2,1.4250367,-0.62390256,-0.2508783,
916263977052,2,0.8339159,-0.6120772,-0.68722093,
916274017336,2,0.84619033,-0.27512786,-0.55040544,
916284027101,2,0.65099627,-0.24623795,0.1911525,
916294036867,2,0.081580356,0.34847534,0.86475176,
916304077150,2,-0.35940263,0.5119354,1.1407777,
916314117433,2,-0.74380326,0.56597304,0.920885,
916324127199,2,-0.7247928,0.5162764,0.37586838,
916334136964,2,-0.3092569,0.5028044,-0.66716266,
916344177248,2,0.027243348,0.124391325,-1.5423926,
916354187013,2,0.19429596,0.104782104,-1.9829265,
916364196779,2,0.5054988,-0.21390519,-2.2998176,
916374206544,2,0.69979477,-0.41358992,-2.0528312,
916384216310,2,0.57106245,-0.36194733,-1.4196478,
916394226076,2,0.17184265,-0.6478528,-0.7497908,
916404235841,2,-0.050744478,-0.4102968,0.06331833,
916414276125,2,-0.7120693,-0.39727387,0.266895,
916424499513,2,-1.0804532,-0.40865022,0.5059479,
916434356691,2,-1.579216,-0.26779312,0.11840378,
916444335939,2,-1.9455043,-0.17887802,-0.043409728,
916454345705,2,-2.262096,-0.17423767,-0.7111711,
916464355470,2,-2.2824535,-0.067359924,-1.14931,
916474365236,2,-2.368824,-0.18396744,-1.5534695,
916484436037,2,-2.2969735,-0.2562671,-1.7750088,
916494415285,2,-2.4667203,-0.21315674,-1.8447638,
916504425050,2,-2.2029688,0.009879456,-1.9714005,
916514434816,2,-2.1537213,-0.11032059,-1.7988094,
916524475099,2,-1.9914588,0.17693207,-1.7251625,
916534484865,2,-1.9612216,0.19714004,-1.6751665,
916544494630,2,-1.9338286,0.0043409728,-1.6187339,
916554534913,2,-1.5810122,0.17124389,-1.5036232,
916564544679,2,-1.5392491,0.19833755,-1.3451028,
916574554445,2,-1.1313473,0.027842103,-1.5495776,
916584594728,2,-0.868494,0.04430786,-1.6351995,
916594604494,2,-0.60174865,-0.044906616,-1.6667839,
916604614259,2,-0.23965164,-0.10732681,-1.9079324,
916614654542,2,-0.07020401,0.17992584,-1.6944764,
916624664308,2,-0.101638645,0.2336641,-1.2296928,
916634674074,2,-0.099543,0.36164796,-0.9339079,
916644683839,2,-0.11376343,0.368833,-0.305365,
916654937745,2,0.120349735,0.517923,-0.08981323,
916664794923,2,0.28440857,0.53334093,0.11885285,
916674774171,2,0.6956035,0.22079086,-0.085172884,
916684783937,2,1.113684,0.13412109,-0.4285588,
916694824220,2,1.8380278,0.3466791,-0.81535447,
916704833986,2,2.3604414,0.25821304,-1.0388397,
916714874269,2,2.9032128,0.38679564,-0.9674382,
916724884035,2,3.1717544,0.6334827,-0.79424834,
916734863283,2,3.2121704,0.91325086,-0.4872368,
916744934084,2,2.9868886,1.1912228,0.17543519,
916754913331,2,2.7047255,1.3967454,0.5876779,
916764953615,2,2.5619226,1.445095,1.0514135,
916774993898,2,2.4069946,1.4491365,1.1961626,
916784973146,2,2.2821543,1.3296849,0.9377998,
916795013429,2,2.1709356,1.0560539,0.6966513,
916805023195,2,1.9633173,1.1184741,0.6514453,
916815032960,2,1.6317568,1.1082953,0.5571414,
916825042726,2,1.3081298,1.0163864,0.5902226,
916835083009,2,0.8393047,1.1886781,0.7807764,
916845092775,2,0.77269316,1.353186,0.7158115,
916855133058,2,0.5161267,1.1304492,0.728535,
916865142824,2,0.067359924,0.9457333,0.22453308,
916875152590,2,-0.05583389,0.96923447,-0.021405486,
916885162355,2,-0.3544629,0.8294252,-0.36658767,
916895202638,2,-0.8282277,0.5439688,-0.58737856,
916905212404,2,-1.2150234,0.29383895,-0.9051677,
916915222170,2,-1.6125966,0.21704865,-1.4223422,
916925231935,2,-1.7178278,0.24923173,-1.4061759,
916935272218,2,-1.7112415,0.14549744,-1.4465919,
916945281984,2,-1.9922072,0.032183073,-1.559008,
916955291750,2,-2.3143373,-0.082478486,-1.5735278,
916965332033,2,-2.691104,0.10298584,-1.5531702,
916975341798,2,-2.7000852,-0.04819977,-1.4467415,
916985382082,2,-2.9235704,-0.14744338,-1.3187577,
916995391847,2,-2.9394374,-0.1805246,-1.4763799,
917005401613,2,-3.0340407,0.0067359926,-1.4521303,
917015411378,2,-2.8699818,0.2505789,-1.5396981,
917025451662,2,-2.5840764,0.20028351,-1.2220588,
917035491945,2,-2.1695883,0.5080435,-1.3521382,
917045471193,2,-2.0627105,0.53528684,-1.18778,
917055511476,2,-1.8471588,0.6976991,-1.0967692,
917065521242,2,-1.6359481,0.54157376,-1.0794053,
917075531007,2,-1.3421091,0.52989805,-1.2374767,
917085540773,2,-1.0452763,0.5400769,-1.1925701,
917095550539,2,-0.9301657,0.42676255,-1.4332695,
917105590822,2,-0.42571473,0.23980133,-1.031505,
917115600587,2,5.987549E-4,0.19669098,-0.7791298,
917125610353,2,0.4290079,0.07005432,-0.23740631,
917135650636,2,0.53049684,0.04819977,0.0371228,
917145660402,2,0.38440064,0.03861969,0.30626312,
917155670167,2,0.5054988,0.26255402,0.4234694,
917165710451,2,0.5519023,0.31284943,0.41403902,
917175720216,2,0.6237529,0.69739974,0.008382568,
917185729982,2,0.75203615,0.8216414,-0.48334488,
917195739748,2,1.0807526,0.90307206,-0.8659493,
917205780031,2,1.2979509,0.87178713,-1.181044,
917215820314,2,1.2476555,0.8253836,-1.3141173,
917225830079,2,1.6726217,0.38440064,-0.78242296,
917235839845,2,1.7868342,0.18471588,-0.17393829,
917245849611,2,1.9839743,-0.31120285,0.7964937,
917255859376,2,2.203418,-0.4071533,1.37534,
917265869142,2,2.051035,-0.7819739,1.8959574,
917275909425,2,2.0269349,-1.0416838,1.9805315,
917285919191,2,1.7727635,-1.325344,1.5934365,
917295928956,2,1.728755,-1.4144087,0.8931926,
917305938722,2,1.7411792,-1.3380675,0.14789246,
917316009523,2,1.22146,-1.4197975,-0.09071136,
917325988771,2,1.0400373,-1.3940511,-0.051043853,
917335998537,2,0.8003856,-0.9234297,0.106877744,
917346008302,2,0.034129027,-0.74829394,0.2799179,
917356079103,2,-0.11061996,-0.62674665,0.14145584,
917366088868,2,-0.65399003,-0.53648436,-0.27782226,
917376129152,2,-0.57480466,-0.31808853,-0.7750882,
917386138917,2,-0.26764342,-0.41778123,-1.475332,
917396148683,2,-0.19534378,-0.3821553,-1.8553917,
917406158449,2,-0.1672023,-0.5758525,-2.0942948,
917416168214,2,-0.4312532,-0.32677048,-2.009122,
917426208498,2,-0.24968079,-0.3275189,-1.6209792,
917436187745,2,-0.53648436,-0.32572266,-1.3078303,
917446197511,2,-0.77329195,-0.13067825,-0.7500902,
917456237794,2,-1.0047107,0.05613327,-0.39892045,
917466247560,2,-1.628763,-0.0185614,-0.17738113,
917476257325,2,-1.8967057,0.08637039,-0.15358062,
917486297609,2,-1.9538869,0.26704466,-0.2908452,
917496337892,2,-2.1294718,0.20657043,-0.41643402,
917506347658,2,-2.1076171,0.105979614,-0.61402315,
917516357423,2,-2.323169,-0.082628176,-0.92687255,
917526367189,2,-2.2867947,0.1008902,-1.323398,
917536376955,2,-2.1909938,0.13980927,-1.5501764,
917546417238,2,-2.0239413,0.28575575,-1.5468832,
917556427004,2,-1.9134709,0.41972718,-1.8624271,
917566436769,2,-1.6892372,0.2468367,-1.671574,
917576446535,2,-1.6353493,0.22752686,-1.470542,
917586456300,2,-1.5976278,0.32287857,-1.1635305,
917596527101,2,-1.6802559,0.2812651,-1.051713,
917606536867,2,-1.4003379,0.15058686,-1.0635383,
917616577150,2,-1.1817925,0.26330245,-0.89139634,
917626586916,2,-0.9238788,0.17827927,-0.966091,
917636596681,2,-0.66955763,0.4351451,-1.0738668,
917646606447,2,-0.31269974,0.4153862,-1.1466156,
917656616213,2,0.103135526,0.21270767,-1.2894187,
917666687013,2,0.28455827,0.20881577,-0.9514215,
917676696779,2,0.4724176,0.19279908,-0.34982255,
917686706544,2,0.56088364,0.05269043,-0.04939728,
917696716310,2,0.5936655,-0.02799179,0.5360353,
917706756593,2,0.8026309,0.01407074,0.85666853,
917716766359,2,1.2229569,0.13202545,0.99438214,
917726776125,2,1.7709672,0.1432521,0.8810678,
917736785890,2,2.038461,0.08008347,0.6803352,
917746795656,2,2.5661137,0.2203418,0.33126113,
917756805421,2,3.0096414,0.3291655,-0.15208374,
917766815187,2,3.2795303,0.42317,-0.2854564,
917776855470,2,3.0006602,0.7981403,-0.39727387,
917786865236,2,2.6330247,0.8710387,-0.41224274,
917796936037,2,2.4544458,1.0102491,0.07723938,
917806915285,2,2.2171893,0.96803695,0.40865022,
917816925050,2,1.8881736,1.319057,1.1460168,
917826934816,2,1.4883549,1.327739,1.5916401,
917836975099,2,1.3576767,1.2780423,2.016756,
917846984865,2,1.1711645,1.3260924,2.137555,
917857025148,2,1.0542576,1.3829741,2.1555176,
917867034913,2,1.0071057,1.2858261,1.9387683,
917877044679,2,0.86160827,1.0931767,1.6597486,
917887054445,2,0.96923447,1.2076886,1.2073892,
917897094728,2,0.7734416,1.155597,1.0235715,
917907104494,2,0.8057744,1.0304571,0.83511335,
917917144777,2,0.8158035,0.98420334,0.5240602,
917927154542,2,0.7893086,0.76356214,0.515977,
917937164308,2,0.5201683,0.5641768,0.484243,
917947174074,2,0.17618363,0.24429199,0.68587375,
917957183839,2,-0.06780899,0.16929795,0.5945636,
917967193605,2,-0.32033387,0.14385086,0.61881316,
917977233888,2,-0.69290906,-0.035625916,0.76461,
917987243654,2,-1.0506651,0.09535172,0.4287085,
917997283937,2,-1.5919396,0.037871245,0.3382965,
918007263185,2,-1.8661693,0.061372377,0.017812958,
918017303468,2,-1.9778371,0.034727782,-0.30835876,
918027313234,2,-2.1414468,0.26869124,-0.5131329,
918037322999,2,-2.3872356,0.38844222,-0.93660235,
918047363283,2,-2.4670198,0.42302033,-1.1494597,
918057373048,2,-2.7110124,0.41628432,-1.5691868,
918067382814,2,-2.6514363,0.5372328,-1.7774038,
918077392579,2,-2.8205845,0.50100815,-1.9359242,
918087432863,2,-2.5486002,0.6249504,-2.166295,
918097442628,2,-2.6147625,0.42766067,-2.0140617,
918107452394,2,-2.4074438,0.6135741,-1.7818946,
918117492677,2,-2.1142035,0.58333695,-1.531166,
918127502443,2,-2.1799169,0.5123845,-1.162782,
918137542726,2,-1.9898121,0.4290079,-0.81415695,
918147552492,2,-1.6700771,0.4406836,-0.53079623,
918157562257,2,-1.3102254,0.20432511,-0.3570076,
918167572023,2,-1.0327024,0.37182677,-0.15343094,
918177612306,2,-0.71566176,0.4126918,-0.051043853,
918187622072,2,-0.6012996,0.26854157,-0.0981958,
918197631837,2,-0.48603928,0.19594254,-0.020507354,
918207641603,2,-0.33874556,0.06795868,0.15507752,
918217681886,2,0.05508545,2.9937745E-4,0.32886612,
918227691652,2,0.1896556,0.0017962647,0.34982255,
918237731935,2,0.22617966,0.05269043,0.43379793,
918247711183,2,0.33126113,0.2890489,0.5218149,
918257751466,2,0.5122348,0.48484176,0.41598496,
918267791750,2,0.6652167,0.31419662,0.12978011,
918277770998,2,1.0321038,0.35206786,-0.23336472,
918287811281,2,1.4462924,0.38934037,-0.30147308,
918297821047,2,1.6974701,0.5162764,-0.33949402,
918307830812,2,1.7338444,0.62959075,-0.38365218,
918317871095,2,1.5166461,0.631387,-0.00464035,
918327880861,2,1.3768369,0.55145323,0.35311568,
918337921144,2,1.1798465,0.34458342,0.6477031,
918347930910,2,1.2766951,0.21121079,0.8479866,
918357940675,2,1.7432748,0.022004241,0.8931926,
918367950441,2,2.1318667,-0.27632537,0.696801,
918377990724,2,2.3381379,-0.49531996,0.5682184,
918388000490,2,2.2243743,-0.5894742,0.14774276,
918398040773,2,1.7908759,-0.5297484,0.01167572,
918408050539,2,1.393153,-0.61222684,0.07110214,
918418060304,2,0.9859996,-0.6638695,0.64186525,
918428070070,2,0.8572673,-1.0461745,0.87657714,
918438110353,2,0.3079097,-0.99498093,1.1662248,
918448120119,2,0.10298584,-1.1192225,1.3501923,
918458160402,2,0.11780503,-1.1567944,1.3901591,
918468170167,2,-0.060025178,-1.1511062,1.4883549,
918478179933,2,-0.23037094,-1.0503658,1.4473403,
918488159181,2,-0.4369414,-0.98031145,1.6055613,
918498229982,2,-0.5851332,-0.81385756,1.6486716,
918508239748,2,-0.5176236,-0.5638774,1.4033318,
918518249513,2,-0.11975098,-0.26599684,1.3000466,
918528259279,2,-0.0916095,-0.25147706,1.0198293,
918538269044,2,-0.3026706,-0.47675857,0.54980665,
