900864929201,0,57.654644,-0.09337967,80.39601,
900875152590,0,57.629074,-0.13252729,80.42332,
900885162355,0,57.617317,-0.17297444,80.426094,
900895202638,0,57.624878,-0.21278474,80.420975,
900905181886,0,57.670902,-0.27450874,80.4211,
900925262453,0,57.766174,-0.38320464,80.49684,
900955291750,0,57.79896,-0.41664508,80.53402,
900965301515,0,57.82426,-0.46202585,80.5703,
900975311281,0,57.840263,-0.5147007,80.612946,
900985351564,0,57.84438,-0.571325,80.63636,
900995361330,0,57.835857,-0.6268543,80.64261,
901005371095,0,57.81114,-0.6754424,80.64169,
901015228273,0,57.770313,-0.7193447,80.64141,
901025268556,0,57.71911,-0.772294,80.657845,
901035247804,0,57.66254,-0.8240121,80.69585,
901045288087,0,57.606846,-0.8696549,80.72803,
901055297853,0,57.55601,-0.9120607,80.76474,
901065307619,0,57.5105,-0.95382345,80.79192,
901075347902,0,57.46351,-0.9829859,80.81029,
901085357667,0,57.40624,-1.012285,80.82385,
901095397951,0,57.336502,-1.0425091,80.83306,
901105407716,0,57.254063,-1.0753021,80.83595,
901115417482,0,57.15965,-1.1044052,80.81735,
901125427248,0,57.05802,-1.1368142,80.78625,
901135467531,0,56.953648,-1.1728313,80.75409,
901145477296,0,56.848682,-1.2062382,80.733376,
901155487062,0,56.741207,-1.2409517,80.71064,
901165496828,0,56.633633,-1.2709299,80.687546,
901175506593,0,56.533493,-1.3084676,80.67177,
901185546876,0,56.449253,-1.3379498,80.672005,
901195587160,0,56.3799,-1.362862,80.67835,
901205596925,0,56.32202,-1.3834116,80.6891,
901215606691,0,56.27492,-1.4023043,80.70747,
901225646974,0,56.232372,-1.4211406,80.71411,
901235656740,0,56.19065,-1.4402059,80.703094,
901245666505,0,56.148907,-1.4594927,80.68492,
901255706788,0,56.105343,-1.4806697,80.6735,
901265716554,0,56.057175,-1.5010729,80.67395,
901275726320,0,56.008034,-1.5178648,80.689354,
901285736085,0,55.96264,-1.5378156,80.72272,
901295745851,0,55.919273,-1.5551726,80.7624,
901305786134,0,55.8729,-1.5684056,80.80171,
901315765382,0,55.822178,-1.5871687,80.82399,
901325805665,0,55.764156,-1.6004514,80.83818,
901335845949,0,55.701145,-1.60156,80.845665,
901345886232,0,55.637764,-1.5958345,80.83299,
901355865480,0,55.57824,-1.5781978,80.794624,
901365905763,0,55.526775,-1.5574573,80.72943,
901375915529,0,55.486176,-1.5298872,80.63829,
901385925294,3,55.45413,-1.5102674,80.55655,
901395935060,3,55.430286,-1.4939959,80.503,
901406158449,3,55.415028,-1.4774679,80.47862,
901416168214,3,55.40368,-1.4587187,80.48083,
901426208498,3,55.393295,-1.4304081,80.486626,
901436218263,3,55.380672,-1.4038235,80.49032,
901446228029,3,55.36778,-1.3786031,80.499245,
901456085207,3,55.35418,-1.3467202,80.50052,
901466064455,3,55.342686,-1.3165206,80.49397,
901476104738,3,55.334946,-1.2776041,80.475494,
901486114504,3,55.339554,-1.2400278,80.44163,
901496124269,3,55.36184,-1.181983,80.415764,
901506134035,3,55.396587,-1.1076096,80.386185,
901516174318,3,55.420563,-1.0455551,80.314766,
901526184084,3,55.421467,-0.99420226,80.23445,
901536224367,3,55.399532,-0.97573715,80.13572,
901546234132,3,55.39541,-1.008352,80.026886,
901556213380,3,55.446815,-1.1219172,79.94077,
901566253664,3,55.533833,-1.2757995,79.8463,
901576263429,3,55.629723,-1.4573548,79.750305,
901586303713,3,55.711334,-1.6352427,79.67201,
901596282960,3,55.755432,-1.7894583,79.617455,
901606353761,3,55.74144,-1.9157624,79.58396,
901616333009,3,55.671795,-2.0276287,79.56201,
901626373293,3,55.565388,-2.1104443,79.54179,
901636413576,3,55.43679,-2.1706893,79.51283,
901646423341,3,55.303608,-2.2051458,79.47783,
901656433107,3,55.184288,-2.216125,79.46044,
901666473390,3,55.09123,-2.1969504,79.46666,
901676452638,3,55.02084,-2.1746721,79.51026,
901686462404,3,54.97058,-2.15937,79.57578,
901696502687,3,54.942276,-2.1496255,79.65426,
901706695558,3,54.936718,-2.1513693,79.71665,
901716705324,3,54.944412,-2.1573129,79.75773,
901726776125,3,54.95507,-2.1576397,79.76437,
901736785890,3,54.963043,-2.1512504,79.75458,
901746795656,3,54.969128,-2.1252823,79.72953,
901756805421,3,54.97962,-2.1049905,79.72046,
901766815187,3,55.0029,-2.084966,79.71544,
901776855470,3,55.03701,-2.0645514,79.725105,
901786682130,3,55.076397,-2.0451386,79.74175,
901796875001,3,55.103207,-2.0352097,79.750885,
901806915285,3,55.102985,-2.03174,79.75396,
901816955568,3,55.076187,-2.0326428,79.75518,
901826751710,3,55.031876,-2.0409267,79.75543,
901836791994,3,54.977142,-2.0481539,79.75649,
901846801759,3,54.917065,-2.055833,79.75484,
901856842042,3,55.9386,-2.0609717,79.75309,
901866851808,3,56.949104,-2.0675046,79.74984,
901876861574,3,57.95141,-2.0662863,79.736496,
901886871339,3,58.951397,-2.0490675,79.73412,
901896911622,3,59.9553,-2.0291908,79.72035,
901906921388,3,60.96976,-2.0028229,79.71353,
901917114259,3,61.98814,-1.9884096,79.711494,
901927124025,3,63.008183,-1.9772751,79.70133,
901937164308,3,64.027466,-1.9750178,79.69225,
901947143556,3,65.042625,-1.9819456,79.67943,
901957214357,3,66.054405,-1.9932603,79.67058,
901967193605,3,67.05001,-2.014638,79.64962,
901977203371,3,68.01576,-2.039075,79.61787,
901987243654,3,68.934814,-2.0544207,79.58531,
901997070314,3,69.81943,-2.0728557,79.576866,
902007141115,3,70.68452,-2.0831506,79.58131,
902017120363,3,71.53875,-2.093676,79.59591,
902027130128,3,72.38788,-2.0888011,79.61528,
902037353517,3,73.23898,-2.079679,79.63396,
902047363283,3,74.0981,-2.0593047,79.65527,
902057373048,3,74.96664,-2.0423372,79.68463,
902067382814,3,75.842285,-2.0318534,79.71032,
902077392579,3,76.719635,-2.0343192,79.728165,
902087432863,3,77.58747,-2.0376363,79.74717,
902097442628,3,78.43457,-2.052339,79.764084,
902107452394,3,79.25832,-2.0789707,79.7776,
902117462160,3,80.05831,-2.11613,79.80017,
902127502443,3,80.83461,-2.1641858,79.82052,
902137542726,3,81.59559,-2.2119308,79.84327,
902147552492,3,82.3504,-2.2524967,79.857605,
902157562257,3,83.10072,-2.292616,79.86548,
902167602541,3,83.85057,-2.3238788,79.86629,
902177612306,3,84.59921,-2.3443806,79.86186,
902187622072,3,85.34218,-2.365798,79.855,
902197631837,3,86.076614,-2.3857317,79.86205,
902207641603,3,86.80085,-2.4077084,79.871506,
902217651368,3,87.512375,-2.4243581,79.8871,
902227691652,3,88.210594,-2.4502861,79.91416,
902237701417,3,88.89943,-2.4673264,79.94466,
902247741701,3,89.59634,-2.4617755,79.96406,
902257568361,3,90.312935,-2.4216924,79.985016,
902267578127,3,91.03557,-2.3604167,79.99546,
902277618410,3,91.749054,-2.2889478,79.98509,
902287628175,3,92.44034,-2.2270634,79.97027,
902297637941,3,93.105156,-2.1805835,79.95405,
902307678224,3,93.74434,-2.1466403,79.938225,
902317871095,3,94.36101,-2.1278644,79.931305,
902327880861,3,94.96616,-2.1199636,79.934685,
902337921144,3,95.569466,-2.1255796,79.93943,
902347930910,3,96.17494,-2.1296978,79.948296,
902357940675,3,96.78523,-2.1375904,79.96511,
902367950441,3,97.40421,-2.1257272,79.98761,
902377990724,3,98.034966,-2.0957482,80.01698,
902387817384,3,98.67081,-2.0605967,80.04561,
902397827150,3,99.301125,-2.026286,80.0665,
902407867433,3,99.91836,-1.9896506,80.08223,
902418029787,3,100.52077,-1.955103,80.084,
902428070070,3,101.107315,-1.9240041,80.07572,
902438079836,3,101.677055,-1.9017134,80.061775,
902448089601,3,102.231155,-1.8879958,80.04329,
902458129884,3,102.7763,-1.8780259,80.02621,
902468139650,3,103.31726,-1.8664602,80.0143,
902478179933,3,103.85798,-1.8590052,79.99658,
902488189699,3,104.39627,-1.8479462,79.9822,
902498199464,3,104.926926,-1.8370421,79.96745,
902508209230,3,105.45397,-1.8243523,79.95554,
902518249513,3,105.97737,-1.7975575,79.93988,
902528259279,3,106.497246,-1.7801143,79.92373,
902538269044,3,107.01576,-1.7637124,79.91099,
902548278810,3,107.53341,-1.7505429,79.90365,
902558319093,3,108.05069,-1.7441419,79.89967,
902568328859,3,108.56735,-1.7345456,79.88936,
902578369142,3,109.07974,-1.7258362,79.88441,
902588195802,3,109.59216,-1.7209357,79.880554,
902598205568,3,110.106255,-1.71462,79.89336,
902608215333,3,110.62304,-1.7037936,79.90792,
902618255617,3,111.13972,-1.6929207,79.90828,
902628265382,3,111.64708,-1.6781316,79.91383,
902638275148,3,112.141426,-1.6676537,79.91736,
902648468019,3,112.619514,-1.6655158,79.91485,
902658508302,3,113.08037,-1.6712372,79.91365,
902668518068,3,113.52741,-1.6719695,79.917915,
902678527833,3,113.97891,-1.6714478,79.92749,
902688568117,3,114.41641,-1.6669042,79.93975,
902698577882,3,114.84294,-1.660792,79.94651,
902708618165,3,115.26045,-1.6578166,79.94488,
902718627931,3,115.67114,-1.6580863,79.94586,
902728637697,3,116.08001,-1.6643407,79.94016,
902738647462,3,116.48803,-1.6695864,79.930504,
902748687745,3,116.88873,-1.6771315,79.914314,
902758697511,3,117.278595,-1.6855878,79.89425,
902768737794,3,117.65718,-1.6977615,79.8705,
902778747560,3,118.02657,-1.7137724,79.854294,
902788757325,3,118.3901,-1.7310609,79.8441,
902798797609,3,118.73593,-1.7454089,79.83531,
902808807374,3,119.08331,-1.7484992,79.8282,
902818817140,3,119.43403,-1.7431184,79.820015,
902828826906,3,119.78765,-1.7363185,79.80934,
902838836671,3,120.1443,-1.7244327,79.79687,
902848876955,3,120.50331,-1.7231954,79.78814,
902858886720,3,120.85975,-1.7207104,79.77964,
902868896486,3,121.20808,-1.7269804,79.75784,
902878936769,3,121.54588,-1.7316667,79.72881,
902888946535,3,121.875244,-1.74011,79.71251,
902898986818,3,122.19875,-1.7458943,79.7008,
902908996584,3,122.51857,-1.7504188,79.70555,
902919006349,3,122.83807,-1.755589,79.71679,
902929016115,3,123.158035,-1.7621943,79.734604,
902939025880,3,123.473755,-1.7604785,79.75234,
902949127199,3,123.78016,-1.7561696,79.764046,
902959075929,3,124.07391,-1.7493681,79.77453,
902969116213,3,124.38175,-1.7496275,79.78327,
902979125978,3,124.67878,-1.7537247,79.77717,
902989135744,3,124.96689,-1.76425,79.76812,
902999145509,3,125.24955,-1.7748013,79.760284,
903009185793,3,125.53172,-1.7798259,79.75477,
903019195558,3,125.81769,-1.7847133,79.75856,
903029205324,3,126.10956,-1.7898997,79.75961,
903039215090,3,126.40183,-1.7921971,79.76007,
903049255373,3,126.690704,-1.791186,79.764114,
903059265138,3,126.97492,-1.7806865,79.76523,
903069305421,3,127.25499,-1.7785102,79.757095,
903079315187,3,127.52802,-1.7717257,79.74551,
903089324953,3,127.79595,-1.7765889,79.72808,
903099365236,3,128.06204,-1.7797077,79.733376,
903109375001,3,128.33638,-1.7807562,79.7373,
903119384767,3,128.6199,-1.7840946,79.73542,
903129394533,3,128.909,-1.7895653,79.734474,
903139404298,3,129.19994,-1.7926077,79.7329,
903149414064,3,129.48761,-1.7961094,79.73902,
903159454347,3,129.76888,-1.8056922,79.75473,
903169464113,3,130.04037,-1.810632,79.76063,
903179504396,3,130.30196,-1.8127749,79.76786,
903189514162,3,130.55139,-1.8251947,79.770966,
903199523927,3,130.79044,-1.8336979,79.77848,
903209533693,3,131.02525,-1.8390803,79.783875,
903219573976,3,131.2598,-1.8451511,79.78693,
903229583742,3,131.49419,-1.8483701,79.79101,
903239593507,3,131.72922,-1.8496611,79.79369,
903249633790,3,131.96626,-1.8411173,79.79684,
903259643556,3,132.20366,-1.8335181,79.79289,
903269683839,3,132.43794,-1.8276438,79.79314,
903279693605,3,132.67181,-1.8184649,79.78178,
903289520265,3,132.90604,-1.8022716,79.76583,
903299530031,3,133.1392,-1.7768033,79.74036,
903309539796,3,133.36964,-1.7498171,79.71067,
903319549562,3,133.59663,-1.7279824,79.696266,
903329772951,3,133.82326,-1.7035017,79.681625,
903339782716,3,134.05017,-1.680651,79.678764,
903349822999,3,134.28192,-1.6628524,79.67947,
903359649660,3,134.52579,-1.6579667,79.67739,
903369659425,3,134.78285,-1.6713489,79.65843,
903379669191,3,135.05408,-1.6913344,79.63344,
903389678956,3,135.33844,-1.7121325,79.60397,
903399688722,3,135.63333,-1.7402374,79.5893,
903409729005,3,135.93462,-1.7609115,79.59886,
903419708253,3,136.23286,-1.7758735,79.61669,
903429779054,3,136.51904,-1.781734,79.6459,
903439788820,3,136.79237,-1.7841451,79.673225,
903449798585,3,137.04784,-1.7819567,79.696625,
903459838868,3,137.28354,-1.7798903,79.70672,
903470031740,3,137.49661,-1.7781355,79.70838,
903480072023,3,137.68451,-1.764816,79.70488,
903490081788,3,137.84523,-1.7494644,79.69604,
903499938966,3,137.97812,-1.7251017,79.69372,
903509948732,3,138.08757,-1.6915501,79.69961,
903519958498,3,138.17805,-1.6596357,79.71607,
903529968263,3,138.25143,-1.6140926,79.7397,
903539978029,3,138.30951,-1.5710284,79.78823,
903549987794,3,138.35587,-1.5452245,79.857635,
903560028078,3,138.39882,-1.5247885,79.93801,
903570037843,3,138.4506,-1.5169346,80.02039,
903580078127,3,138.5188,-1.5021514,80.09205,
903590087892,3,138.60751,-1.4804517,80.14689,
903600097658,3,138.71971,-1.4582353,80.19807,
903610137941,3,138.84958,-1.430218,80.2324,
903620147707,3,138.98592,-1.4021417,80.25223,
903630157472,3,139.12001,-1.3812696,80.25709,
903640167238,3,139.24597,-1.3654965,80.24534,
903650177004,3,139.36221,-1.3520614,80.212906,
903660217287,3,139.47244,-1.3425417,80.16423,
903670227052,3,139.58182,-1.3280721,80.09835,
903680236818,3,139.69699,-1.3190756,80.016464,
903690277101,3,139.82121,-1.3005971,79.92477,
903700286867,3,139.95265,-1.2743788,79.82274,
903710296632,3,140.08669,-1.2460598,79.71335,
903720336916,3,140.23813,-1.2099878,79.620026,
903730346681,3,140.39072,-1.1781737,79.5349,
903740356447,3,140.54628,-1.1535144,79.47271,
903750366213,3,140.71208,-1.1330231,79.43616,
903760375978,3,140.89067,-1.1178516,79.42308,
903770416261,3,141.07921,-1.1117426,79.42379,
903780639650,3,141.30249,-1.1113931,79.43848,
903790618898,3,141.52383,-1.1282886,79.465355,
903800659181,3,141.73402,-1.1379805,79.49976,
903810699464,3,141.93031,-1.1528465,79.533195,
903820709230,3,142.11783,-1.1567018,79.58116,
903830718996,3,142.30003,-1.1496067,79.63393,
903840728761,3,142.47255,-1.134651,79.69619,
903850769044,3,142.63069,-1.1210916,79.75436,
903860809328,3,142.77115,-1.1050129,79.81325,
903870635988,3,142.8902,-1.0965309,79.86435,
903880645753,3,142.9931,-1.087702,79.90929,
903890655519,3,143.08928,-1.0943099,79.94281,
903900695802,3,143.18878,-1.099779,79.97453,
903910705568,3,143.29893,-1.1207777,80.012436,
903920898439,3,143.44391,-1.1472483,80.05981,
903930908205,3,143.60147,-1.1739162,80.112976,
903940917970,3,143.76813,-1.1937864,80.18127,
903950744630,3,143.9278,-1.2038581,80.26658,
903960784913,3,144.09106,-1.207109,80.37265,
903970794679,3,144.25624,-1.2162424,80.47994,
903980804445,3,144.41872,-1.2171481,80.592445,
903990814210,3,144.57637,-1.2228229,80.68621,
904000854494,3,144.72937,-1.2287748,80.77253,
904010864259,3,144.90094,-1.2372112,80.8631,
904020874025,3,145.07237,-1.2460427,80.96019,
904030883790,3,145.24393,-1.2537193,81.06775,
904040893556,3,145.41536,-1.2726996,81.19052,
904050903322,3,145.58426,-1.3045636,81.31615,
904060943605,3,145.74927,-1.339778,81.4222,
904070953371,3,145.91252,-1.3679323,81.50905,
904080993654,3,146.08699,-1.3886617,81.57991,
904091033937,3,146.26738,-1.4255241,81.60313,
904101013185,3,146.45262,-1.478474,81.609055,
904111022951,3,146.63913,-1.5525306,81.572365,
904121063234,3,146.82817,-1.6359565,81.4865,
904131072999,3,146.99739,-1.6878633,81.37852,
904141113283,3,147.12997,-1.6786811,81.256836,
904151123048,3,147.2909,-1.6159471,81.19661,
904161163331,3,147.51205,-1.5309582,81.182625,
904171173097,3,147.83182,-1.4588438,81.18972,
904181182863,3,148.5091,-1.448185,81.18306,
904191192628,3,149.26218,-1.4953017,81.14673,
904201202394,3,150.05032,-1.5816578,81.06667,
904211242677,3,150.8241,-1.6778322,80.92634,
904221252443,3,151.53719,-1.766084,80.750656,
904231292726,3,152.15839,-1.8154558,80.55046,
904241302492,3,152.50304,-1.8510222,80.30779,
904251312257,3,152.7632,-1.9041076,80.02179,
904261322023,3,152.9519,-2.0074337,79.6982,
904271362306,3,153.0741,-2.1546643,79.35553,
904281372072,3,153.14357,-2.3299367,79.02998,
904291381837,3,153.32713,-2.5156777,78.75025,
904301422121,3,153.48708,-2.6845624,78.52346,
904311431886,3,153.64175,-2.8235486,78.359695,
904321441652,3,153.8119,-2.9192133,78.23712,
904331481935,3,153.86923,-2.9695454,78.14566,
904341491701,3,153.97362,-2.9760768,78.06296,
904351531984,3,154.12256,-2.9521298,77.98109,
904361511232,3,154.29315,-2.9092824,77.88553,
904371551515,3,154.47833,-2.8521962,77.782425,
904381561281,3,154.68886,-2.7883654,77.6813,
904391601564,3,154.87883,-2.7146719,77.60522,
904401611330,3,155.04555,-2.6347303,77.5584,
904411621095,3,155.25919,-2.5620327,77.55258,
904421661378,3,155.45389,-2.5033603,77.58551,
904431671144,3,155.62836,-2.4502003,77.65403,
904441680910,3,155.86568,-2.4021585,77.744095,
904451690675,3,156.05731,-2.3716512,77.85801,
904461730959,3,156.20601,-2.3400066,77.98557,
904471740724,3,156.33907,-2.3091767,78.13091,
904481750490,3,156.47168,-2.265133,78.27732,
904491790773,3,156.62686,-2.229008,78.42773,
904501800539,3,156.94008,-2.2157102,78.58355,
904511779787,3,157.12836,-2.2399795,78.73133,
904521820070,3,157.33429,-2.2862349,78.87203,
904531829836,3,157.5434,-2.3439734,78.99037,
904541870119,3,157.7422,-2.4013183,79.09575,
904551879884,3,157.91866,-2.4721088,79.173645,
904561889650,3,158.06512,-2.5342505,79.24519,
904571899416,3,158.3425,-2.57773,79.3127,
904581970216,3,158.60744,-2.5901966,79.39611,
904591949464,3,158.88335,-2.5775833,79.51283,
904601989748,3,159.03561,-2.537232,79.681656,
904611999513,3,159.27779,-2.4787366,79.89227,
904622009279,3,159.56325,-2.401496,80.12947,
904632049562,3,159.82918,-2.3024373,80.37977,
904642059328,3,160.10616,-2.1894538,80.617744,
904652069093,3,160.38083,-2.0701568,80.82604,
904662078859,3,160.71304,-1.9710976,81.002716,
904672119142,3,161.01433,-1.916314,81.135506,
904682098390,3,161.39273,-1.9035773,81.22388,
904692138673,3,161.71487,-1.9350379,81.27277,
904702148439,3,161.97528,-1.999809,81.29794,
904712188722,3,162.17464,-2.0872748,81.32245,
904722198488,3,162.47238,-2.1748047,81.37882,
904732208253,3,162.72328,-2.247722,81.48158,
904742248537,3,163.02673,-2.2950757,81.616974,
904752258302,3,163.34114,-2.3347132,81.75593,
904762268068,3,163.69037,-2.388445,81.87341,
904772277833,3,163.92207,-2.4700243,81.952805,
904782318117,3,164.17752,-2.5766802,81.97748,
904792358400,3,164.43976,-2.6999567,81.922195,
904802368165,3,164.70062,-2.8162608,81.807396,
904812377931,3,164.96388,-2.8975606,81.66939,
904822418214,3,165.23694,-2.9362261,81.52659,
904832427980,3,165.93997,-2.930517,81.38763,
904842437745,3,166.6505,-2.8882194,81.26714,
904852447511,3,167.4254,-2.8229642,81.158005,
904862457277,3,168.1957,-2.7488482,81.067696,
904872467042,3,168.96002,-2.6664114,80.99261,
904882507325,3,169.89093,-2.580577,80.92411,
904892547609,3,170.82335,-2.4948144,80.848785,
904902557374,3,171.75534,-2.4226117,80.755516,
904912567140,3,172.592,-2.3633003,80.63944,
904922576906,3,173.40842,-2.3227947,80.50964,
904932617189,3,174.1934,-2.2912147,80.37689,
904942626955,3,175.00313,-2.2575052,80.255325,
904952667238,3,175.78395,-2.226014,80.14906,
904962677004,3,176.55145,-2.1883523,80.05968,
904972686769,3,177.36807,-2.1543205,79.97909,
904982696535,3,178.19955,-2.113353,79.90937,
904992736818,3,179.12994,-2.0832894,79.84018,
905002746584,3,180.06665,-2.0573955,79.76931,
905012756349,3,180.99551,-2.0294178,79.72054,
905022766115,3,181.87515,-2.0016313,79.690575,
905032836916,3,182.73392,-1.9690511,79.676186,
905042999269,3,183.57603,-1.9463371,79.6715,
905053039552,3,184.49982,-1.9341497,79.6834,
905063049318,3,185.42264,-1.9271249,79.70315,
905073059084,3,186.34703,-1.9309276,79.73145,
905083068849,3,187.37079,-1.9272677,79.76208,
905093078615,3,188.38264,-1.9173462,79.80338,
905102905275,3,189.38632,-1.8987132,79.84939,
905112945558,3,190.43025,-1.8637326,79.90073,
905122955324,3,191.47604,-1.832471,79.95412,
905132995607,3,192.52463,-1.807461,79.98757,
905143005373,3,193.67273,-1.8079165,80.00333,
905153228761,3,194.80278,-1.8173543,79.98311,
905163055421,3,195.89372,-1.8434079,79.94648,
905173248293,3,196.9612,-1.8775388,79.91538,
905183258058,3,198.00638,-1.9040663,79.90769,
905193115236,3,199.08946,-1.896278,79.93014,
905203125002,3,200.15958,-1.8646327,79.9855,
905213104250,3,201.23636,-1.8191153,80.07298,
905223144533,3,202.33301,-1.7531978,80.17842,
905233154298,3,203.44731,-1.6810247,80.27871,
905243194582,3,204.57951,-1.6043324,80.36763,
905253234865,3,205.7071,-1.5347965,80.42496,
905263214113,3,206.81497,-1.4753999,80.44793,
905273223878,3,207.92479,-1.4229153,80.4509,
905283294679,3,209.00179,-1.3699602,80.43708,
905293304445,3,210.04912,-1.3181902,80.43517,
905303314210,3,211.07814,-1.2573305,80.47514,
905313293459,3,212.1049,-1.1673787,80.5551,
905323333742,3,213.14342,-1.0421582,80.65002,
905333343507,3,214.19846,-0.904545,80.75218,
905343353273,3,215.29529,-0.7703158,80.84736,
905353393556,3,216.42737,-0.66306037,80.90751,
905363433839,3,217.58723,-0.584867,80.89975,
905373443605,3,218.75467,-0.5212096,80.82533,
905383453371,3,219.89215,-0.469808,80.695335,
905393463136,3,220.98975,-0.40832984,80.55434,
905403503419,3,222.00241,-0.3377312,80.44378,
905413513185,3,222.9377,-0.25601915,80.39574,
905423553468,3,223.82564,-0.16723683,80.39993,
905433746339,3,224.70787,-0.09277103,80.43223,
905443786622,3,225.61957,-0.056873072,80.44607,
905453582765,3,226.61252,-0.067563124,80.41419,
905463592531,3,227.65144,-0.10739918,80.32681,
905473632814,3,228.69705,-0.16573028,80.1717,
905483642579,3,229.69057,-0.23270722,79.967674,
905493652345,3,230.62082,-0.29283902,79.73795,
905503662111,3,231.48593,-0.33876437,79.51553,
905513732912,3,232.32382,-0.3597826,79.320305,
905523712160,3,233.15106,-0.3524665,79.16365,
905533721925,3,233.9989,-0.3299596,79.06381,
905543731691,3,234.87137,-0.31346905,78.98919,
905553771974,3,235.77896,-0.30919465,78.92863,
905563781740,3,236.70488,-0.31651053,78.866806,
905573791505,3,237.6416,-0.35081223,78.78093,
905583831788,3,238.54056,-0.4036681,78.68887,
905593841554,3,239.38202,-0.47478867,78.57366,
905603851320,3,240.18007,-0.54950297,78.47781,
905613891603,3,240.92336,-0.63170224,78.41149,
905623901368,3,241.63266,-0.7121928,78.384445,
905633941652,3,242.33537,-0.78973234,78.40134,
905643951417,3,243.05446,-0.8588373,78.44878,
905653961183,3,243.81454,-0.9076738,78.515305,
905663970949,3,244.60127,-0.9294695,78.594154,
905673980714,3,245.40234,-0.93108714,78.6633,
905683990480,3,246.19011,-0.9282975,78.732056,
905694030763,3,246.96066,-0.92094386,78.7758,
905704071047,3,247.6944,-0.9200188,78.79973,
905714111330,3,248.39783,-0.92365384,78.79521,
905724121095,3,249.06244,-0.9269519,78.761765,
905734344484,3,249.6925,-0.9242002,78.72656,
905744171144,3,250.27704,-0.9144191,78.707664,
905754180910,3,250.81895,-0.90052265,78.72825,
905764190675,3,251.32736,-0.8690767,78.80805,
905774200441,3,251.82114,-0.830145,78.949684,
905784210207,3,252.32661,-0.7829424,79.143616,
905794250490,3,252.86734,-0.7474269,79.35582,
905804260255,3,253.45204,-0.72257996,79.55767,
905814270021,3,254.07343,-0.71249527,79.72066,
905824249269,3,254.68045,-0.71081424,79.844,
905834289552,3,255.27255,-0.71262336,79.91763,
905844512941,3,255.83885,-0.7352499,79.945724,
905854370119,3,256.34058,-0.7861604,79.93406,
905864379884,3,256.77594,-0.8584578,79.89248,
905874389650,3,257.12723,-0.94846183,79.84893,
905884399416,3,257.41824,-1.054844,79.82785,
905894409181,3,257.671,-1.1542627,79.84401,
905904449464,3,257.93283,-1.2310438,79.88206,
905914489748,3,258.21356,-1.2929808,79.94029,
905924499513,3,258.53052,-1.3263235,80.00096,
905934509279,3,258.9007,-1.3361157,80.04684,
905944519044,3,259.34027,-1.3241122,80.04968,
905954559328,3,259.8449,-1.2719746,80.00069,
905964569093,3,260.42145,-1.1815364,79.92376,
905974578859,3,261.04218,-1.0600836,79.847855,
905984588625,3,261.68292,-0.9166652,79.79063,
905994598390,3,262.2929,-0.78622675,79.77455,
906004608156,3,262.86383,-0.6998779,79.78681,
906014617921,3,263.382,-0.6794757,79.828545,
906024688722,3,263.84415,-0.72910714,79.8767,
906034667970,3,264.25653,-0.84655285,79.91351,
906044677736,3,264.63416,-1.0154424,79.91971,
906054718019,3,265.00436,-1.2125416,79.88006,
906064758302,3,265.36417,-1.4085582,79.78575,
906074768068,3,265.7198,-1.6136899,79.649376,
906084777833,3,266.07657,-1.8097286,79.48158,
906094787599,3,266.4339,-2.0209825,79.30875,
906104797365,3,266.79065,-2.2199252,79.14231,
906114837648,3,267.1612,-2.3863118,79.000465,
906124847413,3,267.5214,-2.5080485,78.90153,
906134918214,3,267.87402,-2.5697904,78.85522,
906144897462,3,268.2309,-2.5732903,78.85875,
906154907228,3,268.60168,-2.5286303,78.8736,
906164916994,3,268.97015,-2.4621363,78.89073,
906174957277,3,269.3531,-2.3840003,78.89499,
906184967042,3,269.7408,-2.3132372,78.88401,
906195007325,3,270.122,-2.2404482,78.86723,
906205017091,3,270.48523,-2.1707282,78.841515,
906215057374,3,270.83044,-2.1112428,78.80655,
906225067140,3,271.15253,-2.0700815,78.76605,
906235076906,3,271.46735,-2.0491114,78.7139,
906245086671,3,271.7829,-2.035827,78.66378,
906255126955,3,272.1054,-2.020388,78.62385,
906265136720,3,272.43823,-2.0038319,78.60365,
906275329591,3,272.78772,-1.9797634,78.5941,
906285186769,3,273.15698,-1.9607998,78.59249,
906295379640,3,273.54196,-1.9446114,78.589516,
906305206300,3,273.9374,-1.9329408,78.58014,
906315216066,3,274.33313,-1.916098,78.5774,
906325256349,3,274.72543,-1.8915398,78.59385,
906335266115,3,275.11935,-1.858956,78.62598,
906345275880,3,275.51587,-1.8212041,78.69545,
906355285646,3,275.91757,-1.7887571,78.78316,
906365295412,3,276.32147,-1.7671437,78.875496,
906375335695,3,276.7293,-1.7681555,78.95002,
906385345460,3,277.12848,-1.7904133,78.98457,
906395568849,3,277.51248,-1.8172625,78.97316,
906405364992,3,277.85852,-1.8461952,78.91688,
906415435793,3,278.14594,-1.8733267,78.83266,
906425445558,3,278.39676,-1.8842932,78.74891,
906435455324,3,278.62994,-1.8886515,78.690414,
906445465090,3,279.15445,-1.8416692,78.62509,
906465484621,3,279.51047,-1.7731521,78.58958,
906475524904,3,279.94638,-1.656371,78.555725,
906485534670,3,280.4562,-1.4990745,78.50906,
906495544435,3,281.5651,-1.3052236,78.43605,
906505584718,3,282.62085,-1.097669,78.33403,
906515594484,3,283.11026,-0.88277805,78.23455,
906525604250,3,283.51135,-0.67033607,78.17133,
906535614015,3,283.8196,-0.47104874,78.16199,
906545623781,3,284.06195,-0.30039924,78.19932,
906555633547,3,284.28717,-0.1744053,78.2643,
906565856935,3,284.52856,-0.09531149,78.298294,
906575683595,3,284.7985,-0.067909546,78.252975,
906585723878,3,285.0918,-0.08260033,78.13288,
906595733644,3,285.37897,-0.14703482,77.93183,
906605773927,3,285.6243,-0.24020062,77.6721,
906615783693,3,285.80835,-0.33741078,77.40256,
906625823976,3,285.92645,-0.4318304,77.161896,
906635803224,3,286.00742,-0.5145068,76.95589,
906645843507,3,286.08533,-0.5748302,76.8054,
906655853273,3,286.18732,-0.61558354,76.711464,
906665863039,3,286.34515,-0.6415462,76.64887,
906675903322,3,286.56702,-0.6582909,76.614525,
906685882570,3,286.80817,-0.6611157,76.57859,
906695922853,3,287.08563,-0.6578077,76.54128,
906705932619,3,287.36862,-0.6595902,76.49573,
906715942384,3,287.65176,-0.67599815,76.45365,
906725982667,3,287.88986,-0.7100065,76.412636,
906736022951,3,288.07556,-0.7538504,76.384056,
906746063234,3,288.1941,-0.81894124,76.38122,
906756042482,3,288.272,-0.8918727,76.40939,
906766052248,3,288.33023,-0.95377946,76.47919,
906776062013,3,288.37106,-1.0167283,76.56718,
906786102296,3,288.4411,-1.0721141,76.65884,
906796112062,3,288.54364,-1.1244634,76.740974,
906806152345,3,288.67987,-1.1673815,76.83317,
906816131593,3,288.83136,-1.2068466,76.9244,
906826171876,3,288.97485,-1.234549,77.00333,
906836212160,3,289.10056,-1.2542589,77.07425,
906846252443,3,289.1893,-1.2702514,77.14298,
906856231691,3,289.24307,-1.2766222,77.22219,
906866241456,3,289.2677,-1.2885455,77.30871,
906876281740,3,289.27374,-1.3044277,77.404816,
906886291505,3,289.25775,-1.3402334,77.50877,
906896301271,3,289.2166,-1.3795362,77.62304,
906906341554,3,289.16153,-1.3929849,77.73798,
906916351320,3,289.1103,-1.368742,77.86132,
906926361085,3,289.07843,-1.2819691,77.995544,
906936401368,3,289.07886,-1.1472808,78.14005,
906946411134,3,289.12195,-1.017532,78.27946,
906956420900,3,289.21317,-0.9007579,78.38756,
906966461183,3,289.32675,-0.818915,78.44136,
906976470949,3,289.41946,-0.7628542,78.45895,
906986480714,3,289.4462,-0.7089098,78.45759,
906996490480,3,289.37695,-0.6643058,78.458115,
907006530763,3,289.21362,-0.61708546,78.496735,
907016540529,3,289.19275,-0.57976985,78.57116,
907026550294,3,289.7632,-0.55469245,78.695274,
907036560060,3,289.68698,-0.5432672,78.84607,
907046600343,3,289.48544,-0.55957776,78.97878,
907056640627,3,289.37564,-0.5857871,79.06673,
907066650392,3,289.36456,-0.5903333,79.11497,
907076660158,3,289.43317,-0.54839444,79.132744,
907086669923,3,289.54633,-0.47808573,79.1514,
907096679689,3,289.67407,-0.38621476,79.167145,
907106689455,3,289.7934,-0.30805504,79.19283,
907116729738,3,289.88596,-0.2643268,79.23219,
907126739504,3,289.94153,-0.26810545,79.28962,
907136749269,3,289.97165,-0.30688518,79.34091,
907146789552,3,289.98923,-0.37654474,79.36579,
907156829836,3,290.0045,-0.4709535,79.349754,
907166839601,3,290.03403,-0.5932666,79.295204,
907176849367,3,290.0522,-0.7434435,79.20797,
907186859132,3,290.05545,-0.9048097,79.1054,
907196868898,3,290.0445,-1.0846345,78.98823,
907206878664,3,290.02374,-1.2713236,78.86275,
907216918947,3,289.99948,-1.457018,78.73936,
907226928713,3,289.98398,-1.6263431,78.63613,
907236938478,3,289.97772,-1.7664257,78.540436,
907246978761,3,289.9864,-1.8699639,78.46617,
907257019044,3,290.01547,-1.9252207,78.41123,
907267028810,3,290.0681,-1.9508903,78.37315,
907277038576,3,290.14005,-1.956698,78.341156,
907287078859,3,290.21783,-1.9505496,78.31089,
907297088625,3,290.29083,-1.9365348,78.296455,
907307098390,3,290.35376,-1.9323523,78.290306,
907317108156,3,290.40198,-1.9373378,78.30506,
907327148439,3,290.4389,-1.9367654,78.32766,
907337127687,3,290.4715,-1.924975,78.36155,
907347167970,3,290.50266,-1.8999655,78.41237,
907357177736,3,290.55377,-1.8631504,78.46754,
907367218019,3,290.642,-1.8317662,78.53711,
907377227785,3,290.75055,-1.8096298,78.60768,
907387237550,3,290.87677,-1.7966017,78.683136,
907397247316,3,291.0239,-1.7898569,78.75656,
907407257082,3,291.1815,-1.7947043,78.8406,
907417266847,3,291.34247,-1.7977942,78.9438,
907427307130,3,291.52094,-1.7933896,79.05672,
907437316896,3,291.7118,-1.7829481,79.186584,
907447326662,3,291.91687,-1.7675791,79.324936,
907457366945,3,292.12714,-1.7546934,79.47144,
907467376710,3,292.33606,-1.7433094,79.60722,
907477386476,3,292.54388,-1.7537208,79.72926,
907487396242,3,292.75565,-1.776489,79.815346,
907497436525,3,292.96942,-1.8096141,79.85195,
907507446290,3,293.1748,-1.8575989,79.84831,
907517456056,3,293.36212,-1.9182006,79.80546,
907527496339,3,293.52588,-1.9805743,79.75981,
907537506105,3,293.6643,-2.0275548,79.7152,
907547576906,3,293.7958,-2.0390642,79.68038,
907557556154,3,293.94922,-2.0155046,79.66336,
907567565919,3,294.1373,-1.9549135,79.66549,
907577606202,3,294.40186,-1.8591969,79.65745,
907587615968,3,294.74094,-1.751608,79.638535,
907597625734,3,295.26355,-1.6311088,79.593285,
907607666017,3,295.622,-1.5095967,79.554344,
907617645265,3,295.91376,-1.3898531,79.56031,
907627685548,3,296.13263,-1.272014,79.61741,
907637695314,3,296.2855,-1.1822324,79.70175,
907647735597,3,296.4144,-1.1364582,79.77277,
907657745363,3,296.53973,-1.1403803,79.780594,
907667755128,3,296.66934,-1.1896223,79.691086,
907677764894,3,296.78592,-1.2805243,79.511566,
907687805177,3,296.85785,-1.3987184,79.2717,
907697814943,3,296.86682,-1.523583,78.985725,
907707855226,3,296.81616,-1.6291966,78.70024,
907717864992,3,296.7058,-1.6999084,78.4489,
907727874757,3,296.6006,-1.7252231,78.252655,
907737915041,3,296.54785,-1.7147346,78.11038,
907747924806,3,296.58853,-1.6628584,78.01524,
907757934572,3,296.72675,-1.5929666,77.939674,
907767974855,3,296.94412,-1.5205094,77.87443,
907777954103,3,297.1885,-1.4675015,77.796745,
907787994386,3,297.42575,-1.438295,77.69877,
907798004152,3,297.61243,-1.4394559,77.578636,
907808013917,3,297.71747,-1.4818377,77.45733,
907818054201,3,297.732,-1.5526898,77.34355,
907828063966,3,297.6637,-1.6391908,77.25899,
907838073732,3,297.55353,-1.7337916,77.23215,
907848083498,3,297.4463,-1.8241698,77.2651,
907858123781,3,297.39243,-1.9089237,77.34415,
907868103029,3,297.40918,-1.9972246,77.455086,
907878143312,3,297.4981,-2.0768223,77.57213,
907888153078,3,297.6218,-2.1471815,77.6643,
907898162843,3,297.7605,-2.2111328,77.7266,
907908172609,3,297.8811,-2.2723064,77.76254,
907918243410,3,297.95282,-2.3270202,77.78491,
907928253175,3,297.97437,-2.3797631,77.79846,
907938293459,3,297.93982,-2.432398,77.82029,
907948303224,3,297.87683,-2.4793625,77.844795,
907958343507,3,297.79462,-2.5332596,77.88358,
907968322755,3,297.6968,-2.5924454,77.930466,
907978332521,3,297.58798,-2.6335518,77.9937,
907988372804,3,297.47574,-2.6599731,78.08183,
907998382570,3,297.36542,-2.670307,78.1894,
908008422853,3,297.28763,-2.6577175,78.30122,
908018432619,3,297.24652,-2.644269,78.39053,
908028625490,3,297.2356,-2.6507535,78.45386,
908038482667,3,297.2243,-2.6809988,78.490974,
908048522951,3,297.19092,-2.734524,78.4715,
908058502199,3,297.1222,-2.805157,78.39511,
908068511964,3,297.00076,-2.8817594,78.292046,
908078552248,3,296.82776,-2.9445863,78.197205,
908088592531,3,296.62177,-2.9971263,78.12038,
908098602296,3,296.40686,-3.0397024,78.0515,
908108612062,3,296.20242,-3.057144,77.99081,
908118621828,3,296.00677,-3.0421112,77.95987,
908128662111,3,295.8421,-3.0005584,77.95628,
908138641359,3,295.7273,-2.9374304,77.96631,
908148681642,3,295.6754,-2.8412628,77.975525,
908158691408,3,295.68594,-2.7159562,77.97244,
908168701173,3,295.7406,-2.5569997,77.95829,
908178741456,3,295.80908,-2.3776724,77.916855,
908188751222,3,295.86404,-2.207849,77.86414,
908198760988,3,295.89005,-2.074168,77.79424,
908208770753,3,295.87494,-2.007176,77.71981,
908218841554,3,295.81747,-2.0017955,77.63852,
908228851320,3,295.72638,-2.0455675,77.52671,
908238861085,3,295.6113,-2.1268213,77.36821,
908248870851,3,295.47876,-2.2077997,77.17757,
908258911134,3,295.33698,-2.275788,76.98251,
908268920900,3,295.19208,-2.3409092,76.795654,
908278930665,3,295.0569,-2.4003396,76.61982,
908288940431,3,294.93677,-2.4607167,76.46383,
908298980714,3,294.8297,-2.5030813,76.330696,
908308990480,3,294.7322,-2.5340252,76.22067,
908319000245,3,294.64038,-2.5450335,76.15046,
908329010011,3,294.55716,-2.537464,76.11252,
908339019777,3,294.48743,-2.4972987,76.10829,
908349060060,3,294.43503,-2.4261312,76.144585,
908359069825,3,294.40326,-2.338976,76.20911,
908369079591,3,294.39368,-2.2397773,76.31057,
908379089357,3,294.40326,-2.1349418,76.447685,
908389099122,3,294.43503,-2.038654,76.601036,
908399139406,3,294.48935,-1.948566,76.757774,
908409149171,3,294.56256,-1.8770547,76.89863,
908419158937,3,294.64612,-1.8253883,77.00945,
908429199220,3,294.7277,-1.804825,77.09742,
908439178468,3,294.79752,-1.8102849,77.15158,
908449218751,3,294.85513,-1.8304636,77.19473,
908459228517,3,294.90228,-1.866089,77.222404,
908469238283,3,294.93988,-1.90703,77.25375,
908479461671,3,294.96967,-1.9532689,77.293526,
908489501955,3,294.99762,-2.0092537,77.329384,
908499328615,3,295.028,-2.0626512,77.37341,
908509338380,3,295.06964,-2.1088827,77.43164,
908519348146,3,295.13583,-2.1319194,77.514145,
908529357912,3,295.24005,-2.1399393,77.61398,
908539367677,3,295.3839,-2.1503835,77.703445,
908549407960,3,295.55286,-2.176192,77.76862,
908559448244,3,295.72482,-2.2278852,77.76601,
908569458009,3,295.86932,-2.3119326,77.708664,
908579467775,3,295.95795,-2.4215372,77.5975,
908589508058,3,295.9613,-2.557822,77.442024,
908599517824,3,295.8686,-2.7113907,77.28638,
908609558107,3,295.68213,-2.8652565,77.130974,
908619567873,3,295.43323,-2.9984941,77.00283,
908629608156,3,295.17468,-3.0853906,76.90415,
908639617921,3,294.97357,-3.1126513,76.81957,
908649627687,3,294.87842,-3.0499167,76.75294,
908659637453,3,294.91986,-2.9087605,76.69347,
908669647218,3,295.0415,-2.703871,76.64132,
908679687501,3,295.26437,-2.4516962,76.56715,
908689697267,3,295.51855,-2.1716192,76.51733,
908699707033,3,295.7099,-1.8661819,76.4983,
908709716798,3,295.89816,-1.5821227,76.52942,
908719726564,3,296.02682,-1.3420067,76.59176,
908729766847,3,296.12845,-1.1503823,76.62922,
908739776613,3,296.22516,-1.0071974,76.57743,
908749816896,3,296.31714,-0.9382852,76.414246,
908759826662,3,296.39157,-0.96167654,76.14384,
908769836427,3,296.34744,-1.0717747,75.78469,
908779876710,3,296.23145,-1.2481419,75.37543,
908789886476,3,296.0223,-1.4315643,74.95731,
908799896242,3,295.71796,-1.6141841,74.56053,
908809936525,3,295.32425,-1.7667289,74.22596,
908819915773,3,294.91354,-1.8733773,73.99308,
908829956056,3,294.64014,-1.9177146,73.85511,
908839965822,3,294.4569,-1.8949502,73.83083,
908850006105,3,294.39435,-1.810902,73.90111,
908860015871,3,294.4514,-1.6951292,74.01101,
908870025636,3,294.5976,-1.5589316,74.12664,
908880035402,3,294.78543,-1.421599,74.22587,
908890045167,3,294.94342,-1.2968653,74.30024,
908900085451,3,295.05396,-1.1920217,74.34641,
908910095216,3,295.0994,-1.1109978,74.39222,
908920318605,3,295.08026,-1.066634,74.42798,
908930328371,3,295.01276,-1.0596668,74.47357,
908940155031,3,294.92166,-1.0831876,74.53526,
908950225831,3,294.8269,-1.1289276,74.6033,
908960205079,3,294.7463,-1.1951836,74.67064,
908970214845,3,294.6818,-1.2711117,74.74156,
908980255128,3,294.63324,-1.3382852,74.81294,
908990264894,3,294.59647,-1.4075576,74.87886,
909000274660,3,294.55957,-1.4656453,74.927986,
909010345460,3,294.50128,-1.5122135,74.96065,
909020507814,3,294.41934,-1.5535796,74.9949,
909030334474,3,294.31085,-1.5799791,75.06051,
909040374757,3,294.18182,-1.6012077,75.16877,
909050384523,3,294.04376,-1.6283588,75.3361,
909060394288,3,293.9091,-1.6424015,75.55408,
909070404054,3,293.68103,-1.6525565,76.02352,
909090454103,3,293.5841,-1.653564,76.216156,
909100463868,3,293.47995,-1.6543008,76.36952,
909110504152,3,293.36044,-1.6616606,76.48974,
909120513917,3,293.22147,-1.6885821,76.57403,
909130523683,3,293.04816,-1.7394601,76.602295,
909140533449,3,292.8456,-1.8020577,76.60344,
909150543214,3,292.60876,-1.870569,76.60526,
909160614015,3,292.34528,-1.9194279,76.63154,
909170623781,3,292.07324,-1.9351548,76.689415,
909180633547,3,291.8089,-1.9250605,76.800804,
909190643312,3,291.57727,-1.8903909,76.94846,
909200653078,3,291.4114,-1.8365177,77.10625,
909210693361,3,291.332,-1.7918227,77.246635,
909220703127,3,291.33197,-1.7401737,77.33339,
909230712892,3,291.38705,-1.6736267,77.35842,
909240722658,3,291.46613,-1.6101078,77.31856,
909250762941,3,291.53387,-1.5691419,77.2119,
909260772707,3,291.55963,-1.5621003,77.07484,
909270812990,3,291.53595,-1.5862762,76.92522,
909280822755,3,291.46594,-1.649422,76.784004,
909290832521,3,291.34772,-1.7480174,76.65663,
909300842287,3,291.19897,-1.8729943,76.53889,
909310882570,3,291.04254,-2.0117629,76.408356,
909320892336,3,290.88818,-2.1601589,76.261314,
909330902101,3,290.73816,-2.3036158,76.12444,
909340942384,3,290.59024,-2.4284403,75.99949,
909350952150,3,290.44055,-2.5430183,75.89121,
909360961916,3,290.29364,-2.639128,75.79641,
909370971681,3,290.15903,-2.7230806,75.72956,
909381011964,3,290.04034,-2.782411,75.69322,
909391021730,3,289.94183,-2.8224678,75.68502,
909401245119,3,289.8605,-2.8365161,75.704475,
909411071779,3,289.79825,-2.8268282,75.74023,
909421081544,3,289.75125,-2.7956,75.782486,
909431091310,3,289.7156,-2.7399373,75.829155,
909441101076,3,289.68246,-2.6799762,75.88339,
909451141359,3,289.64868,-2.638084,75.92256,
909461181642,3,289.60718,-2.6112902,75.93523,
909471374513,3,289.54852,-2.5952241,75.94977,
909481201173,3,289.4768,-2.5863488,75.97795,
909491210939,3,289.40912,-2.5698395,76.03894,
909501220705,3,289.36166,-2.5434158,76.125206,
909511230470,3,289.34247,-2.5041878,76.23673,
909521270753,3,289.3497,-2.441892,76.372215,
909531280519,3,289.37476,-2.3671374,76.516174,
909541290285,3,289.41153,-2.2790668,76.67651,
909551300050,3,289.44916,-2.1846504,76.85617,
909561309816,3,289.4824,-2.0814457,77.0616,
909571350099,3,289.50287,-1.9695531,77.29966,
909581359865,3,289.51294,-1.8572177,77.57112,
909591369630,3,289.52094,-1.7477149,77.86273,
909601409913,3,289.5428,-1.646066,78.15178,
909611419679,3,289.58728,-1.5686065,78.42598,
909621459962,3,289.6645,-1.5119412,78.67675,
909631469728,3,289.77557,-1.4880334,78.86134,
909641479494,3,289.91565,-1.4893445,78.98305,
909651489259,3,290.0639,-1.5162513,79.04173,
909661529542,3,290.28442,-1.6295481,79.03173,
909681549074,3,290.32962,-1.7092304,78.985596,
909691589357,3,290.3315,-1.7782627,78.93505,
909701599122,3,290.313,-1.8308622,78.877075,
909711639406,3,290.3027,-1.8492953,78.80156,
909721649171,3,290.32422,-1.8236132,78.71242,
909731658937,3,290.3938,-1.749634,78.623405,
909741668702,3,290.523,-1.636296,78.52538,
909751708986,3,290.68967,-1.4884583,78.41908,
909761718751,3,290.87582,-1.3130652,78.3236,
909771728517,3,291.04678,-1.1152653,78.26955,
909781738283,3,291.1855,-0.91109365,78.267204,
909791748048,3,291.2992,-0.74184376,78.28877,
909801818849,3,291.4123,-0.62841606,78.28374,
909811798097,3,291.5357,-0.5821296,78.19632,
909821807863,3,291.6716,-0.5845698,77.994545,
909831848146,3,291.70642,-0.63458914,77.688644,
909841857912,3,291.69562,-0.7339388,77.30559,
909851898195,3,291.60284,-0.87224454,76.8694,
909861907960,3,291.41272,-1.012688,76.43261,
909871917726,3,291.112,-1.1502143,76.03317,
909881958009,3,290.76132,-1.2593069,75.71413,
909891967775,3,290.5123,-1.3318995,75.48954,
909902008058,3,290.31876,-1.3522042,75.36809,
909912017824,3,290.21838,-1.3239831,75.32524,
909922027590,3,290.21478,-1.2667612,75.33107,
909932037355,3,290.28445,-1.20381,75.35231,
909942077638,3,290.40414,-1.1502151,75.3571,
909952087404,3,290.53693,-1.1188177,75.331894,
909962097170,3,290.6436,-1.1230992,75.26568,
909972106935,3,290.69583,-1.1500756,75.17796,
909982116701,3,290.6671,-1.1945131,75.09953,
909992156984,3,290.58685,-1.2481228,75.06511,
910002166750,3,290.48093,-1.3098583,75.07885,
910012207033,3,290.37787,-1.3844895,75.13229,
910022216798,3,290.30377,-1.4544401,75.201065,
910032196047,3,290.26376,-1.5069398,75.286514,
910042205812,3,290.2626,-1.5543551,75.38782,
910052246095,3,290.28812,-1.59158,75.48022,
910062255861,3,290.32095,-1.6233282,75.566185,
910072265627,3,290.344,-1.6399666,75.63536,
910082275392,3,290.33838,-1.6454628,75.71005,
910092346193,3,290.28848,-1.6413236,75.79112,
910102355959,3,290.1919,-1.628237,75.89702,
910112365724,3,290.0589,-1.6172757,76.02684,
910122406007,3,289.90546,-1.6069839,76.18502,
910132415773,3,289.75116,-1.6037564,76.37719,
910142425539,3,289.61633,-1.6049731,76.5938,
910152465822,3,289.5201,-1.5962648,76.80479,
910162445070,3,289.47427,-1.5702131,76.99864,
910172485353,3,289.48,-1.5061301,77.17955,
910182495119,3,289.52365,-1.4287856,77.3425,
910192535402,3,289.57892,-1.3567379,77.464355,
910202545167,3,289.61224,-1.3317072,77.5128,
910212585451,3,289.58112,-1.3683387,77.48033,
910222595216,3,289.45068,-1.4696609,77.3626,
910232604982,3,289.21286,-1.6220331,77.19669,
910242645265,3,288.74933,-1.7898406,77.014145,
910252655031,3,288.23938,-1.9472656,76.84134,
910262695314,3,287.7309,-2.0562932,76.70592,
910272705079,3,287.3912,-2.0882106,76.65363,
910282714845,3,287.1535,-2.0403202,76.67516,
910292724611,3,287.05933,-1.9420917,76.733376,
910302734376,3,287.1151,-1.8185763,76.80134,
910312774660,3,287.28156,-1.6810148,76.855545,
910322784425,3,287.40198,-1.5558714,76.87369,
910332824708,3,287.61517,-1.4479045,76.85469,
910342803956,3,287.7697,-1.3632032,76.77838,
910352813722,3,287.83514,-1.3221726,76.65878,
910362854005,3,287.7997,-1.3163186,76.51911,
910372894288,3,287.6893,-1.3508512,76.368805,
910382904054,3,287.5302,-1.4242636,76.2196,
910392913820,3,287.35968,-1.5307641,76.0712,
910402923585,3,287.20108,-1.6463388,75.94213,
910412933351,3,287.0621,-1.760608,75.82351,
910422943117,3,286.93842,-1.8871258,75.71549,
910432983400,3,286.82043,-2.0237114,75.6121,
910442993165,3,286.7006,-2.1683633,75.501305,
910453002931,3,286.57834,-2.3124807,75.385864,
910463043214,3,286.44214,-2.4410746,75.28417,
910473052980,3,286.2977,-2.5455315,75.19524,
910483062745,3,286.15704,-2.6183133,75.12782,
910493103029,3,286.03018,-2.6711133,75.09156,
910503112794,3,285.92584,-2.6991405,75.0731,
910513336183,3,285.84894,-2.7190137,75.06135,
910523345949,3,285.79596,-2.7305927,75.05995,
910533386232,3,285.7646,-2.7333386,75.0741,
910543395998,3,285.74893,-2.7265584,75.09763,
910553405763,3,285.73727,-2.716275,75.13862,
910563415529,3,285.72156,-2.6981187,75.19257,
910573425294,3,285.70282,-2.681892,75.24591,
910583435060,3,285.6809,-2.6739848,75.29709,
910593475343,3,285.6532,-2.6788993,75.340454,
910603485109,3,285.6486,-2.6792567,75.38011,
910613525392,3,285.6525,-2.6779356,75.43412,
910623352052,3,285.6701,-2.6579475,75.51667,
910633361818,3,285.71033,-2.626385,75.62372,
910643371584,3,285.7779,-2.5759048,75.761604,
910653381349,3,285.87143,-2.5095823,75.92321,
910663421632,3,285.98447,-2.4256115,76.104164,
910673431398,3,286.1137,-2.3470736,76.29044,
910683441164,3,286.25357,-2.265855,76.47802,
910693450929,3,286.39865,-2.1995509,76.649345,
910703491213,3,286.54077,-2.146571,76.79733,
910713500978,3,286.6691,-2.1134684,76.91,
910723510744,3,286.76846,-2.1058302,76.96542,
910733703615,3,286.81424,-2.1403475,76.974754,
910743591310,3,286.79593,-2.218977,76.94747,
910753601076,3,286.71277,-2.3294756,76.91366,
910763610841,3,286.5874,-2.4594364,76.87926,
910773620607,3,286.45615,-2.5781026,76.85384,
910783660890,3,286.37164,-2.668589,76.82031,
910793670656,3,286.36072,-2.7251458,76.77197,
910803680421,3,286.42603,-2.7414582,76.6978,
910813690187,3,286.54626,-2.7042859,76.60906,
910823730470,3,286.68353,-2.630958,76.48004,
910833740236,3,286.79636,-2.5413566,76.35272,
910843750001,3,286.84607,-2.42723,76.26068,
910853790285,3,286.8132,-2.290977,76.253265,
910863800050,3,286.72183,-2.1590633,76.28654,
910873809816,3,286.62637,-2.0434983,76.35148,
910884063722,3,286.5766,-1.9675825,76.370705,
910893859865,3,286.60803,-1.9238701,76.280106,
910903869630,3,286.73264,-1.9246265,76.07951,
910913879396,3,286.92603,-1.9827745,75.77339,
910923919679,3,287.09964,-2.0854018,75.40697,
910933929445,3,287.23285,-2.2000406,75.014694,
910943939210,3,287.23975,-2.3182547,74.64716,
910953948976,3,287.13736,-2.42599,74.347626,
910964019777,3,286.9636,-2.5117834,74.13496,
910974029542,3,286.77863,-2.5651412,74.01313,
910984039308,3,286.63898,-2.5866535,73.966484,
910994049074,3,286.5806,-2.565579,73.977806,
911004058839,3,286.61377,-2.5081005,74.01626,
911014099122,3,286.72897,-2.422058,74.05338,
911024108888,3,286.89697,-2.3087034,74.08847,
911034118654,3,287.07764,-2.1954296,74.11881,
911044128419,3,287.23837,-2.097398,74.1598,
911054138185,3,287.35953,-2.0297332,74.22585,
911064147951,3,287.43503,-1.9793754,74.32349,
911074188234,3,287.47556,-1.9478983,74.47147,
911084197999,3,287.50537,-1.9393759,74.651306,
911094207765,3,287.53738,-1.9465966,74.85012,
911104217531,3,287.57977,-1.9730995,75.04834,
911114257814,3,287.63452,-1.9986558,75.22905,
911124267579,3,287.70242,-2.0081587,75.39032,
911134277345,3,287.78152,-2.0203893,75.53668,
911144287111,3,287.86462,-2.0201838,75.683586,
911154357912,3,287.94217,-2.0114825,75.82816,
911164337160,3,288.00928,-2.005173,75.98224,
911174377443,3,288.0615,-1.9854801,76.15656,
911184387208,3,288.0944,-1.9484624,76.351295,
911194427492,3,288.1208,-1.907017,76.57126,
911204437257,3,288.12177,-1.8752005,76.799034,
911214447023,3,288.09,-1.8655254,77.00385,
911224487306,3,288.01822,-1.8950484,77.14738,
911234497072,3,287.88126,-1.9862626,77.233734,
911244537355,3,287.76227,-2.14048,77.24207,
911254547121,3,287.63498,-2.353929,77.15707,
911264556886,3,287.46274,-2.6108482,76.97475,
911274566652,3,287.88974,-2.9019415,76.681274,
911284606935,3,288.2659,-3.217186,76.285484,
911294616701,3,288.61487,-3.5056255,75.83701,
911304626466,3,288.94098,-3.7374594,75.40364,
911314697267,3,289.24832,-3.889821,75.05842,
911324676515,3,288.92712,-3.95775,74.84459,
911334716798,3,288.64972,-3.9484005,74.75167,
911344726564,3,288.45636,-3.884085,74.73826,
911354736330,3,288.35468,-3.8002725,74.74238,
911364746095,3,288.34106,-3.7169044,74.718864,
911374786378,3,288.38965,-3.6411428,74.61455,
911384796144,3,288.4682,-3.5642526,74.4547,
911394805910,3,288.5443,-3.4767444,74.26006,
911404815675,3,288.596,-3.3846412,74.089905,
911414825441,3,288.60358,-3.279504,73.9689,
911424865724,3,288.57083,-3.1656046,73.91721,
911434875490,3,288.5172,-3.0560315,73.94286,
911444885255,3,288.4698,-2.9572523,74.05042,
911454895021,3,288.45618,-2.8893921,74.197495,
911464935304,3,288.49,-2.8576844,74.34431,
911474945070,3,288.56458,-2.8466766,74.45516,
911484954836,3,288.6778,-2.8548906,74.52168,
911494995119,3,288.7874,-2.8720624,74.56556,
911505187990,3,288.87897,-2.8900597,74.58356,
911515228273,3,288.94614,-2.9141715,74.605965,
911525238039,3,288.99805,-2.9202561,74.62813,
911535064699,3,289.04745,-2.9094536,74.66112,
911545074464,3,289.12753,-2.8811886,74.70876,
911555084230,3,289.22443,-2.8378723,74.75461,
911565124513,3,289.33676,-2.7911518,74.79873,
911575134279,3,289.4539,-2.7352371,74.845,
911585144044,3,289.57062,-2.6761053,74.90017,
911595153810,3,289.6795,-2.6194792,74.97029,
911605163576,3,289.7712,-2.5606015,75.04215,
911615203859,3,289.84033,-2.5079336,75.11954,
911625244142,3,289.88263,-2.4746175,75.21115,
911635253908,3,289.90613,-2.4595332,75.31986,
911645263673,3,289.90063,-2.4665608,75.421234,
911655303956,3,289.8801,-2.4881043,75.50338,
911665344240,3,289.86835,-2.5283406,75.5587,
911675384523,3,289.88586,-2.5813644,75.590775,
911685546876,3,289.93515,-2.6312392,75.6138,
911695556642,3,290.01556,-2.6837156,75.64041,
911705383302,3,290.1345,-2.7148385,75.68996,
911715393068,3,290.31046,-2.7148829,75.77757,
911725402833,3,290.55295,-2.7094173,75.893036,
911735412599,3,290.8573,-2.7023134,76.0174,
911745422365,3,291.20065,-2.7161877,76.14927,
911755462648,3,291.6693,-2.740992,76.27745,
911765472413,3,291.99768,-2.7872274,76.380646,
911775482179,3,292.28366,-2.8487654,76.447136,
911785522462,3,292.5188,-2.923492,76.47337,
911795532228,3,292.7027,-3.0155997,76.468025,
911805541994,3,292.83197,-3.1208045,76.44972,
911815582277,3,292.91608,-3.2475379,76.435326,
911825622560,3,292.96133,-3.3978965,76.439606,
911835632325,3,292.97974,-3.546108,76.45473,
911845642091,3,292.99243,-3.6782699,76.48021,
911855682374,3,293.02875,-3.7766442,76.49219,
911865692140,3,293.10883,-3.8109024,76.48069,
911875701906,3,293.2432,-3.7589285,76.4462,
911885742189,3,293.43802,-3.622901,76.38458,
911895751955,3,293.71756,-3.4225826,76.29469,
911905761720,3,294.0141,-3.1950219,76.20745,
911915802004,3,294.2839,-2.9440503,76.16182,
911925781251,3,294.45923,-2.690446,76.19749,
911935821535,3,294.5604,-2.456871,76.31971,
911945831300,3,294.61798,-2.2614908,76.50119,
911955841066,3,294.67676,-2.1124015,76.66459,
911965881349,3,294.77246,-2.0006387,76.74585,
911975891115,3,294.90195,-1.9370769,76.71528,
911985900880,3,295.03766,-1.923031,76.56053,
911995910646,3,295.13278,-1.9700674,76.31498,
912005981447,3,295.14594,-2.0442793,76.02722,
912015991213,3,295.06314,-2.1258216,75.74876,
912026000978,3,294.90588,-2.1882005,75.52857,
912036041261,3,294.71185,-2.2138438,75.383064,
912046051027,3,294.52774,-2.1911192,75.318794,
912056060793,3,294.40768,-2.1400428,75.3211,
912066070558,3,294.37897,-2.0607057,75.37464,
912076080324,3,294.4451,-1.9780922,75.42709,
912086120607,3,294.58258,-1.8940074,75.46156,
912096130373,3,294.751,-1.8141371,75.48147,
912106140138,3,294.90414,-1.7552755,75.468025,
912116149904,3,295.0073,-1.7069503,75.43212,
912126373293,3,295.04416,-1.6874743,75.4095,
912136230470,3,295.01956,-1.6890469,75.405396,
912146209718,3,294.95825,-1.711675,75.44021,
912156219484,3,294.88895,-1.7402949,75.51988,
912166229250,3,294.8436,-1.7809143,75.636284,
912176269533,3,294.83997,-1.8248633,75.773994,
912186279298,3,294.88055,-1.8707877,75.907585,
912196289064,3,294.9548,-1.9187047,76.02495,
912206298830,3,295.03946,-1.9706385,76.11489,
912216339113,3,295.11548,-2.009811,76.17978,
912226348878,3,295.15945,-2.0392897,76.24266,
912236450197,3,295.16147,-2.0410278,76.31064,
912246398927,3,295.1302,-2.0312498,76.41087,
912256439210,3,295.08282,-2.006375,76.553375,
912266448976,3,295.0286,-1.9749949,76.72007,
912276458742,3,294.98138,-1.9365647,76.91523,
912286499025,3,294.95822,-1.8994671,77.12693,
912296508790,3,294.96155,-1.8768808,77.33185,
912306518556,3,294.9893,-1.8691018,77.506775,
912316528322,3,295.019,-1.8846513,77.64234,
912326568605,3,295.02972,-1.9163712,77.74056,
912336578371,3,295.00894,-1.9658598,77.80539,
912346618654,3,294.94208,-2.0323186,77.82701,
912356628419,3,294.83026,-2.1173272,77.80755,
912366638185,3,294.67487,-2.2041633,77.76025,
912376647951,3,294.4816,-2.2754817,77.70828,
912386688234,3,294.2722,-2.3246765,77.65134,
912396697999,3,294.07123,-2.3376608,77.62018,
912406707765,3,293.87592,-2.3242497,77.61909,
912416748048,3,293.69714,-2.2855232,77.65831,
912426757814,3,293.55582,-2.220751,77.725296,
912436767579,3,293.4723,-2.1462483,77.79478,
912446777345,3,293.45142,-2.0467396,77.85928,
912456787111,3,293.48773,-1.9161353,77.91581,
912466827394,3,293.55707,-1.7590336,77.95861,
912476837160,3,293.63104,-1.5952914,77.98461,
912486846925,3,293.7021,-1.4213142,77.989174,
912496856691,3,293.7594,-1.2690607,77.99785,
912506896974,3,293.80728,-1.1563884,78.00055,
912516906740,3,293.8562,-1.0882305,77.976265,
912526947023,3,293.9173,-1.084339,77.88959,
912536956788,3,293.98148,-1.1413226,77.72485,
912546966554,3,294.01874,-1.2395517,77.50107,
912557006837,3,294.00952,-1.3651052,77.25065,
912567016603,3,293.9498,-1.5221245,76.99832,
912577026368,3,293.85147,-1.6991051,76.76124,
912587036134,3,293.73053,-1.8839514,76.55658,
912597076417,3,293.60904,-2.0506737,76.38121,
912607086183,3,293.50818,-2.1908414,76.23211,
912617126466,3,293.4446,-2.301469,76.10447,
912627136232,3,293.4237,-2.373145,75.988464,
912637176515,3,293.4394,-2.4058502,75.88587,
912647186281,3,293.4773,-2.4225852,75.78891,
912657196047,3,293.52008,-2.412214,75.70908,
912667205812,3,293.55838,-2.3897655,75.64728,
912677246095,3,293.58994,-2.3556101,75.612976,
912687225343,3,293.6178,-2.31849,75.61052,
912697448732,3,293.65527,-2.2839606,75.63773,
912707458498,3,293.7058,-2.2637584,75.68858,
912717498781,3,293.7708,-2.261791,75.73945,
912727508547,3,293.84976,-2.2910347,75.761444,
912737518312,3,293.925,-2.3397818,75.759186,
912747528078,3,293.98932,-2.3975894,75.75174,
912757385255,3,294.04364,-2.4672854,75.746155,
912767547609,3,294.0922,-2.538857,75.741776,
912777587892,3,294.14255,-2.611983,75.74257,
912787597658,3,294.1893,-2.688514,75.75236,
912797637941,3,294.2464,-2.7526321,75.7841,
912807464601,3,294.321,-2.798143,75.831535,
912817474367,3,294.4092,-2.8088193,75.89338,
912827484132,3,294.50922,-2.8024704,75.96222,
912837493898,3,294.6161,-2.807632,76.02977,
912847534181,3,294.71426,-2.8415875,76.07398,
912857543947,3,294.80252,-2.9090753,76.0694,
912867584230,3,294.86072,-2.9889877,76.02791,
912877624513,3,294.86716,-3.0718102,75.958694,
912887634279,3,294.81696,-3.153675,75.88488,
912897644044,3,294.72043,-3.227163,75.8275,
912907684328,3,294.60455,-3.2793403,75.81496,
912917694093,3,294.49792,-3.3115616,75.80463,
912927703859,3,294.43817,-3.312685,75.75652,
912937713625,3,294.46378,-3.2665334,75.63518,
912947723390,3,294.5995,-3.1485,75.44444,
912957763673,3,294.81137,-2.9975631,75.21193,
912967773439,3,295.08487,-2.831547,74.93858,
912977783205,3,295.3804,-2.6761482,74.643074,
912987823488,3,295.6446,-2.552784,74.35337,
912997833253,3,295.83267,-2.4724157,74.095894,
913007843019,3,295.91458,-2.433978,73.909836,
913017883302,3,295.89087,-2.4457817,73.78813,
913027893068,3,295.80713,-2.5038888,73.65569,
913037902833,3,295.73126,-2.5742679,73.467514,
913047912599,3,295.71182,-2.6426063,73.20957,
913057922365,3,295.71512,-2.7171574,72.89002,
913067962648,3,295.74734,-2.807767,72.519135,
913077972413,3,295.7377,-2.9050925,72.15427,
913088012697,3,295.74176,-2.9916687,71.81357,
913098022462,3,295.67667,-3.0503302,71.55973,
913108062745,3,295.55676,-3.075223,71.418236,
913118072511,3,295.40747,-3.0658092,71.38329,
913128082277,3,295.26663,-3.016535,71.427826,
913138092042,3,295.16983,-2.9333422,71.54299,
913148101808,3,295.13156,-2.8332078,71.69087,
913158111574,3,295.1466,-2.7250404,71.84885,
913168151857,3,295.19473,-2.6190825,72.00332,
913178161622,3,295.25452,-2.5315504,72.14538,
913188171388,3,295.30713,-2.4789522,72.274956,
913198211671,3,295.33856,-2.4586463,72.41804,
913208190919,3,295.34784,-2.4732127,72.58077,
913218231202,3,295.33905,-2.507727,72.76114,
913228240968,3,295.32355,-2.5439506,72.96949,
913238281251,3,295.30313,-2.5788734,73.20559,
913248291017,3,295.27808,-2.6077588,73.48175,
913258331300,3,295.24765,-2.6320066,73.78308,
913268341066,3,295.20413,-2.64353,74.08653,
913278350831,3,295.1426,-2.6337187,74.39706,
913288360597,3,295.06866,-2.5846384,74.72038,
913298400880,3,294.99634,-2.4800425,75.06244,
913308410646,3,294.94644,-2.3266592,75.41519,
913318420412,3,294.9365,-2.1393788,75.75832,
913328430177,3,294.96732,-1.9431942,76.08981,
913338470460,3,295.02286,-1.7689066,76.421326,
913348480226,3,295.07996,-1.6157836,76.76599,
913358489992,3,295.12103,-1.4892908,77.11944,
913368530275,3,295.13202,-1.3838544,77.46919,
913378540041,3,295.0618,-1.2938169,77.80054,
913388580324,3,294.95996,-1.2086909,78.104515,
913398590090,3,294.83557,-1.1270573,78.4047,
913408599855,3,294.70923,-1.0571387,78.680786,
913418640138,3,294.60266,-1.0201896,78.912834,
913428649904,3,294.51544,-1.0289736,79.08153,
913438629152,3,294.4184,-1.0765545,79.210945,
913448669435,3,294.29095,-1.150659,79.33365,
913458679201,3,294.1292,-1.2393351,79.46627,
913468688966,3,293.9369,-1.3398614,79.608025,
913478729250,3,293.72403,-1.4198384,79.753426,
913488739015,3,293.53076,-1.4756854,79.87623,
913498779298,3,293.3989,-1.5138905,79.966835,
913508819582,3,293.35242,-1.5234219,80.01907,
913519012453,3,293.38458,-1.498937,80.01824,
913528839113,3,293.5201,-1.4564234,79.962654,
913538848878,3,293.67084,-1.4053339,79.86629,
913548889162,3,293.8145,-1.3547529,79.73529,
913558898927,3,293.93564,-1.3073467,79.610985,
913568908693,3,294.024,-1.2706113,79.52157,
913578948976,3,294.08572,-1.2471284,79.49096,
913588958742,3,294.13693,-1.2335865,79.49362,
913598968507,3,294.1917,-1.2205168,79.501495,
913609008790,3,294.2566,-1.1914688,79.50319,
913619018556,3,294.33374,-1.1499888,79.51068,
913629241945,3,294.42462,-1.1221306,79.522606,
913639221193,3,294.52072,-1.1200985,79.5304,
913649261476,3,294.61224,-1.1486486,79.52737,
913659088136,3,294.6767,-1.2008839,79.506966,
913669097902,3,294.72287,-1.2624413,79.469284,
913679107667,3,294.74765,-1.3346676,79.41639,
913689147951,3,294.7594,-1.3989489,79.36535,
913699127199,3,294.75354,-1.4527439,79.31489,
913709167482,3,294.74323,-1.5015848,79.28316,
913719207765,3,294.73062,-1.5408747,79.28103,
913729217531,3,294.73517,-1.5763848,79.298676,
913739410402,3,294.7567,-1.6199051,79.34751,
913749450685,3,294.79828,-1.6598042,79.42234,
913759246828,3,294.8643,-1.7121314,79.495514,
913769287111,3,294.9638,-1.7730932,79.565865,
913779266359,3,295.0777,-1.8440529,79.620255,
913789306642,3,295.19833,-1.9257896,79.65369,
913799316408,3,295.31216,-1.9947685,79.65807,
913809356691,3,295.41833,-2.052745,79.63324,
913819396974,3,295.5109,-2.090321,79.59816,
913829620363,3,295.58655,-2.1177704,79.57625,
913839599611,3,295.6541,-2.1355846,79.5737,
913849456788,3,295.733,-2.1392856,79.60206,
913859436037,3,295.84485,-2.1210885,79.663315,
913869476320,3,296.00858,-2.0604763,79.75021,
913879486085,3,296.23718,-1.9663532,79.85842,
913889495851,3,296.52838,-1.8813717,79.97573,
913899536134,3,296.85843,-1.8460748,80.070526,
913909545900,3,297.18106,-1.8714055,80.102005,
913919586183,3,297.44324,-1.9764066,80.067375,
913929565431,3,297.60004,-2.130896,79.98384,
913939605714,3,297.63412,-2.3140259,79.8771,
913949645998,3,297.55716,-2.512664,79.76073,
913959655763,3,297.41806,-2.7221596,79.64789,
913969665529,3,297.2635,-2.908082,79.54327,
913979675294,3,297.1437,-3.0457826,79.47544,
913989715578,3,297.1028,-3.1120028,79.44391,
913999725343,3,297.16895,-3.098626,79.4486,
914009735109,3,297.34064,-3.0273073,79.480354,
914019744874,3,297.60117,-2.9071438,79.50265,
914029785158,3,297.89856,-2.7638304,79.47468,
914039794923,3,298.18115,-2.6148365,79.41129,
914049804689,3,298.39273,-2.4655824,79.33547,
914059814455,3,298.46674,-2.306858,79.30844,
914069854738,3,298.41412,-2.144179,79.366905,
914079864504,3,298.29346,-1.9960691,79.45859,
914089874269,3,298.16876,-1.8842249,79.53024,
914099914552,3,298.08868,-1.8080205,79.532196,
914109954836,3,298.0614,-1.7802296,79.43857,
914119964601,3,298.05945,-1.8075112,79.241325,
914129974367,3,298.0328,-1.869608,78.981705,
914140014650,3,297.942,-1.9304578,78.68541,
914150024416,3,297.76227,-1.9665935,78.409096,
914160034181,3,297.52982,-1.9581999,78.19188,
914170043947,3,297.29364,-1.907664,78.054726,
914180053713,3,297.11673,-1.8205159,77.98149,
914190093996,3,297.0353,-1.7133762,77.95472,
914200103761,3,297.0565,-1.604337,77.93225,
914210113527,3,297.15378,-1.5043092,77.90423,
914220123293,3,297.28265,-1.4281521,77.86043,
914230163576,3,297.39502,-1.3653128,77.80485,
914240173341,3,297.45444,-1.3486258,77.72668,
914250213625,3,297.43646,-1.3691015,77.65051,
914260192873,3,297.3448,-1.4332185,77.590225,
914270233156,3,297.1972,-1.5359104,77.56406,
914280242921,3,297.02106,-1.6709447,77.5713,
914290283205,3,296.8495,-1.8097253,77.61118,
914300292970,3,296.7081,-1.9440511,77.684425,
914310272218,3,296.61206,-2.0656767,77.780914,
914320312502,3,296.5652,-2.1696818,77.890335,
914330322267,3,296.55133,-2.2498553,78.00182,
914340362550,3,296.56436,-2.3180676,78.0832,
914350372316,3,296.58777,-2.3712847,78.14593,
914360382082,3,296.604,-2.404506,78.19117,
914370391847,3,296.59946,-2.4374387,78.23319,
914380432130,3,296.5665,-2.4660509,78.28253,
914390441896,3,296.49655,-2.518223,78.34862,
914400451662,3,296.40186,-2.5902793,78.43079,
914410491945,3,296.2857,-2.6758523,78.53331,
914420501710,3,296.15845,-2.752634,78.63299,
914430511476,3,296.03323,-2.8254158,78.717865,
914440551759,3,295.9262,-2.8859465,78.77317,
914450592042,3,295.84827,-2.9366086,78.79227,
914460601808,3,295.78986,-2.9918058,78.783554,
914470611574,3,295.73322,-3.0449574,78.75772,
914480621339,3,295.6621,-3.0983522,78.71657,
914490661622,3,295.55893,-3.162155,78.66161,
914500671388,3,295.4098,-3.2144363,78.60319,
914510742189,3,295.21088,-3.2491894,78.56744,
914520721437,3,294.9818,-3.2791243,78.5508,
914530731202,3,294.75226,-3.2859986,78.561516,
914540740968,3,294.55267,-3.2606559,78.58754,
914550781251,3,294.41034,-3.1960502,78.626686,
914560791017,3,294.36426,-3.1069305,78.64557,
914570800783,3,294.42456,-3.0074773,78.617004,
914580810548,3,294.56982,-2.9123092,78.52853,
914590850831,3,294.75656,-2.841951,78.3732,
914600860597,3,294.9324,-2.7915592,78.14945,
914610870363,3,295.04846,-2.7441156,77.9121,
914620880128,3,295.07947,-2.685768,77.69111,
914630920412,3,295.0202,-2.6390288,77.5163,
914640930177,3,294.8895,-2.5939982,77.382256,
914650970460,3,294.73007,-2.5634365,77.27213,
914660980226,3,294.5792,-2.5592299,77.17377,
914670989992,3,294.45517,-2.5526488,77.071724,
914680999757,3,294.36798,-2.5500567,76.94983,
914691040041,3,294.32855,-2.5532732,76.807465,
914701049806,3,294.34027,-2.5803359,76.63657,
914711059572,3,294.37973,-2.6419222,76.45399,
914721069337,3,294.4098,-2.7130115,76.28187,
914731079103,3,294.41638,-2.797479,76.120384,
914741119386,3,294.3881,-2.877362,75.99236,
914751159670,3,294.32507,-2.9421113,75.900185,
914761169435,3,294.23386,-2.979189,75.85307,
914771179201,3,294.12894,-2.9855058,75.865875,
914781188966,3,294.0222,-2.9682713,75.923615,
914791198732,3,293.92813,-2.9314945,76.03486,
914801208498,3,293.85645,-2.8942523,76.175064,
914811248781,3,293.81372,-2.8560503,76.337456,
914821258547,3,293.79782,-2.8183331,76.50584,
914831268312,3,293.80844,-2.780872,76.67881,
914841308595,3,293.84338,-2.74848,76.83769,
914851318361,3,293.8964,-2.7322598,76.959076,
914861358644,3,293.94922,-2.7562811,77.04138,
914871368410,3,293.98364,-2.8413112,77.07078,
914881378175,3,293.98126,-2.985539,77.03793,
914891387941,3,293.93585,-3.1764884,76.969734,
914901428224,3,293.86478,-3.3760865,76.88321,
914911468507,3,293.7749,-3.5688636,76.81359,
914921447755,3,293.66254,-3.7511382,76.781654,
914931457521,3,293.53473,-3.8908663,76.83017,
914941528322,3,293.4143,-3.9813344,76.974434,
914951507570,3,293.32513,-4.0021415,77.22582,
914961547853,3,293.26492,-3.965192,77.54832,
914971557619,3,293.25815,-3.911573,77.89586,
914981567384,3,293.30774,-3.8653975,78.23239,
914991638185,3,293.3991,-3.8530817,78.50636,
915001586916,3,293.49835,-3.8957653,78.69274,
915011596681,3,293.57193,-3.9736986,78.77778,
915021667482,3,293.58557,-4.087712,78.783264,
915031677248,3,293.50366,-4.2369103,78.73814,
915041687013,3,293.31683,-4.377981,78.69832,
915051727296,3,293.05673,-4.508199,78.69136,
915061767579,3,292.7848,-4.592682,78.70676,
915071746828,3,292.57452,-4.6215606,78.71476,
915081756593,3,292.48502,-4.5911436,78.71842,
915091766359,3,292.54694,-4.4923377,78.705,
915101806642,3,292.7155,-4.3217945,78.666794,
915111816408,3,292.97028,-4.0967274,78.628044,
915121826173,3,293.27106,-3.8384733,78.56472,
915131866456,3,293.54675,-3.565409,78.50113,
915141845705,3,293.78833,-3.2963624,78.46493,
915151885988,3,293.92603,-3.0464516,78.487816,
915161895753,3,293.98358,-2.8495677,78.54434,
915171936037,3,294.02356,-2.730339,78.58578,
915181945802,3,294.09552,-2.66903,78.54143,
915191955568,3,294.20267,-2.6725652,78.39612,
915201995851,3,294.31433,-2.7302125,78.16362,
915212005617,3,294.38104,-2.833964,77.86823,
915222015382,3,294.366,-2.9643028,77.54308,
915232055665,3,294.26337,-3.0737574,77.23734,
915242065431,3,294.09396,-3.159806,76.97788,
915252105714,3,293.8947,-3.1914885,76.79039,
915262115480,3,293.69266,-3.1515496,76.70008,
915272125245,3,293.52313,-3.0284014,76.70914,
915282135011,3,293.41876,-2.8512704,76.79908,
915292144777,3,293.40372,-2.6486704,76.93643,
915302185060,3,293.475,-2.4436994,77.06205,
915312194825,3,293.60345,-2.2670553,77.14428,
915322235109,3,293.75073,-2.116846,77.17681,
915332244874,3,293.8752,-2.008581,77.17046,
915342254640,3,293.94778,-1.9404327,77.14448,
915352478029,3,293.9593,-1.9068676,77.12827,
915362335207,3,293.91095,-1.9032849,77.131775,
915372314455,3,293.8186,-1.9297826,77.181595,
915382324220,3,293.7024,-1.9707997,77.27795,
915392333986,3,293.5842,-2.0120864,77.41894,
915402374269,3,293.48337,-2.04443,77.58676,
915412414552,3,293.41766,-2.0411365,77.785194,
915422393800,3,293.39496,-2.0093622,77.98709,
915432403566,3,293.4057,-1.9491018,78.17526,
915442443849,3,293.42435,-1.8969433,78.33645,
915452453615,3,293.4429,-1.8672106,78.46508,
915462463380,3,293.43958,-1.8853306,78.56568,
915472473146,3,293.40637,-1.9267932,78.65614,
915482513429,3,293.34055,-1.9742948,78.76071,
915492523195,3,293.25882,-2.0330858,78.87027,
915502532960,3,293.17923,-2.0938506,78.97708,
915512573244,3,293.1102,-2.1508286,79.08192,
915522583009,3,293.0534,-2.199456,79.17179,
915532592775,3,293.00146,-2.2567992,79.23714,
915542663576,3,292.9376,-2.3351586,79.26045,
915552642824,3,292.8442,-2.4425159,79.226814,
915562683107,3,292.71103,-2.557681,79.16384,
915572692873,3,292.5166,-2.6681004,79.09751,
915582702638,3,292.2674,-2.746826,79.07265,
915592773439,3,291.98672,-2.7950454,79.083374,
915602752687,3,291.71295,-2.8295567,79.12496,
915612762453,3,291.4806,-2.8622353,79.15942,
915622772218,3,291.31693,-2.9048615,79.16192,
915632812501,3,291.23105,-2.9599547,79.098114,
915642822267,3,291.22107,-3.0260777,78.964035,
915652832033,3,291.26785,-3.0895138,78.76198,
915662841798,3,291.3425,-3.1155138,78.530594,
915672882082,3,291.41998,-3.0864336,78.29216,
915682891847,3,291.495,-3.003385,78.08917,
915692932130,3,291.5632,-2.873971,77.93901,
915702941896,3,291.63318,-2.7125778,77.85289,
915712951662,3,291.70346,-2.539225,77.816956,
915722961427,3,291.76965,-2.3757696,77.79902,
915733001710,3,291.82526,-2.253747,77.76068,
915743011476,3,291.86496,-2.1988935,77.674324,
915753051759,3,291.87653,-2.2211955,77.508995,
915763061525,3,291.86063,-2.326735,77.26643,
915773071290,3,291.8376,-2.4979267,76.95105,
915783081056,3,291.78412,-2.7037973,76.60336,
915793090822,3,291.72357,-2.9105117,76.235855,
915803131105,3,291.64093,-3.092502,75.86833,
915813140871,3,291.55118,-3.242961,75.517624,
915823150636,3,291.47302,-3.33609,75.201706,
915833190919,3,291.41678,-3.3808844,74.94086,
915843200685,3,291.4046,-3.3736293,74.74128,
915853210451,3,291.43088,-3.3295262,74.60169,
915863250734,3,291.47968,-3.2532866,74.51039,
915873260499,3,291.5322,-3.1704948,74.45802,
915883270265,3,291.5782,-3.098649,74.425186,
915893493654,3,291.60583,-3.0528126,74.407906,
915903503419,3,291.60632,-3.0387187,74.39274,
915913330079,3,291.57474,-3.0642533,74.376945,
915923339845,3,291.51263,-3.1113212,74.36071,
915933380128,3,291.42783,-3.173496,74.350266,
915943389894,3,291.33478,-3.249082,74.349236,
915953399660,3,291.2455,-3.330255,74.367096,
915963439943,3,291.17224,-3.4052331,74.40241,
915973449708,3,291.13153,-3.4788046,74.44312,
915983703615,3,291.116,-3.5311928,74.48637,
915993682863,3,291.12515,-3.5681212,74.53365,
916003692628,3,291.16263,-3.570467,74.59382,
916013519288,3,291.22458,-3.555712,74.658226,
916023529054,3,291.30405,-3.5241864,74.715126,
916033569337,3,291.39606,-3.488686,74.763145,
916043579103,3,291.49377,-3.4572148,74.79191,
916053588868,3,291.5901,-3.4171457,74.81299,
916063598634,3,291.6836,-3.375231,74.84336,
916073638917,3,291.7626,-3.335198,74.89464,
916083648683,3,291.83536,-3.304797,74.94559,
916093658449,3,291.92157,-3.2833555,74.98715,
916103668214,3,292.02765,-3.2603123,75.02475,
916113708498,3,292.15295,-3.2270648,75.04859,
916123718263,3,292.2895,-3.2007318,75.06636,
916133728029,3,292.42352,-3.207651,75.062035,
916143768312,3,292.54218,-3.2458146,75.031166,
916153778078,3,292.64685,-3.3257978,74.94538,
916163787843,3,292.7425,-3.418912,74.81107,
916173828127,3,292.8286,-3.4974253,74.6329,
916183837892,3,292.9095,-3.5491846,74.424904,
916193847658,3,292.99585,-3.5624845,74.21393,
916203887941,3,293.16736,-3.455789,73.90726,
916223907472,3,293.21332,-3.3435643,73.92515,
916233917238,3,293.21472,-3.2104332,74.108955,
916243957521,3,293.20062,-3.08751,74.398964,
916253967287,3,293.17813,-2.986621,74.70973,
916263977052,3,293.21762,-2.9089851,74.947426,
916274017336,3,293.32953,-2.8613918,75.07584,
916284027101,3,293.4806,-2.8435824,75.08134,
916294036867,3,293.60516,-2.869275,74.9682,
916304077150,3,293.64627,-2.929468,74.77938,
916314117433,3,293.56708,-2.9875526,74.55872,
916324127199,3,293.37607,-3.0061302,74.35562,
916334136964,3,293.1668,-2.9714203,74.21065,
916344177248,3,292.90674,-2.8658805,74.15782,
916354187013,3,292.7176,-2.684549,74.1953,
916364196779,3,292.64984,-2.4484355,74.293106,
916374206544,3,292.71753,-2.1733387,74.4135,
916384216310,3,292.88547,-1.8927543,74.52876,
916394226076,3,293.1021,-1.6426805,74.59953,
916404235841,3,293.30853,-1.4475597,74.628746,
916414276125,3,293.4569,-1.3261623,74.60653,
916424499513,3,293.5171,-1.263539,74.56422,
916434356691,3,293.48233,-1.2649105,74.51781,
916444335939,3,293.36813,-1.3098153,74.504364,
916454345705,3,293.21014,-1.3845578,74.52861,
916464355470,3,293.05334,-1.4682655,74.613716,
916474365236,3,292.92813,-1.5540231,74.75328,
916484436037,3,292.85873,-1.6225085,74.94978,
916494415285,3,292.85208,-1.6809084,75.18292,
916504425050,3,292.89972,-1.7371848,75.43456,
916514434816,3,292.9832,-1.79828,75.69221,
916524475099,3,293.08813,-1.8610591,75.944695,
916534484865,3,293.1941,-1.9375371,76.19747,
916544494630,3,293.2818,-2.0168478,76.42972,
916554534913,3,293.34296,-2.0869274,76.63774,
916564544679,3,293.37506,-2.152504,76.83163,
916574554445,3,293.37372,-2.204453,77.02702,
916584594728,3,293.33853,-2.2396822,77.236496,
916594604494,3,293.2929,-2.265492,77.45388,
916604614259,3,293.26642,-2.2931788,77.663704,
916614654542,3,293.2765,-2.3327553,77.85826,
916624664308,3,293.32346,-2.4002025,78.01642,
916634674074,3,293.3828,-2.473233,78.12027,
916644683839,3,293.42676,-2.54454,78.17551,
916654937745,3,293.4327,-2.5957987,78.17503,
916664794923,3,293.38324,-2.6245685,78.16668,
916674774171,3,293.2705,-2.6211276,78.187325,
916684783937,3,293.116,-2.5783122,78.26128,
916694824220,3,292.96075,-2.5042064,78.37423,
916704833986,3,292.8553,-2.409705,78.52648,
916714874269,3,292.81635,-2.2957828,78.68821,
916724884035,3,292.84573,-2.1904657,78.8505,
916734863283,3,292.92676,-2.1119561,78.97458,
916744934084,3,293.03894,-2.0677924,79.01332,
916754913331,3,293.13843,-2.0444858,78.97057,
916764953615,3,293.1667,-2.0302684,78.86489,
916774993898,3,293.13156,-2.0194054,78.72428,
916784973146,3,293.04532,-2.014248,78.57245,
916795013429,3,292.93027,-2.010211,78.44324,
916805023195,3,292.82312,-2.0236006,78.32369,
916815032960,3,292.74207,-2.0754166,78.18977,
916825042726,3,292.69577,-2.146949,78.03471,
916835083009,3,292.6451,-2.2252054,77.87174,
916845092775,3,292.5658,-2.3061635,77.69214,
916855133058,3,292.4502,-2.386609,77.51909,
916865142824,3,292.28644,-2.4552276,77.361115,
916875152590,3,292.08865,-2.5103536,77.22977,
916885162355,3,291.88318,-2.5563657,77.13035,
916895202638,3,291.68658,-2.5813806,77.06985,
916905212404,3,291.51285,-2.5849288,77.05394,
916915222170,3,291.37115,-2.5638103,77.08205,
916925231935,3,291.25995,-2.5308964,77.15692,
916935272218,3,291.1662,-2.4905095,77.24902,
916945281984,3,291.09436,-2.455775,77.351234,
916955291750,3,291.03595,-2.4292574,77.454475,
916965332033,3,290.9688,-2.4186575,77.53354,
916975341798,3,290.90228,-2.4218757,77.60235,
916985382082,3,290.83228,-2.4335182,77.64737,
916995391847,3,290.75815,-2.4497476,77.687546,
917005401613,3,290.68542,-2.4781086,77.73547,
917015411378,3,290.62103,-2.5239973,77.78573,
917025451662,3,290.54147,-2.5850105,77.83424,
917035491945,3,290.4726,-2.6479313,77.86971,
917045471193,3,290.41074,-2.7256389,77.89934,
917055511476,3,290.35257,-2.8042996,77.92378,
917065521242,3,290.29312,-2.8851275,77.964554,
917075531007,3,290.2363,-2.9533305,78.03077,
917085540773,3,290.19318,-3.0068011,78.126915,
917095550539,3,290.18936,-3.0333579,78.24791,
917105590822,3,290.23605,-3.0284948,78.36944,
917115600587,3,290.33377,-3.0027337,78.46226,
917125610353,3,290.46994,-2.9894104,78.524666,
917135650636,3,290.62085,-3.006422,78.528305,
917145660402,3,290.75522,-3.0702882,78.492615,
917155670167,3,290.83713,-3.1691742,78.421326,
917165710451,3,290.84988,-3.305378,78.3284,
917175720216,3,290.79916,-3.4658134,78.226746,
917185729982,3,290.70663,-3.628932,78.13086,
917195739748,3,290.60794,-3.7594173,78.04189,
917205780031,3,290.48608,-3.8454256,77.9418,
917215820314,3,290.44757,-3.8611448,77.82002,
917225830079,3,290.51843,-3.7868237,77.68831,
917235839845,3,290.49902,-3.62599,77.57625,
917245849611,3,290.56747,-3.3966942,77.5003,
917255859376,3,290.6828,-3.1338067,77.44071,
917265869142,3,290.71432,-2.8737576,77.41182,
917275909425,3,290.6888,-2.618986,77.41455,
917285919191,3,290.79532,-2.398674,77.47019,
917295928956,3,290.82175,-2.2160149,77.55936,
917305938722,3,290.81012,-2.089135,77.62116,
917316009523,3,290.79602,-2.0168402,77.61167,
917325988771,3,290.76086,-1.991782,77.50297,
917335998537,3,290.7226,-2.0119066,77.29929,
917346008302,3,290.65436,-2.0698595,77.0338,
917356079103,3,290.5133,-2.139789,76.74773,
917366088868,3,290.32227,-2.1881685,76.50162,
917376129152,3,290.09793,-2.1944988,76.305336,
917386138917,3,289.87506,-2.170849,76.18001,
917396148683,3,289.6923,-2.122531,76.1134,
917406158449,3,289.58273,-2.0567045,76.07299,
917416168214,3,289.55737,-1.9776766,76.029526,
917426208498,3,289.6046,-1.9199957,75.95827,
917436187745,3,289.6947,-1.8811718,75.86991,
917446197511,3,289.7698,-1.8704034,75.75757,
917456237794,3,289.8231,-1.8999945,75.62774,
917466247560,3,289.83536,-1.9603616,75.49706,
917476257325,3,289.7981,-2.0469556,75.36416,
917486297609,3,289.70685,-2.153427,75.26195,
917496337892,3,289.5737,-2.2717876,75.19811,
917506347658,3,289.4123,-2.3970096,75.165565,
917516357423,3,289.23676,-2.5226579,75.17248,
917526367189,3,289.05298,-2.6368215,75.21429,
917536376955,3,288.84177,-2.7392883,75.2931,
917546417238,3,288.64508,-2.831466,75.37932,
917556427004,3,288.46558,-2.922241,75.462,
917566436769,3,288.28192,-3.005317,75.536606,
917576446535,3,288.11063,-3.0878646,75.59612,
917586456300,3,287.9389,-3.1702971,75.64356,
917596527101,3,287.72272,-3.2411652,75.67521,
917606536867,3,287.47525,-3.3067384,75.68995,
917616577150,3,287.18967,-3.3564725,75.71995,
917626586916,3,286.869,-3.396887,75.766846,
917636596681,3,286.52576,-3.420108,75.84026,
917646606447,3,286.17606,-3.4429147,75.92831,
917656616213,3,285.8216,-3.4537604,75.99811,
917666687013,3,285.50613,-3.4612153,76.03117,
917676696779,3,285.22772,-3.4777348,76.013664,
917686706544,3,284.9676,-3.5010183,75.956924,
917696716310,3,284.70612,-3.5228772,75.88837,
917706756593,3,284.42514,-3.5324304,75.81374,
917716766359,3,284.10645,-3.532687,75.76106,
917726776125,3,283.7436,-3.5238776,75.7626,
917736785890,3,283.33255,-3.5187635,75.82816,
917746795656,3,282.89127,-3.511317,75.948265,
917756805421,3,282.44168,-3.528185,76.118195,
917766815187,3,282.0155,-3.5739658,76.29785,
917776855470,3,281.62518,-3.6596022,76.459236,
917786865236,3,281.29523,-3.7665677,76.5476,
917796936037,3,281.02676,-3.870438,76.53668,
917806915285,3,280.81967,-3.958035,76.42664,
917816925050,3,280.65686,-4.0227613,76.22377,
917826934816,3,280.51385,-4.069846,75.95956,
917836975099,3,280.35928,-4.088165,75.70218,
917846984865,3,280.16278,-4.083828,75.483154,
917857025148,3,279.91605,-4.0659604,75.28795,
917867034913,3,279.63516,-4.0444746,75.095894,
917877044679,3,279.32828,-4.0126834,74.91664,
917887054445,3,278.992,-3.9684365,74.74651,
917897094728,3,278.65967,-3.9126756,74.599556,
917907104494,3,278.3334,-3.8354087,74.46767,
917917144777,3,278.02362,-3.7414484,74.35008,
917927154542,3,277.73602,-3.644232,74.25324,
917937164308,3,277.48056,-3.539375,74.164604,
917947174074,3,277.26227,-3.42656,74.102974,
917957183839,3,277.06458,-3.3099413,74.07896,
917967193605,3,276.87302,-3.1934912,74.10922,
917977233888,3,276.6805,-3.0984972,74.180595,
917987243654,3,276.47455,-3.0346572,74.28532,
917997283937,3,276.24835,-3.000236,74.42299,
918007263185,3,276.00104,-2.9971442,74.57075,
918017303468,3,275.71408,-3.0204704,74.722916,
918027313234,3,275.41003,-3.0672708,74.86982,
918037322999,3,275.09427,-3.1364636,75.024864,
918047363283,3,274.77524,-3.2211769,75.187874,
918057373048,3,274.46613,-3.3109665,75.35457,
918067382814,3,274.1783,-3.3992279,75.53319,
918077392579,3,273.92548,-3.471563,75.70546,
918087432863,3,273.71936,-3.5193865,75.87187,
918097442628,3,273.57196,-3.5395668,76.017815,
918107452394,3,273.48828,-3.5321639,76.138466,
918117492677,3,273.4688,-3.5068374,76.24298,
918127502443,3,273.4817,-3.4602146,76.33819,
918137542726,3,273.5275,-3.3860445,76.4377,
918147552492,3,273.58646,-3.2913792,76.55107,
918157562257,3,273.64374,-3.1887534,76.67026,
918167572023,3,273.6961,-3.0834522,76.793175,
918177612306,3,273.7427,-2.9983094,76.919205,
918187622072,3,273.7874,-2.91763,77.05375,
918197631837,3,273.8359,-2.8341513,77.20398,
918207641603,3,273.88824,-2.754775,77.36627,
918217681886,3,273.9432,-2.6723697,77.53015,
918227691652,3,273.9968,-2.6029828,77.692825,
918237731935,3,274.04028,-2.5548992,77.86262,
918247711183,3,274.06427,-2.5297897,78.03888,
918257751466,3,274.0606,-2.5289855,78.239174,
918267791750,3,274.03748,-2.5228255,78.48144,
918277770998,3,273.65213,-2.4935904,78.778625,
918287811281,3,273.6278,-2.4616385,79.0619,
918297821047,3,273.60483,-2.443716,79.27831,
918307830812,3,273.5879,-2.4434075,79.39343,
918317871095,3,273.5802,-2.4634402,79.38953,
918327880861,3,273.5545,-2.479665,79.2765,
918337921144,3,273.50638,-2.4612558,79.10937,
918347930910,3,273.40878,-2.392284,78.93376,
918357940675,3,273.25735,-2.2903247,78.78167,
918367950441,3,273.06793,-2.1693099,78.644005,
918377990724,3,272.86682,-2.0434096,78.51515,
918388000490,3,272.6854,-1.9263091,78.38435,
918398040773,3,272.55325,-1.8098055,78.24754,
918408050539,3,272.49323,-1.6990184,78.08202,
918418060304,3,272.478,-1.5839539,77.87213,
918428070070,3,272.48056,-1.4610858,77.617615,
918438110353,3,272.45105,-1.3299618,77.34546,
918448120119,3,272.40674,-1.2094755,77.066635,
918458160402,3,272.34888,-1.1010604,76.80561,
918468170167,3,272.2892,-1.0158978,76.57103,
918478179933,3,272.21594,-0.9643938,76.3651,
918488159181,3,272.11273,-0.9449299,76.16758,
918498229982,3,271.92505,-0.94443643,75.97287,
918508239748,3,271.68137,-0.9600436,75.78196,
918518249513,3,271.38824,-1.0223825,75.59421,
918528259279,3,271.0634,-1.1210227,75.4144,
918538269044,3,270.72308,-1.2520813,75.255135,
