900864929201,3,71.64868,-2.8130584,79.57927,
900875152590,3,71.97106,-3.1036806,79.59299,
900885162355,3,72.26048,-3.346368,79.58576,
900895202638,3,72.5594,-3.5792067,79.56962,
900905181886,3,72.79708,-3.7392273,79.56191,
900925262453,3,73.102356,-3.958527,79.59605,
900955291750,3,73.436905,-4.2092657,79.63051,
900965301515,3,73.84468,-4.5388846,79.66157,
900975311281,3,74.27058,-4.896517,79.68926,
900985351564,3,74.66033,-5.232249,79.70065,
900995361330,3,75.014496,-5.545128,79.697334,
901005371095,3,75.30922,-5.818475,79.69189,
901015228273,3,75.64783,-6.1472197,79.68565,
901025268556,3,75.97784,-6.4780645,79.699394,
901035247804,3,76.31138,-6.817056,79.72827,
901045288087,3,76.6148,-7.124883,79.75823,
901055297853,3,76.94355,-7.4477477,79.782234,
901065307619,3,77.18151,-7.679016,79.80098,
901075347902,3,77.4362,-7.927478,79.813614,
901085357667,3,77.657684,-8.152048,79.81949,
901095397951,3,77.86609,-8.376149,79.82372,
901105407716,3,78.04852,-8.5863905,79.81186,
901115417482,3,78.17866,-8.761031,79.78537,
901125427248,3,78.35907,-8.988432,79.744255,
901135467531,3,78.53369,-9.213984,79.7096,
901145477296,3,78.69019,-9.421082,79.680916,
901155487062,3,78.85078,-9.635466,79.65039,
901165496828,3,79.035934,-9.872996,79.62487,
901175506593,3,79.218346,-10.09915,79.610146,
901185546876,3,79.41104,-10.318184,79.60497,
901195587160,3,79.5621,-10.483381,79.60464,
901205596925,3,79.72396,-10.648049,79.61338,
901215606691,3,79.92666,-10.841961,79.6276,
901225646974,3,80.080635,-10.986922,79.624886,
901235656740,3,80.250946,-11.146108,79.60799,
901245666505,3,80.37263,-11.258167,79.58552,
901255706788,3,80.54798,-11.423513,79.57372,
901265716554,3,80.6845,-11.556764,79.57262,
901275726320,3,80.88784,-11.753439,79.58837,
901285736085,3,81.08352,-11.938728,79.616776,
901295745851,3,81.25496,-12.101508,79.649376,
901305786134,3,81.415436,-12.258647,79.676254,
901315765382,3,81.59898,-12.442786,79.69422,
901325805665,3,81.69023,-12.5434265,79.7044,
901335845949,3,81.75406,-12.618389,79.706955,
901345886232,3,81.714424,-12.590056,79.68854,
901355865480,3,81.637184,-12.51619,79.64727,
901365905763,3,81.469444,-12.34238,79.576324,
901375915529,3,81.29682,-12.153738,79.49307,
901385925294,3,81.16515,-11.99906,79.42523,
901395935060,3,81.11148,-11.911913,79.382645,
901406158449,3,81.08904,-11.85026,79.365364,
901416168214,3,81.03457,-11.755265,79.37336,
901426208498,3,81.01314,-11.691105,79.38059,
901436218263,3,80.969376,-11.606842,79.394585,
901446228029,3,80.90975,-11.506274,79.40233,
901456085207,3,80.834335,-11.387838,79.406784,
901466064455,3,80.75028,-11.254562,79.408714,
901476104738,3,80.65923,-11.103,79.39041,
901486114504,3,80.550125,-10.91854,79.37094,
901496124269,3,80.2612,-10.547735,79.365776,
901506134035,3,79.97424,-10.168225,79.3362,
901516174318,3,79.70797,-9.826715,79.270004,
901526184084,3,79.52658,-9.589621,79.19903,
901536224367,3,79.42581,-9.461942,79.11678,
901546234132,3,79.74876,-9.725532,79.01761,
901556213380,3,80.392494,-10.266781,78.90568,
901566253664,3,81.29907,-11.04434,78.773506,
901576263429,3,82.27887,-11.892055,78.64596,
901586303713,3,83.23602,-12.729034,78.53557,
901596282960,3,84.025276,-13.43723,78.45469,
901606353761,3,84.70944,-14.0903845,78.40206,
901616333009,3,85.22549,-14.624052,78.361755,
901626373293,3,85.5648,-15.011805,78.320755,
901636413576,3,85.78048,-15.29203,78.27486,
901646423341,3,85.87659,-15.451034,78.23771,
901656433107,3,85.84832,-15.469144,78.22351,
901666473390,3,85.79869,-15.43863,78.24726,
901676452638,3,85.811325,-15.447603,78.30393,
901686462404,3,85.9105,-15.522435,78.37575,
901696502687,3,86.08113,-15.646111,78.452705,
901706695558,3,86.31462,-15.809254,78.50825,
901716705324,3,86.474365,-15.891234,78.52736,
901726776125,3,86.632,-15.970028,78.52766,
901736785890,3,86.64261,-15.909159,78.513596,
901746795656,3,86.631645,-15.828367,78.50861,
901756805421,3,86.60759,-15.73151,78.50842,
901766815187,3,86.63423,-15.671323,78.51357,
901776855470,3,86.66835,-15.610661,78.53475,
901786682130,3,86.74181,-15.584301,78.54757,
901796875001,3,86.84035,-15.599565,78.55719,
901806915285,3,86.93211,-15.6356125,78.55982,
901816955568,3,87.002266,-15.67817,78.564735,
901826751710,3,87.08479,-15.747505,78.5626,
901836791994,3,87.17215,-15.82839,78.55514,
901846801759,3,87.27303,-15.925269,78.552635,
901856842042,3,87.35545,-16.004297,78.55278,
901866851808,3,87.42965,-16.074533,78.54341,
901876861574,3,87.4581,-16.096579,78.54465,
901886871339,3,87.44726,-16.063126,78.54183,
901896911622,3,87.39665,-15.975724,78.53827,
901906921388,3,87.3996,-15.924556,78.54444,
901917114259,3,87.44131,-15.900477,78.54269,
901927124025,3,87.505455,-15.890427,78.53713,
901937164308,3,87.645134,-15.94509,78.525375,
901947143556,3,87.757706,-15.972029,78.515625,
901957214357,3,87.92445,-16.0471,78.499664,
901967193605,3,88.118866,-16.151478,78.4719,
901977203371,3,88.211754,-16.183134,78.43161,
901987243654,3,88.33623,-16.279255,78.407974,
901997070314,3,88.42965,-16.365648,78.410545,
902007141115,3,88.546524,-16.479076,78.41592,
902017120363,3,88.65841,-16.58428,78.4332,
902027130128,3,88.72985,-16.643368,78.46114,
902037353517,3,88.775024,-16.659456,78.48079,
902047363283,3,88.81171,-16.648726,78.51484,
902057373048,3,88.86163,-16.633194,78.55177,
902067382814,3,89.00603,-16.69295,78.57837,
902077392579,3,89.16536,-16.759405,78.59815,
902087432863,3,89.335846,-16.840939,78.61063,
902097442628,3,89.54091,-16.971352,78.61701,
902107452394,3,89.78821,-17.161186,78.63065,
902117462160,3,90.10155,-17.431696,78.644745,
902127502443,3,90.41684,-17.720068,78.6562,
902137542726,3,90.7315,-18.009304,78.66096,
902147552492,3,91.05097,-18.298103,78.66763,
902157562257,3,91.31321,-18.524364,78.66621,
902167602541,3,91.53883,-18.703531,78.65652,
902177612306,3,91.70308,-18.817095,78.644135,
902187622072,3,91.87347,-18.934326,78.642944,
902197631837,3,92.086006,-19.093536,78.64924,
902207641603,3,92.30218,-19.257347,78.65361,
902217651368,3,92.54972,-19.457064,78.667175,
902227691652,3,92.76261,-19.629902,78.689095,
902237701417,3,92.97507,-19.801949,78.71506,
902247741701,3,93.046005,-19.805042,78.74296,
902257568361,3,93.00489,-19.660402,78.7733,
902267578127,3,92.825485,-19.369738,78.80379,
902277618410,3,92.60575,-19.047327,78.81678,
902287628175,3,92.39456,-18.752768,78.819,
902297637941,3,92.285065,-18.575998,78.822044,
902307678224,3,92.23256,-18.473179,78.819664,
902317871095,3,92.200516,-18.40836,78.82833,
902327880861,3,92.26846,-18.444054,78.84066,
902337921144,3,92.380005,-18.517479,78.84566,
902347930910,3,92.57739,-18.664314,78.86157,
902357940675,3,92.704926,-18.731129,78.88038,
902367950441,3,92.76359,-18.711897,78.91016,
902377990724,3,92.79952,-18.649544,78.9565,
902387817384,3,92.81753,-18.556213,78.98953,
902397827150,3,92.81401,-18.443155,79.02655,
902407867433,3,92.755714,-18.282259,79.045494,
902418029787,3,92.70094,-18.135126,79.05898,
902428070070,3,92.65654,-18.00988,79.06341,
902438079836,3,92.64399,-17.926153,79.05719,
902448089601,3,92.645874,-17.86575,79.04995,
902458129884,3,92.652336,-17.812107,79.044205,
902468139650,3,92.70613,-17.799019,79.02911,
902478179933,3,92.74974,-17.7708,79.02474,
902488189699,3,92.75357,-17.703325,79.019714,
902498199464,3,92.76879,-17.645485,79.01506,
902508209230,3,92.72308,-17.526976,79.009,
902518249513,3,92.70872,-17.43505,79.004684,
902528259279,3,92.71252,-17.357426,79.00138,
902538269044,3,92.75596,-17.312992,79.00321,
902548278810,3,92.800575,-17.266321,79.007065,
902558319093,3,92.86054,-17.230665,79.00662,
902568328859,3,92.94471,-17.215157,79.006714,
902578369142,3,93.037506,-17.206379,79.00632,
902588195802,3,93.20189,-17.259188,79.02315,
902598205568,3,93.32034,-17.258392,79.040245,
902608215333,3,93.41857,-17.22787,79.05064,
902618255617,3,93.508766,-17.186888,79.062614,
902628265382,3,93.59699,-17.14982,79.073166,
902638275148,3,93.73131,-17.163908,79.07458,
902648468019,3,93.89895,-17.222647,79.08157,
902658508302,3,94.03484,-17.264423,79.08575,
902668518068,3,94.171135,-17.31424,79.09654,
902678527833,3,94.298706,-17.364277,79.11179,
902688568117,3,94.387474,-17.383923,79.12677,
902698577882,3,94.48572,-17.415752,79.13663,
902708618165,3,94.57664,-17.443674,79.143074,
902718627931,3,94.691154,-17.496069,79.147285,
902728637697,3,94.79661,-17.536726,79.1483,
902738647462,3,94.95578,-17.624186,79.13924,
902748687745,3,95.04896,-17.652988,79.1197,
902758697511,3,95.149826,-17.695677,79.10435,
902768737794,3,95.32907,-17.819162,79.0838,
902778747560,3,95.493835,-17.93404,79.07577,
902788757325,3,95.65005,-18.040888,79.06575,
902798797609,3,95.78744,-18.124321,79.06139,
902808807374,3,95.87283,-18.15369,79.059555,
902818817140,3,95.922874,-18.140919,79.058784,
902828826906,3,95.964455,-18.113323,79.056465,
902838836671,3,96.03945,-18.109798,79.052574,
902848876955,3,96.085106,-18.075113,79.04817,
902858886720,3,96.20552,-18.112818,79.0382,
902868896486,3,96.27427,-18.108427,79.02008,
902878936769,3,96.38385,-18.150372,79.00302,
902888946535,3,96.47426,-18.177988,78.98899,
902898986818,3,96.601105,-18.24276,78.98906,
902908996584,3,96.73344,-18.312534,78.99813,
902919006349,3,96.91371,-18.424053,79.018326,
902929016115,3,97.06004,-18.498856,79.038795,
902939025880,3,97.15453,-18.526411,79.06452,
902949127199,3,97.22654,-18.537949,79.08611,
902959075929,3,97.30231,-18.562277,79.10709,
902969116213,3,97.38456,-18.599373,79.11685,
902979125978,3,97.49967,-18.674292,79.11926,
902989135744,3,97.606285,-18.745625,79.11289,
902999145509,3,97.69932,-18.805511,79.107994,
903009185793,3,97.81476,-18.882656,79.11445,
903019195558,3,97.940674,-18.961075,79.118416,
903029205324,3,98.03609,-19.00231,79.124054,
903039215090,3,98.13371,-19.043827,79.134865,
903049255373,3,98.18142,-19.037525,79.144424,
903059265138,3,98.23936,-19.040789,79.14838,
903069305421,3,98.247375,-18.997625,79.14946,
903079315187,3,98.29053,-18.991615,79.13675,
903089324953,3,98.37933,-19.032578,79.14112,
903099365236,3,98.45922,-19.06189,79.148735,
903109375001,3,98.5548,-19.094456,79.15712,
903119384767,3,98.67822,-19.143362,79.16141,
903129394533,3,98.79195,-19.17666,79.16442,
903139404298,3,98.91815,-19.218529,79.16555,
903149414064,3,99.09786,-19.313763,79.181694,
903159454347,3,99.25256,-19.38872,79.19938,
903169464113,3,99.357735,-19.423119,79.210075,
903179504396,3,99.493996,-19.492405,79.21769,
903189514162,3,99.65877,-19.599503,79.22541,
903199523927,3,99.77039,-19.661144,79.234146,
903209533693,3,99.8783,-19.719526,79.25063,
903219573976,3,99.99301,-19.781471,79.261055,
903229583742,3,100.10841,-19.8409,79.273926,
903239593507,3,100.14877,-19.82443,79.28775,
903249633790,3,100.20161,-19.814907,79.29838,
903259643556,3,100.25603,-19.803871,79.30668,
903269683839,3,100.31722,-19.797714,79.314674,
903279693605,3,100.35022,-19.76022,79.31578,
903289520265,3,100.30055,-19.63986,79.313896,
903299530031,3,100.222626,-19.489525,79.30229,
903309539796,3,100.16435,-19.35982,79.30001,
903319549562,3,100.11784,-19.241568,79.30136,
903329772951,3,100.0882,-19.138338,79.31146,
903339782716,3,100.092705,-19.064545,79.322716,
903349822999,3,100.14655,-19.031506,79.342094,
903359649660,3,100.318726,-19.096859,79.34669,
903369659425,3,100.52556,-19.18275,79.33104,
903379669191,3,100.74333,-19.264526,79.30086,
903389678956,3,101.03455,-19.403936,79.27307,
903399688722,3,101.330215,-19.538017,79.266335,
903409729005,3,101.62635,-19.665981,79.27869,
903419708253,3,101.94304,-19.81398,79.303314,
903429779054,3,102.19536,-19.905804,79.33432,
903439788820,3,102.42131,-19.981037,79.37414,
903449798585,3,102.640335,-20.062546,79.40095,
903459838868,3,102.81186,-20.11373,79.41989,
903470031740,3,102.91884,-20.121832,79.43334,
903480072023,3,102.93242,-20.059515,79.439384,
903490081788,3,102.9384,-20.010153,79.446594,
903499938966,3,102.88446,-19.925388,79.46476,
903509948732,3,102.77946,-19.808378,79.49507,
903519958498,3,102.60966,-19.644499,79.53687,
903529968263,3,102.45815,-19.511492,79.5957,
903539978029,3,102.409546,-19.488998,79.67652,
903549987794,3,102.43426,-19.546932,79.771225,
903560028078,3,102.597435,-19.734898,79.871185,
903570037843,3,102.77124,-19.918825,79.97136,
903580078127,3,102.91336,-20.04987,80.054855,
903590087892,3,103.02356,-20.127073,80.13353,
903600097658,3,103.101814,-20.146484,80.19585,
903610137941,3,103.16739,-20.137396,80.25156,
903620147707,3,103.221466,-20.112288,80.291954,
903630157472,3,103.3071,-20.1202,80.31373,
903640167238,3,103.33548,-20.081308,80.31403,
903650177004,3,103.34464,-20.031387,80.29396,
903660217287,3,103.29777,-19.931332,80.26292,
903670227052,3,103.24152,-19.819544,80.21539,
903680236818,3,103.110146,-19.628027,80.15242,
903690277101,3,102.93905,-19.387266,80.08159,
903700286867,3,102.71598,-19.088804,80.001526,
903710296632,3,102.48707,-18.783224,79.92608,
903720336916,3,102.26866,-18.48899,79.85803,
903730346681,3,102.08363,-18.228037,79.8042,
903740356447,3,101.993256,-18.057833,79.7752,
903750366213,3,101.998,-17.972174,79.765076,
903760375978,3,102.09109,-17.960289,79.770256,
903770416261,3,102.246925,-18.001152,79.788315,
903780639650,3,102.49698,-18.127193,79.810295,
903790618898,3,102.82922,-18.333496,79.846886,
903800659181,3,103.14639,-18.532015,79.88009,
903810699464,3,103.47085,-18.746393,79.91874,
903820709230,3,103.672646,-18.851776,79.97658,
903830718996,3,103.90749,-18.989452,80.04865,
903840728761,3,104.077515,-19.072607,80.1169,
903850769044,3,104.22525,-19.148361,80.19356,
903860809328,3,104.402405,-19.264845,80.25898,
903870635988,3,104.53457,-19.358648,80.328156,
903880645753,3,104.68976,-19.485859,80.38268,
903890655519,3,104.82448,-19.599848,80.42805,
903900695802,3,105.06147,-19.80862,80.472305,
903910705568,3,105.39632,-20.099247,80.51681,
903920898439,3,105.83909,-20.476944,80.56526,
903930908205,3,106.2478,-20.804562,80.61435,
903940917970,3,106.661896,-21.126354,80.69042,
903950744630,3,107.01584,-21.391163,80.785736,
903960784913,3,107.52038,-21.790352,80.891655,
903970794679,3,107.91811,-22.087967,81.00182,
903980804445,3,108.30818,-22.377758,81.10285,
903990814210,3,108.71584,-22.687506,81.19828,
904000854494,3,109.10907,-22.983902,81.28278,
904010864259,3,109.49751,-23.27776,81.37375,
904020874025,3,109.91808,-23.60146,81.46802,
904030883790,3,110.38199,-23.968546,81.5762,
904040893556,3,110.97339,-24.460146,81.6922,
904050903322,3,111.68296,-25.06707,81.79922,
904060943605,3,112.36688,-25.648827,81.88574,
904070953371,3,112.9327,-26.11394,81.973175,
904080993654,3,113.41647,-26.477215,82.017654,
904091033937,3,113.995834,-26.923473,82.03775,
904101013185,3,114.59127,-27.378344,82.015884,
904111022951,3,115.12426,-27.774426,81.95265,
904121063234,3,115.40897,-27.933784,81.84968,
904131072999,3,115.29619,-27.728432,81.721794,
904141113283,3,114.93407,-27.303738,81.66886,
904151123048,3,114.45517,-26.739868,81.68048,
904161163331,3,114.00966,-26.147358,81.7485,
904171173097,3,113.8683,-25.759768,81.80504,
904181182863,3,114.14582,-25.687887,81.804756,
904191192628,3,114.76539,-25.870335,81.73209,
904201202394,3,115.43839,-26.06555,81.58422,
904211242677,3,116.078575,-26.229446,81.37598,
904221252443,3,116.386154,-26.1225,81.163864,
904231292726,3,116.42126,-25.820549,80.94529,
904241302492,3,116.21223,-25.35837,80.69365,
904251312257,3,115.99716,-24.96835,80.38943,
904261322023,3,115.891785,-24.756292,80.03319,
904271362306,3,115.92719,-24.75205,79.665054,
904281372072,3,116.15913,-24.991743,79.316826,
904291381837,3,116.43567,-25.310524,79.00924,
904301422121,3,116.78054,-25.707834,78.769615,
904311431886,3,116.996445,-25.976124,78.59523,
904321441652,3,117.13523,-26.144844,78.47303,
904331481935,3,117.13329,-26.13519,78.390564,
904341491701,3,117.008026,-25.959425,78.32616,
904351531984,3,116.79844,-25.657726,78.26366,
904361511232,3,116.48284,-25.233307,78.19747,
904371551515,3,116.0971,-24.736418,78.1227,
904381561281,3,115.724556,-24.264729,78.06021,
904391601564,3,115.32739,-23.792171,78.02836,
904401611330,3,114.98244,-23.394579,78.03501,
904411621095,3,114.710976,-23.091845,78.070114,
904421661378,3,114.55312,-22.918638,78.137146,
904431671144,3,114.40353,-22.777205,78.23446,
904441680910,3,114.37792,-22.79615,78.35345,
904451690675,3,114.32973,-22.839575,78.488106,
904461730959,3,114.334366,-22.96928,78.63827,
904471740724,3,114.24986,-23.028694,78.811356,
904481750490,3,114.19718,-23.108223,78.984276,
904491790773,3,114.25886,-23.26861,79.15741,
904501800539,3,114.50118,-23.569992,79.314186,
904511779787,3,114.96023,-24.05133,79.45296,
904521820070,3,115.50926,-24.602606,79.55905,
904531829836,3,116.07104,-25.162832,79.64803,
904541870119,3,116.617775,-25.713413,79.70975,
904551879884,3,117.12901,-26.24761,79.76027,
904561889650,3,117.54636,-26.712564,79.80806,
904571899416,3,117.82975,-27.060125,79.869545,
904581970216,3,118.03755,-27.33183,79.9585,
904591949464,3,118.22604,-27.555582,80.09655,
904601989748,3,118.50209,-27.81415,80.28655,
904611999513,3,118.84166,-28.07421,80.5127,
904622009279,3,119.23834,-28.335634,80.76856,
904632049562,3,119.58252,-28.511381,81.02975,
904642059328,3,119.70688,-28.45227,81.28634,
904652069093,3,119.745255,-28.304468,81.52029,
904662078859,3,119.82712,-28.212864,81.699196,
904672119142,3,119.96697,-28.209991,81.81972,
904682098390,3,120.18117,-28.329775,81.87757,
904692138673,3,120.451904,-28.563784,81.89238,
904702148439,3,120.86696,-28.997982,81.87196,
904712188722,3,121.353966,-29.558563,81.86702,
904722198488,3,121.98745,-30.30631,81.901634,
904732208253,3,122.65056,-31.11033,81.98908,
904742248537,3,123.32147,-31.920414,82.11051,
904752258302,3,124.03151,-32.73195,82.22794,
904762268068,3,124.85287,-33.60353,82.30695,
904772277833,3,125.6731,-34.4324,82.332405,
904782318117,3,126.42445,-35.16912,82.27559,
904792358400,3,126.93446,-35.659737,82.13653,
904802368165,3,127.05705,-35.765434,81.969894,
904812377931,3,126.939995,-35.619984,81.81338,
904822418214,3,126.61767,-35.248543,81.671005,
904832427980,3,126.06685,-34.631557,81.5592,
904842437745,3,125.45557,-33.9349,81.473404,
904852447511,3,124.79468,-33.179314,81.414825,
904862457277,3,124.1785,-32.464935,81.37266,
904872467042,3,123.56852,-31.756193,81.34606,
904882507325,3,122.98175,-31.065132,81.32108,
904892547609,3,122.36106,-30.333666,81.284836,
904902557374,3,121.73579,-29.597282,81.22492,
904912567140,3,121.17737,-28.9389,81.132195,
904922576906,3,120.69698,-28.378624,81.02436,
904932617189,3,120.17863,-27.812683,80.91931,
904942626955,3,119.75953,-27.371817,80.83046,
904952667238,3,119.330986,-26.940386,80.76039,
904962677004,3,118.9281,-26.537985,80.70449,
904972686769,3,118.511696,-26.114075,80.66693,
904982696535,3,118.192764,-25.764647,80.622604,
904992736818,3,117.89956,-25.419407,80.57114,
905002746584,3,117.65077,-25.108873,80.5257,
905012756349,3,117.47114,-24.870237,80.49767,
905022766115,3,117.31262,-24.66554,80.49182,
905032836916,3,117.14131,-24.462486,80.49995,
905042999269,3,117.09294,-24.388412,80.51699,
905053039552,3,117.111176,-24.379957,80.54032,
905063049318,3,117.23178,-24.464886,80.56785,
905073059084,3,117.37666,-24.563381,80.596436,
905083068849,3,117.484695,-24.624907,80.63166,
905093078615,3,117.567505,-24.662073,80.67262,
905102905275,3,117.59164,-24.636202,80.72863,
905112945558,3,117.59656,-24.582247,80.79474,
905122955324,3,117.64848,-24.56057,80.852104,
905132995607,3,117.79845,-24.624403,80.89593,
905143005373,3,117.89486,-24.638311,80.89532,
905153228761,3,118.040955,-24.713463,80.86716,
905163055421,3,118.18465,-24.802824,80.82022,
905173248293,3,118.37688,-24.94738,80.781685,
905183258058,3,118.50571,-25.038559,80.78181,
905193115236,3,118.58464,-25.089672,80.817055,
905203125002,3,118.62185,-25.092264,80.89148,
905213104250,3,118.68129,-25.093258,81.00892,
905223144533,3,118.65212,-24.97212,81.13087,
905233154298,3,118.66082,-24.861992,81.25183,
905243194582,3,118.58198,-24.650845,81.34649,
905253234865,3,118.43439,-24.3714,81.408424,
905263214113,3,118.26997,-24.09125,81.446,
905273223878,3,118.004715,-23.736435,81.455536,
905283294679,3,117.74009,-23.406658,81.453766,
905293304445,3,117.52108,-23.141565,81.483635,
905303314210,3,117.26416,-22.842438,81.56562,
905313293459,3,116.8816,-22.403444,81.685394,
905323333742,3,116.41151,-21.85148,81.84274,
905333343507,3,115.797005,-21.108967,82.00037,
905343353273,3,115.276024,-20.41286,82.14492,
905353393556,3,114.85787,-19.781313,82.217804,
905363433839,3,114.43846,-19.119646,82.20853,
905373443605,3,114.000946,-18.43452,82.109665,
905383453371,3,113.37102,-17.588936,81.97065,
905393463136,3,112.68123,-16.749512,81.83163,
905403503419,3,111.991264,-15.982863,81.75384,
905413513185,3,111.254395,-15.2303295,81.74505,
905423553468,3,110.52222,-14.509477,81.79871,
905433746339,3,110.054695,-14.041425,81.8584,
905443786622,3,109.887764,-13.830711,81.87793,
905453582765,3,110.00492,-13.84957,81.8348,
905463592531,3,110.2664,-13.966745,81.713684,
905473632814,3,110.5421,-14.090503,81.52393,
905483642579,3,110.75611,-14.18283,81.297615,
905493652345,3,110.82771,-14.184586,81.0651,
905503662111,3,110.7725,-14.10469,80.85153,
905513732912,3,110.53608,-13.867362,80.66815,
905523712160,3,110.25153,-13.564597,80.55843,
905533721925,3,110.01539,-13.2707,80.48508,
905543731691,3,109.934784,-13.085339,80.42246,
905553771974,3,110.00068,-13.003199,80.369774,
905563781740,3,110.21164,-13.047923,80.29054,
905573791505,3,110.4967,-13.176385,80.20066,
905583831788,3,110.81447,-13.373859,80.083275,
905593841554,3,111.13435,-13.624067,79.959404,
905603851320,3,111.49109,-13.964031,79.86364,
905613891603,3,111.849495,-14.342915,79.802734,
905623901368,3,112.23901,-14.766205,79.7835,
905633941652,3,112.67027,-15.220281,79.79344,
905643951417,3,113.11511,-15.655043,79.8367,
905653961183,3,113.47349,-15.96832,79.89557,
905663970949,3,113.783226,-16.198036,79.95547,
905673980714,3,114.031334,-16.345736,80.02051,
905683990480,3,114.22274,-16.435352,80.07839,
905694030763,3,114.36077,-16.485685,80.11853,
905704071047,3,114.461075,-16.517393,80.14034,
905714111330,3,114.52082,-16.53572,80.12297,
905724121095,3,114.45049,-16.457855,80.092896,
905734344484,3,114.32449,-16.371174,80.067314,
905744171144,3,114.17378,-16.295603,80.065346,
905754180910,3,113.97321,-16.20207,80.114296,
905764190675,3,113.782166,-16.13694,80.23363,
905774200441,3,113.60899,-16.08629,80.418106,
905784210207,3,113.58047,-16.152367,80.639534,
905794250490,3,113.65284,-16.275185,80.8658,
905804260255,3,113.82465,-16.452694,81.06361,
905814270021,3,114.05107,-16.654137,81.217155,
905824249269,3,114.221054,-16.798141,81.31258,
905834289552,3,114.31427,-16.892818,81.35744,
905844512941,3,114.426155,-17.06378,81.36396,
905854370119,3,114.53936,-17.304287,81.32318,
905864379884,3,114.626656,-17.581139,81.26336,
905874389650,3,114.79499,-18.000553,81.20493,
905884399416,3,115.05612,-18.559416,81.18187,
905894409181,3,115.29358,-19.113577,81.19304,
905904449464,3,115.5556,-19.67963,81.23608,
905914489748,3,115.74004,-20.132193,81.30503,
905924499513,3,115.823784,-20.43437,81.37778,
905934509279,3,115.80706,-20.574308,81.420364,
905944519044,3,115.56451,-20.41736,81.42311,
905954559328,3,115.04781,-19.924105,81.376755,
905964569093,3,114.27369,-19.122726,81.32181,
905974578859,3,113.2685,-18.0546,81.26284,
905984588625,3,112.26975,-16.980215,81.22945,
905994598390,3,111.50935,-16.167469,81.21262,
906004608156,3,111.057304,-15.706152,81.21582,
906014617921,3,111.0366,-15.728004,81.23249,
906024688722,3,111.414276,-16.202967,81.23926,
906034667970,3,112.21269,-17.143133,81.222305,
906044677736,3,113.17225,-18.268837,81.1717,
906054718019,3,114.11039,-19.385357,81.060265,
906064758302,3,114.91128,-20.36452,80.89845,
906074768068,3,115.556244,-21.181686,80.70318,
906084777833,3,116.23809,-22.0298,80.48184,
906094787599,3,116.849785,-22.800037,80.24805,
906104797365,3,117.357994,-23.457386,80.03263,
906114837648,3,117.74744,-23.996725,79.85569,
906124847413,3,117.95422,-24.350069,79.74499,
906134918214,3,117.97921,-24.512947,79.70879,
906144897462,3,117.79888,-24.448708,79.72996,
906154907228,3,117.470924,-24.212648,79.77442,
906164916994,3,117.05171,-23.866436,79.81863,
906174957277,3,116.62373,-23.495947,79.843925,
906184967042,3,116.16621,-23.090992,79.863556,
906195007325,3,115.673164,-22.66022,79.87268,
906205017091,3,115.17707,-22.243479,79.879875,
906215057374,3,114.72509,-21.887775,79.86694,
906225067140,3,114.36106,-21.635057,79.8397,
906235076906,3,114.070335,-21.459547,79.80513,
906245086671,3,113.79762,-21.297043,79.76699,
906255126955,3,113.57432,-21.182941,79.74418,
906265136720,3,113.370346,-21.071789,79.73766,
906275329591,3,113.20571,-20.980057,79.73739,
906285186769,3,113.08076,-20.907545,79.74554,
906295379640,3,112.96358,-20.825655,79.74468,
906305206300,3,112.83625,-20.722193,79.74084,
906315216066,3,112.7394,-20.647238,79.7469,
906325256349,3,112.631615,-20.5596,79.769844,
906335266115,3,112.54834,-20.488394,79.829544,
906345275880,3,112.509674,-20.454048,79.90802,
906355285646,3,112.53671,-20.475655,80.00499,
906365295412,3,112.675606,-20.601555,80.09301,
906375335695,3,112.90153,-20.812704,80.14229,
906385345460,3,113.069016,-20.975819,80.15222,
906395568849,3,113.17364,-21.108543,80.1175,
906405364992,3,113.13854,-21.138294,80.0426,
906415435793,3,112.98937,-21.096779,79.95849,
906425445558,3,112.76808,-21.011261,79.891266,
906435455324,3,112.52945,-20.91583,79.85716,
906445465090,3,112.18463,-20.636,79.860535,
906465484621,3,111.765434,-20.198383,79.86725,
906475524904,3,111.1296,-19.45351,79.86756,
906485534670,3,110.2417,-18.377144,79.85607,
906495544435,3,109.21853,-17.122746,79.79784,
906505584718,3,108.08405,-15.763508,79.71683,
906515594484,3,106.84956,-14.35952,79.638115,
906525604250,3,105.56201,-12.99164,79.60556,
906535614015,3,104.35793,-11.795542,79.6317,
906545623781,3,103.33535,-10.83347,79.71778,
906555633547,3,102.57872,-10.143657,79.81351,
906565856935,3,102.09025,-9.707889,79.835655,
906575683595,3,101.84996,-9.495247,79.78273,
906585723878,3,101.83489,-9.499078,79.62888,
906595733644,3,101.97167,-9.678348,79.38055,
906605773927,3,102.11511,-9.912749,79.09707,
906615783693,3,102.20887,-10.156605,78.82562,
906625823976,3,102.26166,-10.41402,78.583496,
906635803224,3,102.21623,-10.591667,78.398384,
906645843507,3,102.136696,-10.719708,78.27259,
906655853273,3,102.06961,-10.818626,78.18731,
906665863039,3,102.04764,-10.897373,78.14203,
906675903322,3,102.04596,-10.929896,78.10539,
906685882570,3,102.054634,-10.930027,78.066246,
906695922853,3,102.06748,-10.902998,78.02036,
906705932619,3,102.098625,-10.896741,77.96953,
906715942384,3,102.20669,-10.990794,77.919556,
906725982667,3,102.29566,-11.112501,77.87347,
906736022951,3,102.42985,-11.332078,77.83993,
906746063234,3,102.61291,-11.652935,77.837585,
906756042482,3,102.78662,-11.995703,77.87292,
906766052248,3,103.004684,-12.392054,77.9417,
906776062013,3,103.19765,-12.753198,78.02014,
906786102296,3,103.4298,-13.121125,78.09167,
906796112062,3,103.64528,-13.43784,78.16187,
906806152345,3,103.90389,-13.769141,78.23618,
906816131593,3,104.12067,-14.047271,78.3059,
906826171876,3,104.28599,-14.287006,78.371445,
906836212160,3,104.37789,-14.481596,78.42983,
906846252443,3,104.378685,-14.617899,78.50445,
906856231691,3,104.331696,-14.735883,78.59319,
906866241456,3,104.296844,-14.900384,78.68283,
906876281740,3,104.33194,-15.152522,78.78119,
906886291505,3,104.45693,-15.520865,78.88354,
906896301271,3,104.48849,-15.817694,78.98807,
906906341554,3,104.403824,-16.00553,79.103134,
906916351320,3,104.07742,-15.936478,79.24582,
906926361085,3,103.44507,-15.532283,79.41456,
906936401368,3,102.747826,-15.027143,79.6018,
906946411134,3,102.0013,-14.429084,79.77776,
906956420900,3,101.366234,-13.909733,79.886444,
906966461183,3,100.838104,-13.496532,79.929306,
906976470949,3,100.28948,-13.1053095,79.92495,
906986480714,3,99.6921,-12.7497,79.90408,
906996490480,3,99.02228,-12.420435,79.91215,
907006530763,3,98.36255,-12.187172,79.97316,
907016540529,3,97.68819,-12.000652,80.07782,
907026550294,3,97.12541,-11.941059,80.25172,
907036560060,3,96.81,-12.100179,80.43824,
907046600343,3,96.73544,-12.441609,80.58208,
907056640627,3,96.687386,-12.719077,80.67262,
907066650392,3,96.470634,-12.739401,80.70293,
907076660158,3,96.08047,-12.519478,80.722565,
907086669923,3,95.50201,-12.081411,80.73749,
907096679689,3,94.827515,-11.543994,80.75324,
907106689455,3,94.28571,-11.15793,80.77585,
907116729738,3,94.05691,-11.120974,80.817184,
907126739504,3,93.980064,-11.274649,80.86821,
907136749269,3,94.09548,-11.658996,80.90975,
907146789552,3,94.32991,-12.172728,80.91671,
907156829836,3,94.68855,-12.815839,80.87178,
907166839601,3,95.132095,-13.566882,80.78297,
907176849367,3,95.61299,-14.370536,80.66563,
907186859132,3,96.136185,-15.233793,80.52357,
907196868898,3,96.65296,-16.104855,80.367935,
907206878664,3,97.15942,-16.974447,80.204216,
907216918947,3,97.61354,-17.792181,80.050606,
907226928713,3,97.94741,-18.488111,79.90876,
907236938478,3,98.133545,-19.020227,79.79205,
907246978761,3,98.13276,-19.34233,79.70799,
907257019044,3,98.00985,-19.515354,79.65155,
907267028810,3,97.78406,-19.556885,79.612495,
907277038576,3,97.47986,-19.500118,79.585335,
907287078859,3,97.15036,-19.411772,79.572136,
907297088625,3,96.85179,-19.360334,79.56417,
907307098390,3,96.631424,-19.399298,79.57119,
907317108156,3,96.44883,-19.489132,79.592415,
907327148439,3,96.20654,-19.527128,79.62324,
907337127687,3,95.93684,-19.53837,79.67503,
907347167970,3,95.6254,-19.50173,79.73578,
907357177736,3,95.344475,-19.474068,79.81038,
907367218019,3,95.10201,-19.47206,79.88489,
907377227785,3,94.926544,-19.518732,79.95899,
907387237550,3,94.809525,-19.60778,80.03447,
907397247316,3,94.80706,-19.794426,80.10827,
907407257082,3,94.86484,-20.031096,80.190346,
907417266847,3,94.950966,-20.28585,80.28554,
907427307130,3,95.07175,-20.55604,80.39569,
907437316896,3,95.19658,-20.816826,80.51776,
907447326662,3,95.336006,-21.077131,80.65714,
907457366945,3,95.44904,-21.302837,80.794785,
907467376710,3,95.67241,-21.643938,80.92312,
907477386476,3,95.95527,-22.044146,81.02502,
907487396242,3,96.208244,-22.409286,81.083595,
907497436525,3,96.3934,-22.704895,81.08773,
907507446290,3,96.58148,-23.015297,81.04432,
907517456056,3,96.73829,-23.312544,80.97276,
907527496339,3,96.86837,-23.605476,80.91144,
907537506105,3,96.8379,-23.756916,80.86277,
907547576906,3,96.68851,-23.787193,80.845085,
907557556154,3,96.397804,-23.642141,80.85705,
907567565919,3,95.872,-23.208616,80.88561,
907577606202,3,95.30321,-22.647701,80.9133,
907587615968,3,94.62424,-21.900831,80.90802,
907597625734,3,93.82379,-20.99838,80.86757,
907607666017,3,93.0149,-20.112322,80.850845,
907617645265,3,92.15986,-19.250772,80.88053,
907627685548,3,91.4031,-18.583185,80.970024,
907637695314,3,90.87795,-18.209398,81.07839,
907647735597,3,90.582504,-18.084927,81.15451,
907657745363,3,90.40898,-18.075241,81.13279,
907667755128,3,90.395874,-18.232124,80.99486,
907677764894,3,90.46924,-18.501207,80.777954,
907687805177,3,90.40329,-18.683401,80.489296,
907697814943,3,90.25839,-18.853952,80.17871,
907707855226,3,89.90251,-18.86534,79.88952,
907717864992,3,89.363846,-18.741253,79.66393,
907727874757,3,88.7755,-18.54693,79.4988,
907737915041,3,88.09511,-18.189528,79.405304,
907747924806,3,87.428665,-17.741625,79.3485,
907757934572,3,86.83086,-17.266306,79.29994,
907767974855,3,86.36288,-16.849869,79.23715,
907777954103,3,86.01391,-16.53965,79.16453,
907787994386,3,85.711235,-16.297174,79.05058,
907798004152,3,85.51677,-16.225548,78.92765,
907808013917,3,85.40577,-16.32736,78.7969,
907818054201,3,85.3351,-16.560642,78.675735,
907828063966,3,85.318886,-16.928059,78.59634,
907838073732,3,85.35621,-17.378473,78.57145,
907848083498,3,85.4756,-17.893093,78.59482,
907858123781,3,85.75127,-18.497967,78.65389,
907868103029,3,86.119446,-19.118113,78.73182,
907878143312,3,86.51218,-19.69373,78.7901,
907888153078,3,86.853806,-20.19897,78.83324,
907898162843,3,87.12706,-20.629812,78.855934,
907908172609,3,87.32703,-21.013586,78.85597,
907918243410,3,87.418526,-21.343939,78.84605,
907928253175,3,87.450226,-21.660925,78.843185,
907938293459,3,87.42374,-21.941006,78.849396,
907948303224,3,87.40338,-22.251732,78.86209,
907958343507,3,87.425476,-22.621729,78.881004,
907968322755,3,87.43282,-22.990149,78.91209,
907978332521,3,87.393425,-23.320793,78.965416,
907988372804,3,87.32845,-23.623615,79.05294,
907998382570,3,87.176895,-23.840105,79.16517,
908008422853,3,86.9796,-23.974646,79.27213,
908018432619,3,86.76111,-24.055155,79.35957,
908028625490,3,86.65856,-24.226267,79.41448,
908038482667,3,86.59984,-24.452759,79.41924,
908048522951,3,86.461426,-24.632704,79.35627,
908058502199,3,86.25023,-24.780506,79.25054,
908068511964,3,85.91765,-24.863392,79.12815,
908078552248,3,85.55283,-24.962044,79.0322,
908088592531,3,85.13248,-25.032158,78.95867,
908098602296,3,84.65703,-25.051117,78.895035,
908108612062,3,84.1314,-25.00624,78.85738,
908118621828,3,83.52009,-24.871056,78.859474,
908128662111,3,82.8965,-24.686712,78.89803,
908138641359,3,82.23124,-24.406591,78.942314,
908148681642,3,81.47857,-23.973345,78.98352,
908158691408,3,80.57394,-23.326805,79.02016,
908168701173,3,79.49097,-22.463417,79.03861,
908178741456,3,78.31349,-21.501635,79.04089,
908188751222,3,77.1145,-20.540194,79.022835,
908198760988,3,76.14904,-19.85395,78.970375,
908208770753,3,75.43643,-19.472763,78.892494,
908218841554,3,74.93855,-19.355234,78.797554,
908228851320,3,74.60096,-19.4386,78.65363,
908238861085,3,74.27411,-19.56078,78.46989,
908248870851,3,73.86268,-19.616528,78.26498,
908258911134,3,73.433586,-19.663877,78.062126,
908268920900,3,72.9676,-19.679789,77.87234,
908278930665,3,72.54332,-19.728394,77.6983,
908288940431,3,72.11044,-19.752039,77.54098,
908298980714,3,71.670494,-19.756182,77.40936,
908308990480,3,71.23522,-19.755672,77.31786,
908319000245,3,70.77713,-19.724545,77.26406,
908329010011,3,70.26662,-19.628565,77.25206,
908339019777,3,69.69892,-19.45686,77.28036,
908349060060,3,69.08681,-19.219347,77.35006,
908359069825,3,68.48345,-18.967583,77.45262,
908369079591,3,67.899445,-18.711994,77.59596,
908379089357,3,67.382614,-18.508545,77.75861,
908389099122,3,66.935844,-18.354221,77.93608,
908399139406,3,66.543045,-18.232246,78.10425,
908409149171,3,66.20422,-18.150148,78.24103,
908419158937,3,65.97861,-18.178877,78.34487,
908429199220,3,65.81989,-18.282566,78.415985,
908439178468,3,65.69311,-18.434465,78.46151,
908449218751,3,65.63742,-18.671295,78.48541,
908459228517,3,65.58186,-18.918453,78.49987,
908469238283,3,65.56412,-19.21349,78.524635,
908479461671,3,65.574936,-19.543413,78.544945,
908489501955,3,65.609985,-19.89714,78.5681,
908499328615,3,65.66118,-20.261955,78.59321,
908509338380,3,65.67909,-20.57516,78.64688,
908519348146,3,65.68679,-20.845968,78.72471,
908529357912,3,65.72446,-21.103565,78.81379,
908539367677,3,65.79956,-21.360516,78.89588,
908549407960,3,65.88932,-21.612131,78.90982,
908559448244,3,65.98447,-21.877117,78.861824,
908569458009,3,66.04352,-22.14316,78.750275,
908579467775,3,66.098976,-22.473219,78.57618,
908589508058,3,66.10626,-22.8493,78.378204,
908599517824,3,66.108376,-23.318527,78.177086,
908609558107,3,66.03233,-23.799961,78.00186,
908619567873,3,65.821335,-24.195993,77.87387,
908629608156,3,65.47424,-24.446419,77.78405,
908639617921,3,64.89606,-24.387846,77.741325,
908649627687,3,64.07183,-23.958332,77.74015,
908659637453,3,63.057156,-23.188095,77.770775,
908669647218,3,61.852547,-22.0817,77.78481,
908679687501,3,60.519897,-20.755747,77.78783,
908689697267,3,59.072674,-19.297272,77.80704,
908699707033,3,57.516895,-17.776321,77.86281,
908709716798,3,56.080727,-16.453787,77.9626,
908719726564,3,54.78864,-15.3342495,78.077065,
908729766847,3,53.608234,-14.351607,78.13562,
908739776613,3,52.64682,-13.603283,78.07697,
908749816896,3,51.92894,-13.119553,77.88003,
908759826662,3,51.49951,-12.962946,77.55999,
908769836427,3,51.35978,-13.165977,77.143875,
908779876710,3,51.26472,-13.504326,76.69738,
908789886476,3,51.09354,-13.869808,76.25492,
908799896242,3,50.801388,-14.205468,75.856155,
908809936525,3,50.421234,-14.496365,75.54839,
908819915773,3,49.92179,-14.658489,75.34143,
908829956056,3,49.341705,-14.673912,75.24656,
908839965822,3,48.735134,-14.549836,75.273094,
908850006105,3,48.156685,-14.322243,75.37211,
908860015871,3,47.568443,-13.96329,75.50049,
908870025636,3,47.02949,-13.575993,75.62217,
908880035402,3,46.50451,-13.175531,75.72793,
908890045167,3,45.987576,-12.79768,75.79909,
908900085451,3,45.483295,-12.490298,75.8603,
908910095216,3,45.01482,-12.290078,75.90904,
908920318605,3,44.61394,-12.224383,75.95161,
908930328371,3,44.318394,-12.309674,76.00143,
908940155031,3,44.12182,-12.513452,76.05858,
908950225831,3,44.03125,-12.830097,76.11525,
908960205079,3,44.045086,-13.238912,76.15996,
908970214845,3,44.06814,-13.640439,76.205864,
908980255128,3,44.10971,-14.044923,76.24894,
908990264894,3,44.117847,-14.405675,76.286674,
909000274660,3,44.068157,-14.711213,76.307106,
909010345460,3,43.929382,-14.938978,76.32776,
909020507814,3,43.738827,-15.138799,76.36069,
909030334474,3,43.50782,-15.32062,76.42587,
909040374757,3,43.35415,-15.596773,76.54546,
909050384523,3,43.22393,-15.899361,76.71849,
909060394288,3,43.126133,-16.224968,76.94366,
909070404054,3,43.024727,-16.517042,77.15695,
909090454103,3,42.858044,-16.740168,77.33694,
909100463868,3,42.623627,-16.908081,77.47867,
909110504152,3,42.407326,-17.114857,77.58378,
909120513917,3,42.18035,-17.335314,77.642944,
909130523683,3,41.948887,-17.590742,77.64732,
909140533449,3,41.70209,-17.865957,77.62836,
909150543214,3,41.409782,-18.13068,77.62724,
909160614015,3,41.023563,-18.322994,77.656685,
909170623781,3,40.599773,-18.478401,77.746025,
909180633547,3,40.13552,-18.577742,77.894,
909190643312,3,39.599937,-18.555233,78.08521,
909200653078,3,39.178288,-18.574402,78.28412,
909210693361,3,38.811554,-18.56297,78.43663,
909220703127,3,38.39293,-18.42748,78.528755,
909230712892,3,37.82883,-18.100796,78.54756,
909240722658,3,37.21149,-17.711384,78.48602,
909250762941,3,36.622997,-17.378296,78.3613,
909260772707,3,36.035484,-17.09946,78.20115,
909270812990,3,35.5861,-17.013056,78.02219,
909280822755,3,35.300644,-17.14341,77.85753,
909290832521,3,35.107918,-17.415224,77.71281,
909300842287,3,35.026306,-17.82634,77.55318,
909310882570,3,34.99241,-18.29155,77.384476,
909320892336,3,34.950493,-18.74676,77.207,
909330902101,3,34.871887,-19.159845,77.037125,
909340942384,3,34.761135,-19.53907,76.88989,
909350952150,3,34.564495,-19.830597,76.76285,
909360961916,3,34.387257,-20.136965,76.66072,
909370971681,3,34.179802,-20.388956,76.59436,
909381011964,3,33.93665,-20.584145,76.5537,
909391021730,3,33.68835,-20.750084,76.55035,
909401245119,3,33.374447,-20.834824,76.57471,
909411071779,3,33.032757,-20.870708,76.620186,
909421081544,3,32.589706,-20.786533,76.6761,
909431091310,3,32.113796,-20.653685,76.745384,
909441101076,3,31.667278,-20.550411,76.817154,
909451141359,3,31.256552,-20.487965,76.85909,
909461181642,3,30.845148,-20.437403,76.88083,
909471374513,3,30.480461,-20.454044,76.90762,
909481201173,3,30.154797,-20.519417,76.957726,
909491210939,3,29.833447,-20.577553,77.03421,
909501220705,3,29.519531,-20.617756,77.135345,
909511230470,3,29.20924,-20.629257,77.26659,
909521270753,3,28.880093,-20.593016,77.41831,
909531280519,3,28.509516,-20.497646,77.582794,
909541290285,3,28.159498,-20.401947,77.76782,
909551300050,3,27.827581,-20.322699,77.97713,
909561309816,3,27.45077,-20.201769,78.21657,
909571350099,3,27.092403,-20.111147,78.49186,
909581359865,3,26.781694,-20.076553,78.79787,
909591369630,3,26.534748,-20.107304,79.11816,
909601409913,3,26.379536,-20.208006,79.424164,
909611419679,3,26.32911,-20.390488,79.71543,
909621459962,3,26.312536,-20.57452,79.95204,
909631469728,3,26.437723,-20.872196,80.12297,
909641479494,3,26.605148,-21.190193,80.212906,
909651489259,3,26.714806,-21.451008,80.23433,
909661529542,3,26.857313,-21.815804,80.17609,
909681549074,3,26.920916,-22.148743,80.114174,
909691589357,3,26.89849,-22.434433,80.05068,
909701599122,3,26.741167,-22.595268,79.98963,
909711639406,3,26.364172,-22.517185,79.9269,
909721649171,3,25.736084,-22.142433,79.87887,
909731658937,3,24.91878,-21.520025,79.83074,
909741668702,3,23.876974,-20.608072,79.77574,
909751708986,3,22.727028,-19.53768,79.71656,
909761718751,3,21.431072,-18.306263,79.67351,
909771728517,3,20.025633,-16.983585,79.68413,
909781738283,3,18.658575,-15.732467,79.739365,
909791748048,3,17.550453,-14.767511,79.811066,
909801818849,3,16.75988,-14.122522,79.81496,
909811798097,3,16.21136,-13.704948,79.70046,
909821807863,3,15.811958,-13.440919,79.45874,
909831848146,3,15.495745,-13.300225,79.1046,
909841857912,3,15.283641,-13.333717,78.656944,
909851898195,3,15.064409,-13.455549,78.1916,
909861907960,3,14.820523,-13.653165,77.73973,
909871917726,3,14.474602,-13.823262,77.35766,
909881958009,3,14.067812,-13.961842,77.05838,
909891967775,3,13.6015,-14.009641,76.87473,
909902008058,3,13.1209955,-13.969973,76.79244,
909912017824,3,12.640899,-13.826615,76.78658,
909922027590,3,12.190514,-13.61393,76.81776,
909932037355,3,11.8368,-13.422622,76.83886,
909942077638,3,11.552626,-13.264384,76.83861,
909952087404,3,11.353785,-13.194331,76.79747,
909962097170,3,11.189052,-13.200213,76.71129,
909972106935,3,11.044311,-13.289904,76.61489,
909982116701,3,10.922139,-13.466854,76.54429,
909992156984,3,10.834317,-13.721682,76.52011,
910002166750,3,10.837738,-14.085302,76.53499,
910012207033,3,10.887842,-14.482156,76.575714,
910022216798,3,10.977331,-14.881741,76.63008,
910032196047,3,11.0641365,-15.23138,76.69926,
910042205812,3,11.177466,-15.569746,76.77522,
910052246095,3,11.284289,-15.878518,76.846664,
910062255861,3,11.330777,-16.123247,76.906815,
910072265627,3,11.291297,-16.294106,76.968185,
910082275392,3,11.188938,-16.433323,77.03839,
910092346193,3,11.015701,-16.545341,77.12643,
910102355959,3,10.783622,-16.63903,77.24495,
910112365724,3,10.555052,-16.76667,77.38744,
910122406007,3,10.375921,-16.959423,77.561356,
910132415773,3,10.266647,-17.213428,77.77203,
910142425539,3,10.22626,-17.511787,77.98504,
910152465822,3,10.182018,-17.76307,78.19406,
910162445070,3,10.027443,-17.848593,78.39267,
910172485353,3,9.780807,-17.789988,78.58539,
910182495119,3,9.421011,-17.584578,78.75843,
910192535402,3,9.08176,-17.400526,78.86997,
910202545167,3,8.811343,-17.325554,78.90019,
910212585451,3,8.671858,-17.468649,78.82819,
910222595216,3,8.635069,-17.831547,78.664505,
910232604982,3,8.592859,-18.29876,78.466965,
910242645265,3,8.503575,-18.801765,78.26078,
910252655031,3,8.3020935,-19.231886,78.0772,
910262695314,3,7.9028416,-19.453232,77.97579,
910272705079,3,7.3387794,-19.440823,77.98829,
910282714845,3,6.68598,-19.215137,78.07979,
910292724611,3,6.0765114,-18.878208,78.20392,
910302734376,3,5.468746,-18.3973,78.310585,
910312774660,3,4.9127474,-17.874367,78.36667,
910322784425,3,4.4010153,-17.361603,78.381714,
910332824708,3,3.8630261,-16.851145,78.34085,
910342803956,3,3.321782,-16.414078,78.23329,
910352813722,3,2.7807193,-16.077642,78.094666,
910362854005,3,2.2772965,-15.884767,77.93123,
910372894288,3,1.8631085,-15.858653,77.77397,
910382904054,3,1.6301398,-16.05759,77.606255,
910392913820,3,1.4999028,-16.365208,77.449486,
910402923585,3,1.4303702,-16.716658,77.296104,
910412933351,3,1.4119059,-17.099627,77.16116,
910422943117,3,1.4385251,-17.51698,77.030716,
910432983400,3,1.5269859,-17.995445,76.89292,
910442993165,3,1.6077476,-18.471851,76.75107,
910453002931,3,1.6422017,-18.917747,76.608604,
910463043214,3,1.593895,-19.290668,76.49073,
910473052980,3,1.4390892,-19.55802,76.40034,
910483062745,3,1.2395902,-19.76638,76.335815,
910493103029,3,0.9943181,-19.906803,76.30134,
910503112794,3,0.7237227,-19.995,76.28429,
910513336183,3,0.47408292,-20.070816,76.274086,
910523345949,3,0.22727303,-20.12423,76.28375,
910533386232,3,359.9935,-20.168518,76.30011,
910543395998,3,359.78607,-20.224274,76.331955,
910553405763,3,359.57394,-20.272507,76.38202,
910563415529,3,359.32864,-20.28979,76.44466,
910573425294,3,359.11438,-20.336548,76.50584,
910583435060,3,358.94543,-20.433786,76.56124,
910593475343,3,358.75565,-20.516178,76.60326,
910603485109,3,358.6038,-20.63212,76.64774,
910613525392,3,358.4431,-20.726181,76.71176,
910623352052,3,358.28345,-20.801735,76.80713,
910633361818,3,358.1481,-20.868837,76.93154,
910643371584,3,358.0228,-20.913542,77.08559,
910653381349,3,357.8703,-20.901873,77.273285,
910663421632,3,357.74844,-20.900173,77.47122,
910673431398,3,357.59515,-20.84909,77.66694,
910683441164,3,357.48547,-20.833261,77.860916,
910693450929,3,357.41315,-20.85328,78.03582,
910703491213,3,357.37152,-20.912302,78.17892,
910713500978,3,357.27585,-20.935158,78.27558,
910723510744,3,357.22556,-21.03978,78.30954,
910733703615,3,357.22687,-21.258776,78.28621,
910743591310,3,357.28543,-21.606104,78.23269,
910753601076,3,357.44626,-22.12216,78.16622,
910763610841,3,357.5969,-22.664783,78.11335,
910773620607,3,357.7082,-23.161976,78.07866,
910783660890,3,357.68866,-23.46366,78.03916,
910793670656,3,357.5852,-23.600431,77.97998,
910803680421,3,357.2763,-23.450127,77.91418,
910813690187,3,356.72147,-23.00136,77.82434,
910823730470,3,356.00003,-22.374733,77.70501,
910833740236,3,355.12775,-21.628014,77.609955,
910843750001,3,354.23154,-20.922873,77.580185,
910853790285,3,353.29987,-20.258919,77.63667,
910863800050,3,352.36566,-19.641329,77.750465,
910873809816,3,351.6173,-19.204556,77.87189,
910884063722,3,350.95728,-18.808647,77.90764,
910893859865,3,350.37888,-18.41711,77.817825,
910903869630,3,349.9655,-18.114851,77.58472,
910913879396,3,349.74353,-17.977789,77.22652,
910923919679,3,349.56714,-17.916353,76.812965,
910933929445,3,349.36,-17.909237,76.38706,
910943939210,3,349.06534,-17.925024,76.01908,
910953948976,3,348.73877,-18.009176,75.72997,
910964019777,3,348.3659,-18.096352,75.55516,
910974029542,3,348.0118,-18.18959,75.47239,
910984039308,3,347.65842,-18.21621,75.46878,
910994049074,3,347.32837,-18.171522,75.51151,
911004058839,3,346.9646,-17.995058,75.57054,
911014099122,3,346.5501,-17.687012,75.62866,
911024108888,3,346.12408,-17.32111,75.68531,
911034118654,3,345.72913,-16.985838,75.72968,
911044128419,3,345.37958,-16.724392,75.79111,
911054138185,3,345.11075,-16.586388,75.879486,
911064147951,3,344.9138,-16.564573,75.99998,
911074188234,3,344.83145,-16.687792,76.16002,
911084197999,3,344.85013,-16.931128,76.34265,
911094207765,3,344.99597,-17.296757,76.527985,
911104217531,3,345.17365,-17.682484,76.69734,
911114257814,3,345.3221,-18.024794,76.85524,
911124267579,3,345.45264,-18.335068,76.99492,
911134277345,3,345.53873,-18.59002,77.12791,
911144287111,3,345.5904,-18.806452,77.26072,
911154357912,3,345.6349,-19.020895,77.3969,
911164337160,3,345.66144,-19.225525,77.54681,
911174377443,3,345.63882,-19.392506,77.72856,
911184387208,3,345.60367,-19.562471,77.93798,
911194427492,3,345.56494,-19.741184,78.16557,
911204437257,3,345.57608,-19.995943,78.39506,
911214447023,3,345.60117,-20.30169,78.58327,
911224487306,3,345.69702,-20.736557,78.70598,
911234497072,3,345.89404,-21.350628,78.74833,
911244537355,3,346.1775,-22.13062,78.69447,
911254547121,3,346.44598,-22.95532,78.54389,
911264556886,3,346.60394,-23.721172,78.2741,
911274566652,3,346.6587,-24.422749,77.8833,
911284606935,3,346.53616,-24.962858,77.40684,
911294616701,3,346.13562,-25.218262,76.901726,
911304626466,3,345.5424,-25.269058,76.46461,
911314697267,3,344.851,-25.198244,76.15261,
911324676515,3,344.13516,-25.045681,76.00901,
911334716798,3,343.44043,-24.822372,75.99334,
911344726564,3,342.76837,-24.524506,76.05688,
911354736330,3,342.18158,-24.21641,76.13587,
911364746095,3,341.56693,-23.799995,76.132774,
911374786378,3,340.90854,-23.294676,76.03592,
911384796144,3,340.13593,-22.658987,75.86175,
911394805910,3,339.3312,-22.005592,75.67261,
911404815675,3,338.51703,-21.377094,75.52546,
911414825441,3,337.7139,-20.799902,75.435356,
911424865724,3,336.9686,-20.311232,75.42088,
911434875490,3,336.30276,-19.910307,75.50475,
911444885255,3,335.83862,-19.695982,75.64999,
911454895021,3,335.60004,-19.671255,75.817314,
911464935304,3,335.55933,-19.803114,75.95812,
911474945070,3,335.58237,-19.969444,76.04469,
911484954836,3,335.6043,-20.1243,76.094376,
911494995119,3,335.59268,-20.256714,76.1097,
911505187990,3,335.586,-20.418139,76.12099,
911515228273,3,335.53888,-20.558905,76.13456,
911525238039,3,335.41425,-20.631199,76.16053,
911535064699,3,335.23157,-20.638067,76.204544,
911545074464,3,335.00464,-20.575842,76.265816,
911555084230,3,334.7787,-20.496359,76.31932,
911565124513,3,334.5371,-20.38417,76.37627,
911575134279,3,334.29993,-20.271128,76.44898,
911585144044,3,334.06985,-20.165262,76.526764,
911595153810,3,333.83755,-20.064568,76.6166,
911605163576,3,333.59848,-19.974342,76.71548,
911615203859,3,333.41,-19.959301,76.820724,
911625244142,3,333.27753,-20.027353,76.93879,
911635253908,3,333.20413,-20.179102,77.05184,
911645263673,3,333.16486,-20.39539,77.15212,
911655303956,3,333.13498,-20.632607,77.22324,
911665344240,3,333.16055,-20.914032,77.26073,
911675384523,3,333.19452,-21.17363,77.26983,
911685546876,3,333.25244,-21.42667,77.27316,
911695556642,3,333.32925,-21.665646,77.283966,
911705383302,3,333.4161,-21.867823,77.33884,
911715393068,3,333.552,-22.052504,77.4291,
911725402833,3,333.72446,-22.200476,77.538605,
911735412599,3,334.06104,-22.454065,77.64468,
911745422365,3,334.53497,-22.812038,77.740875,
911755462648,3,335.07693,-23.236074,77.8237,
911765472413,3,335.58087,-23.649073,77.87493,
911775482179,3,336.0222,-24.044107,77.88519,
911785522462,3,336.39297,-24.419907,77.85681,
911795532228,3,336.71265,-24.795042,77.80094,
911805541994,3,337.04956,-25.239975,77.73141,
911815582277,3,337.4687,-25.81136,77.6721,
911825622560,3,337.93658,-26.467087,77.61809,
911835632325,3,338.44205,-27.181568,77.58209,
911845642091,3,338.91156,-27.856274,77.55825,
911855682374,3,339.1674,-28.279253,77.5438,
911865692140,3,339.0981,-28.318699,77.53255,
911875701906,3,338.6834,-27.944874,77.534096,
911885742189,3,337.89078,-27.118769,77.533226,
911895751955,3,336.91638,-26.056545,77.516846,
911905761720,3,335.8263,-24.863754,77.50598,
911915802004,3,334.68607,-23.647963,77.548615,
911925781251,3,333.61118,-22.563953,77.677505,
911935821535,3,332.6801,-21.693481,77.89985,
911945831300,3,332.0042,-21.115917,78.145004,
911955841066,3,331.4546,-20.657707,78.349655,
911965881349,3,330.99768,-20.26418,78.44344,
911975891115,3,330.5257,-19.837551,78.39291,
911985900880,3,330.14417,-19.521698,78.2016,
911995910646,3,329.82782,-19.334993,77.9257,
912005981447,3,329.53235,-19.260294,77.62093,
912015991213,3,329.18756,-19.226927,77.36523,
912026000978,3,328.75253,-19.163631,77.17511,
912036041261,3,328.24005,-19.037807,77.082664,
912046051027,3,327.70456,-18.854427,77.06993,
912056060793,3,327.1971,-18.617054,77.13482,
912066070558,3,326.77124,-18.362413,77.21175,
912076080324,3,326.42386,-18.09451,77.27945,
912086120607,3,326.10703,-17.79566,77.32663,
912096130373,3,325.83664,-17.528997,77.346725,
912106140138,3,325.54123,-17.267809,77.329956,
912116149904,3,325.2624,-17.080961,77.31157,
912126373293,3,325.0429,-17.023727,77.29856,
912136230470,3,324.87268,-17.072998,77.313896,
912146209718,3,324.80762,-17.256151,77.36445,
912156219484,3,324.8501,-17.546524,77.44802,
912166229250,3,325.0088,-17.921343,77.55721,
912176269533,3,325.26373,-18.34857,77.67312,
912186279298,3,325.57846,-18.792433,77.78059,
912196289064,3,325.9133,-19.228165,77.86353,
912206298830,3,326.1923,-19.604143,77.91757,
912216339113,3,326.39462,-19.919218,77.96179,
912226348878,3,326.4519,-20.120043,78.015854,
912236450197,3,326.40414,-20.253479,78.09262,
912246398927,3,326.31717,-20.370956,78.21358,
912256439210,3,326.20822,-20.473938,78.36968,
912266448976,3,326.11578,-20.595058,78.55701,
912276458742,3,326.08255,-20.759583,78.77126,
912286499025,3,326.10657,-20.953787,78.99004,
912296508790,3,326.20895,-21.203491,79.18662,
912306518556,3,326.35794,-21.487486,79.33964,
912316528322,3,326.52908,-21.801212,79.45527,
912326568605,3,326.67102,-22.114197,79.52834,
912336578371,3,326.77576,-22.43377,79.57438,
912346618654,3,326.8591,-22.782465,79.56681,
912356628419,3,326.88788,-23.123997,79.51532,
912366638185,3,326.80405,-23.393726,79.46091,
912376647951,3,326.568,-23.542618,79.4022,
912386688234,3,326.2046,-23.568985,79.363235,
912396697999,3,325.73825,-23.478333,79.3586,
912406707765,3,325.2589,-23.36238,79.399414,
912416748048,3,324.72342,-23.161533,79.488785,
912426757814,3,324.21658,-22.941055,79.589355,
912436767579,3,323.72882,-22.677906,79.69431,
912446777345,3,323.09875,-22.206444,79.79782,
912456787111,3,322.3391,-21.54995,79.89518,
912466827394,3,321.50403,-20.793419,79.97403,
912476837160,3,320.49832,-19.866877,80.03905,
912486846925,3,319.45367,-18.911987,80.08779,
912496856691,3,318.5269,-18.092,80.14258,
912506896974,3,317.75696,-17.442316,80.17169,
912516906740,3,317.25177,-17.061117,80.15454,
912526947023,3,317.02176,-16.953823,80.04735,
912536956788,3,316.92722,-16.994802,79.84321,
912546966554,3,316.89395,-17.134415,79.5858,
912557006837,3,316.98987,-17.454836,79.30359,
912567016603,3,317.14844,-17.888226,79.023026,
912577026368,3,317.372,-18.42077,78.76602,
912587036134,3,317.56488,-18.93718,78.53621,
912597076417,3,317.71982,-19.406052,78.33757,
912607086183,3,317.83688,-19.80639,78.17222,
912617126466,3,317.8343,-20.040003,78.03073,
912627136232,3,317.71588,-20.107944,77.913734,
912637176515,3,317.54175,-20.080875,77.80974,
912647186281,3,317.3062,-19.969559,77.72439,
912657196047,3,317.03186,-19.81388,77.661835,
912667205812,3,316.73114,-19.633701,77.627304,
912677246095,3,316.4457,-19.472744,77.62506,
912687225343,3,316.19235,-19.343287,77.65661,
912697448732,3,316.0273,-19.292671,77.70868,
912707458498,3,315.97678,-19.342474,77.77079,
912717498781,3,316.0159,-19.47129,77.805046,
912727508547,3,316.1401,-19.680729,77.80662,
912737518312,3,316.29095,-19.924793,77.79093,
912747528078,3,316.46515,-20.203072,77.76836,
912757385255,3,316.6599,-20.509964,77.74626,
912767547609,3,316.87885,-20.844067,77.72483,
912777587892,3,317.12756,-21.203367,77.70722,
912787597658,3,317.39618,-21.57919,77.69972,
912797637941,3,317.65692,-21.930002,77.70971,
912807464601,3,317.8482,-22.187477,77.74375,
912817474367,3,317.94302,-22.329462,77.79883,
912827484132,3,318.04163,-22.462063,77.8642,
912837493898,3,318.2115,-22.66211,77.92173,
912847534181,3,318.449,-22.936817,77.92886,
912857543947,3,318.68668,-23.23035,77.880264,
912867584230,3,318.88184,-23.518969,77.79248,
912877624513,3,318.9653,-23.751682,77.69654,
912887634279,3,318.9562,-23.94643,77.605896,
912897644044,3,318.94998,-24.185192,77.56583,
912907684328,3,318.89124,-24.378277,77.561386,
912917694093,3,318.77298,-24.492874,77.56984,
912927703859,3,318.49176,-24.385874,77.54729,
912937713625,3,317.84467,-23.81461,77.473564,
912947723390,3,316.94797,-22.888222,77.34812,
912957763673,3,315.96942,-21.797068,77.184265,
912967773439,3,314.9359,-20.595222,76.963295,
912977783205,3,313.9804,-19.461388,76.69131,
912987823488,3,313.17947,-18.525448,76.40175,
912997833253,3,312.51596,-17.816133,76.15019,
913007843019,3,312.05588,-17.425022,75.987976,
913017883302,3,311.80627,-17.351768,75.8721,
913027893068,3,311.60318,-17.3743,75.73056,
913037902833,3,311.39178,-17.367765,75.52335,
913047912599,3,311.18335,-17.304447,75.23892,
913057922365,3,310.9825,-17.200592,74.87678,
913067962648,3,310.84924,-17.151371,74.478134,
913077972413,3,310.71057,-17.127567,74.086395,
913088012697,3,310.48813,-17.070538,73.74494,
913098022462,3,310.22476,-17.032217,73.52215,
913108062745,3,309.92645,-16.989899,73.42866,
913118072511,3,309.59485,-16.919386,73.44198,
913128082277,3,309.245,-16.799961,73.53923,
913138092042,3,308.9071,-16.631256,73.69592,
913148101808,3,308.62128,-16.45164,73.87198,
913158111574,3,308.3699,-16.255741,74.0472,
913168151857,3,308.1538,-16.069729,74.20797,
913178161622,3,308.0106,-15.954664,74.35019,
913188171388,3,307.9688,-15.958479,74.4878,
913198211671,3,308.0401,-16.102728,74.629616,
913208190919,3,308.2241,-16.386646,74.781746,
913218231202,3,308.4749,-16.754,74.95338,
913228240968,3,308.77258,-17.171173,75.15069,
913238281251,3,309.1101,-17.629364,75.38728,
913248291017,3,309.46796,-18.108192,75.65382,
913258331300,3,309.8227,-18.586756,75.93371,
913268341066,3,310.12567,-19.024527,76.22546,
913278350831,3,310.33417,-19.378468,76.53445,
913288360597,3,310.3916,-19.583178,76.87154,
913298400880,3,310.27707,-19.601961,77.24248,
913308410646,3,309.9429,-19.367325,77.62572,
913318420412,3,309.51978,-19.002968,78.004265,
913328430177,3,309.10593,-18.615225,78.37303,
913338470460,3,308.7755,-18.302149,78.73804,
913348480226,3,308.56146,-18.12085,79.10789,
913358489992,3,308.43396,-18.057447,79.48495,
913368530275,3,308.34122,-18.071226,79.845566,
913378540041,3,308.19153,-18.065193,80.18262,
913388580324,3,308.03763,-18.086582,80.50711,
913398590090,3,307.80624,-18.048819,80.82626,
913408599855,3,307.66144,-18.096033,81.12026,
913418640138,3,307.62265,-18.232136,81.334625,
913428649904,3,307.76895,-18.547066,81.473915,
913438629152,3,307.97437,-18.945513,81.58114,
913448669435,3,308.35712,-19.556683,81.68473,
913458679201,3,308.9007,-20.365667,81.79077,
913468688966,3,309.44852,-21.208044,81.91551,
913478729250,3,309.86752,-21.93201,82.04463,
913488739015,3,310.18137,-22.516283,82.1513,
913498779298,3,310.31305,-22.844498,82.22989,
913508819582,3,310.237,-22.877146,82.26934,
913519012453,3,309.86935,-22.544773,82.25301,
913528839113,3,309.3139,-21.980711,82.19631,
913538848878,3,308.627,-21.280392,82.08622,
913548889162,3,307.87112,-20.52244,81.95577,
913558898927,3,307.15353,-19.827604,81.827644,
913568908693,3,306.66107,-19.38986,81.755356,
913578948976,3,306.3702,-19.17953,81.7368,
913588958742,3,306.20288,-19.096214,81.74797,
913598968507,3,305.9955,-18.965311,81.75411,
913609008790,3,305.68066,-18.71191,81.77276,
913619018556,3,305.36334,-18.441257,81.79795,
913629241945,3,305.14795,-18.267862,81.81228,
913639221193,3,305.14545,-18.307074,81.81568,
913649261476,3,305.26685,-18.479677,81.80116,
913659088136,3,305.49216,-18.772976,81.76317,
913669097902,3,305.72885,-19.096916,81.7036,
913679107667,3,305.8925,-19.368269,81.63303,
913689147951,3,305.97357,-19.574364,81.56944,
913699127199,3,306.02014,-19.759378,81.51895,
913709167482,3,306.0714,-19.946894,81.48563,
913719207765,3,306.1197,-20.117533,81.47571,
913729217531,3,306.28217,-20.383705,81.48978,
913739410402,3,306.5341,-20.721207,81.52975,
913749450685,3,306.9057,-21.156319,81.58292,
913759246828,3,307.3657,-21.65617,81.63325,
913769287111,3,307.8945,-22.202875,81.67336,
913779266359,3,308.49316,-22.808481,81.68577,
913789306642,3,309.02,-23.334806,81.67818,
913799316408,3,309.416,-23.733126,81.64398,
913809356691,3,309.60315,-23.928995,81.59922,
913819396974,3,309.6918,-24.03737,81.55701,
913829620363,3,309.73047,-24.109213,81.533455,
913839599611,3,309.7741,-24.187393,81.54058,
913849456788,3,309.86337,-24.291027,81.577156,
913859436037,3,309.8383,-24.238102,81.64958,
913869476320,3,309.69278,-24.0027,81.761734,
913879486085,3,309.5731,-23.724789,81.900665,
913889495851,3,309.6505,-23.587898,82.02563,
913899536134,3,309.94992,-23.646896,82.087135,
913909545900,3,310.57568,-24.060265,82.05574,
913919586183,3,311.33807,-24.688437,81.93959,
913929565431,3,312.11267,-25.444735,81.77711,
913939605714,3,312.82797,-26.263115,81.59528,
913949645998,3,313.57254,-27.20907,81.4076,
913959655763,3,314.20944,-28.097752,81.220184,
913969665529,3,314.72412,-28.86419,81.07236,
913979675294,3,315.061,-29.400133,80.98167,
913989715578,3,315.1446,-29.584127,80.95708,
913999725343,3,315.0787,-29.49895,80.98622,
914009735109,3,314.88153,-29.163754,81.05614,
914019744874,3,314.38562,-28.434334,81.097885,
914029785158,3,313.6631,-27.43971,81.09892,
914039794923,3,312.7385,-26.274347,81.04777,
914049804689,3,311.66083,-25.060238,81.01668,
914059814455,3,310.54852,-23.948425,81.06805,
914069854738,3,309.4598,-22.972052,81.204895,
914079864504,3,308.53943,-22.220106,81.36086,
914089874269,3,307.74072,-21.58483,81.47744,
914099914552,3,307.0636,-21.027845,81.49537,
914109954836,3,306.57355,-20.616655,81.38264,
914119964601,3,306.21228,-20.328283,81.167404,
914129974367,3,305.82544,-20.0546,80.880936,
914140014650,3,305.33926,-19.75248,80.58926,
914150024416,3,304.65295,-19.32239,80.353676,
914160034181,3,303.86072,-18.82212,80.194565,
914170043947,3,302.97455,-18.20668,80.1214,
914180053713,3,302.11545,-17.543613,80.11853,
914190093996,3,301.34885,-16.87103,80.13012,
914200103761,3,300.7121,-16.229794,80.13829,
914210113527,3,300.21262,-15.659362,80.11702,
914220123293,3,299.8192,-15.17945,80.08579,
914230163576,3,299.55222,-14.857547,80.02673,
914240173341,3,299.3841,-14.700224,79.95298,
914250213625,3,299.37564,-14.787255,79.87756,
914260192873,3,299.57816,-15.1599245,79.82308,
914270233156,3,299.93985,-15.743163,79.7862,
914280242921,3,300.44385,-16.489605,79.777534,
914290283205,3,301.03592,-17.311823,79.790245,
914300292970,3,301.6793,-18.148941,79.82668,
914310272218,3,302.3182,-18.930824,79.88447,
914320312502,3,302.95694,-19.662016,79.95837,
914330322267,3,303.52106,-20.281712,80.01727,
914340362550,3,303.99222,-20.785328,80.06073,
914350372316,3,304.33905,-21.15711,80.09503,
914360382082,3,304.57654,-21.430252,80.12219,
914370391847,3,304.77075,-21.68217,80.15593,
914380432130,3,304.9941,-21.992977,80.195564,
914390441896,3,305.3305,-22.44864,80.24458,
914400451662,3,305.80093,-23.06259,80.30613,
914410491945,3,306.29745,-23.722227,80.376305,
914420501710,3,306.7907,-24.386328,80.44422,
914430511476,3,307.2048,-24.96555,80.502014,
914440551759,3,307.45242,-25.356739,80.52014,
914450592042,3,307.64157,-25.66258,80.50968,
914460601808,3,307.75687,-25.880068,80.478455,
914470611574,3,307.83533,-26.064362,80.43651,
914480621339,3,307.88763,-26.243195,80.37163,
914490661622,3,307.86478,-26.383047,80.29374,
914500671388,3,307.70618,-26.43251,80.23644,
914510742189,3,307.51657,-26.495628,80.202065,
914520721437,3,307.35413,-26.607803,80.2103,
914530731202,3,307.10455,-26.622643,80.24908,
914540740968,3,306.75186,-26.495855,80.325264,
914550781251,3,306.29083,-26.191399,80.41692,
914560791017,3,305.71564,-25.66842,80.49043,
914570800783,3,305.11963,-25.022785,80.489525,
914580810548,3,304.49323,-24.274246,80.425705,
914590850831,3,303.90186,-23.537786,80.24426,
914600860597,3,303.27167,-22.79143,80.019646,
914610870363,3,302.4881,-21.958559,79.78781,
914620880128,3,301.82,-21.328974,79.57561,
914630920412,3,301.1355,-20.765446,79.41485,
914640930177,3,300.5171,-20.327778,79.30346,
914650970460,3,300.02823,-20.035841,79.20572,
914660980226,3,299.67294,-19.865807,79.12086,
914670989992,3,299.3253,-19.674149,79.02438,
914680999757,3,298.99417,-19.4615,78.90728,
914691040041,3,298.74982,-19.287148,78.753876,
914701049806,3,298.71457,-19.280478,78.56576,
914711059572,3,298.71396,-19.29018,78.36756,
914721069337,3,298.81308,-19.415415,78.166405,
914731079103,3,298.954,-19.610174,77.99863,
914741119386,3,299.0366,-19.779566,77.86459,
914751159670,3,299.06186,-19.921362,77.77421,
914761169435,3,299.0165,-20.010378,77.751396,
914771179201,3,298.94434,-20.074736,77.77982,
914781188966,3,298.82947,-20.086226,77.87312,
914791198732,3,298.74738,-20.113457,78.001755,
914801208498,3,298.7477,-20.199974,78.1587,
914811248781,3,298.80896,-20.321589,78.32362,
914821258547,3,298.90216,-20.449518,78.49599,
914831268312,3,299.04837,-20.60559,78.66857,
914841308595,3,299.2107,-20.75576,78.81006,
914851318361,3,299.42957,-20.95203,78.915634,
914861358644,3,299.78268,-21.294859,78.96303,
914871368410,3,300.28345,-21.82102,78.93979,
914881378175,3,300.91837,-22.531563,78.842674,
914891387941,3,301.5547,-23.288872,78.70855,
914901428224,3,302.1655,-24.04443,78.56478,
914911468507,3,302.75165,-24.791887,78.4404,
914921447755,3,303.3,-25.518896,78.37342,
914931457521,3,303.85242,-26.252335,78.39885,
914941528322,3,304.40332,-26.957342,78.53209,
914951507570,3,304.92337,-27.582294,78.78239,
914961547853,3,305.4862,-28.204548,79.10008,
914971557619,3,306.12857,-28.85296,79.441055,
914981567384,3,306.8586,-29.538363,79.74284,
914991638185,3,307.68787,-30.298183,79.962105,
915001586916,3,308.419,-30.967672,80.067085,
915011596681,3,309.05197,-31.5818,80.06613,
915021667482,3,309.59143,-32.178127,79.97925,
915031677248,3,309.98666,-32.73554,79.86671,
915041687013,3,310.3776,-33.391205,79.78238,
915051727296,3,310.68152,-34.015102,79.73839,
915061767579,3,310.7782,-34.421593,79.741234,
915071746828,3,310.70642,-34.579777,79.774284,
915081756593,3,310.4239,-34.38959,79.826546,
915091766359,3,309.8322,-33.72629,79.87498,
915101806642,3,309.0073,-32.683544,79.93667,
915111816408,3,307.95566,-31.317926,79.99578,
915121826173,3,306.65985,-29.675379,80.03885,
915131866456,3,305.25015,-27.959127,80.0865,
915141845705,3,303.78152,-26.27296,80.172165,
915151885988,3,302.4733,-24.851667,80.30283,
915161895753,3,301.5365,-23.87702,80.43918,
915171936037,3,300.903,-23.21649,80.511856,
915181945802,3,300.4624,-22.723188,80.46504,
915191955568,3,300.1791,-22.365847,80.291695,
915201995851,3,300.07114,-22.200943,80.022514,
915212005617,3,300.04327,-22.180128,79.683136,
915222015382,3,299.938,-22.171024,79.34791,
915232055665,3,299.77075,-22.180555,79.04093,
915242065431,3,299.46738,-22.103107,78.8016,
915252105714,3,298.9904,-21.857246,78.65822,
915262115480,3,298.36008,-21.437737,78.63507,
915272125245,3,297.60794,-20.842043,78.72118,
915282135011,3,296.84714,-20.155472,78.89697,
915292144777,3,296.0881,-19.377491,79.09308,
915302185060,3,295.4121,-18.605747,79.25966,
915312194825,3,294.8013,-17.857065,79.361755,
915322235109,3,294.3201,-17.236555,79.41028,
915332244874,3,293.93195,-16.74752,79.41503,
915342254640,3,293.654,-16.430017,79.40773,
915352478029,3,293.47354,-16.278784,79.40472,
915362335207,3,293.46823,-16.362288,79.42426,
915372314455,3,293.60938,-16.632559,79.48502,
915382324220,3,293.87823,-17.049568,79.589355,
915392333986,3,294.20032,-17.515915,79.718704,
915402374269,3,294.4989,-17.934855,79.88378,
915412414552,3,294.6989,-18.216383,80.0674,
915422393800,3,294.8065,-18.358706,80.266174,
915432403566,3,294.8181,-18.376966,80.454,
915442443849,3,294.83832,-18.396837,80.61035,
915452453615,3,294.97922,-18.548994,80.71498,
915462463380,3,295.23462,-18.84649,80.79829,
915472473146,3,295.58612,-19.277092,80.87575,
915482513429,3,295.988,-19.790201,80.96722,
915492523195,3,296.43372,-20.358377,81.056,
915502532960,3,296.9169,-20.959494,81.14195,
915512573244,3,297.2981,-21.446182,81.22249,
915522583009,3,297.69278,-21.935814,81.28542,
915532592775,3,298.06445,-22.402245,81.3159,
915542663576,3,298.4737,-22.927431,81.28693,
915552642824,3,298.81146,-23.417994,81.21598,
915562683107,3,299.11945,-23.93431,81.11208,
915572692873,3,299.25757,-24.339725,81.03691,
915582702638,3,299.24033,-24.636047,81.01502,
915592773439,3,299.17258,-24.900331,81.05583,
915602752687,3,299.13358,-25.172815,81.11914,
915612762453,3,299.14832,-25.451551,81.15918,
915622772218,3,299.16684,-25.671648,81.15862,
915632812501,3,299.17188,-25.805166,81.08077,
915642822267,3,299.10773,-25.801645,80.90781,
915652832033,3,298.85703,-25.560839,80.68789,
915662841798,3,298.32617,-25.015368,80.44838,
915672882082,3,297.5459,-24.21406,80.23567,
915682891847,3,296.606,-23.25525,80.08916,
915692932130,3,295.56226,-22.189486,80.010735,
915702941896,3,294.50092,-21.095785,79.99583,
915712951662,3,293.5146,-20.068745,80.0222,
915722961427,3,292.67624,-19.19796,80.048,
915733001710,3,292.00928,-18.515194,80.02739,
915743011476,3,291.6224,-18.14005,79.92995,
915753051759,3,291.51102,-18.084925,79.7372,
915763061525,3,291.664,-18.333954,79.43674,
915773071290,3,291.99188,-18.787342,79.07049,
915783081056,3,292.33432,-19.281889,78.663246,
915793090822,3,292.57025,-19.69129,78.24874,
915803131105,3,292.6407,-19.944588,77.85101,
915813140871,3,292.52304,-20.000225,77.48956,
915823150636,3,292.2996,-19.922707,77.18653,
915833190919,3,291.97095,-19.694567,76.94912,
915843200685,3,291.61926,-19.388815,76.78476,
915853210451,3,291.2331,-19.00635,76.68308,
915863250734,3,290.8579,-18.611002,76.63183,
915873260499,3,290.5226,-18.255135,76.612076,
915883270265,3,290.26022,-17.986727,76.61473,
915893493654,3,290.12186,-17.86718,76.61856,
915903503419,3,290.10397,-17.902996,76.61287,
915913330079,3,290.16174,-18.05033,76.60055,
915923339845,3,290.27133,-18.282309,76.57943,
915933380128,3,290.43457,-18.590055,76.55657,
915943389894,3,290.62085,-18.926882,76.545555,
915953399660,3,290.84302,-19.292181,76.5483,
915963439943,3,291.094,-19.666103,76.55943,
915973449708,3,291.32733,-19.99669,76.57575,
915983703615,3,291.53595,-20.276035,76.59511,
915993682863,3,291.67725,-20.45826,76.63035,
916003692628,3,291.78613,-20.577742,76.68825,
916013519288,3,291.83725,-20.613323,76.75048,
916023529054,3,291.8781,-20.62176,76.809616,
916033569337,3,291.91278,-20.611893,76.854645,
916043579103,3,291.90002,-20.549608,76.88292,
916053588868,3,291.84558,-20.447392,76.91014,
916063598634,3,291.82596,-20.391226,76.95954,
916073638917,3,291.80835,-20.350615,77.01724,
916083648683,3,291.84018,-20.363312,77.06929,
916093658449,3,291.89374,-20.382488,77.10968,
916103668214,3,291.9012,-20.333763,77.14454,
916113708498,3,291.90613,-20.26305,77.17777,
916123718263,3,292.0176,-20.29672,77.18981,
916133728029,3,292.17172,-20.382418,77.17625,
916143768312,3,292.44052,-20.60528,77.1069,
916153778078,3,292.74265,-20.879974,76.98036,
916163787843,3,292.96375,-21.08148,76.80196,
916173828127,3,293.00818,-21.110817,76.58022,
916183837892,3,292.8777,-20.960405,76.35048,
916193847658,3,292.59802,-20.64316,76.13162,
916203887941,3,292.11273,-20.11071,76.04152,
916223907472,3,291.6762,-19.652672,76.1217,
916233917238,3,291.35648,-19.35959,76.35601,
916243957521,3,291.214,-19.274275,76.69408,
916253967287,3,291.17603,-19.272083,77.010345,
916263977052,3,291.2048,-19.275433,77.233284,
916274017336,3,291.2873,-19.274529,77.32843,
916284027101,3,291.3105,-19.19773,77.28575,
916294036867,3,291.3642,-19.201721,77.1201,
916304077150,3,291.30997,-19.198128,76.89912,
916314117433,3,291.05634,-19.115532,76.685104,
916324127199,3,290.55585,-18.8811,76.52363,
916334136964,3,289.88208,-18.514996,76.45451,
916344177248,3,289.0313,-17.93843,76.488106,
916354187013,3,288.1291,-17.209972,76.60457,
916364196779,3,287.1716,-16.28698,76.78601,
916374206544,3,286.2144,-15.234459,76.97326,
916384216310,3,285.36298,-14.20295,77.11885,
916394226076,3,284.5996,-13.232959,77.21232,
916404235841,3,284.0475,-12.509838,77.240074,
916414276125,3,283.68195,-12.053499,77.22741,
916424499513,3,283.46198,-11.844337,77.18596,
916434356691,3,283.40714,-11.906338,77.16097,
916444335939,3,283.46408,-12.157758,77.15345,
916454345705,3,283.6294,-12.551193,77.19166,
916464355470,3,283.9032,-13.044156,77.27859,
916474365236,3,284.25037,-13.569627,77.417694,
916484436037,3,284.6711,-14.105193,77.60128,
916494415285,3,285.1758,-14.661852,77.813866,
916504425050,3,285.79922,-15.287846,78.03839,
916514434816,3,286.44586,-15.906919,78.25704,
916524475099,3,287.18964,-16.619429,78.4746,
916534484865,3,287.97382,-17.375675,78.68411,
916544494630,3,288.68768,-18.085197,78.87167,
916554534913,3,289.36288,-18.782763,79.040245,
916564544679,3,289.95612,-19.427023,79.198715,
916574554445,3,290.446,-19.998913,79.379326,
916584594728,3,290.88132,-20.54804,79.57113,
916594604494,3,291.29285,-21.075886,79.76933,
916604614259,3,291.76022,-21.633698,79.964966,
916614654542,3,292.36798,-22.294514,80.11979,
916624664308,3,293.00568,-22.955727,80.22071,
916634674074,3,293.6102,-23.582201,80.2728,
916644683839,3,293.97903,-23.998734,80.27042,
916654937745,3,294.13712,-24.24592,80.246155,
916664794923,3,294.05554,-24.307558,80.229256,
916674774171,3,293.77917,-24.225266,80.278946,
916684783937,3,293.4183,-24.085508,80.39483,
916694824220,3,293.07193,-23.94639,80.557304,
916704833986,3,292.66617,-23.700565,80.756226,
916714874269,3,292.32855,-23.452682,80.96021,
916724884035,3,292.1589,-23.309692,81.14049,
916734863283,3,292.10568,-23.233936,81.253624,
916744934084,3,292.01477,-23.10491,81.25693,
916754913331,3,291.80927,-22.890387,81.17884,
916764953615,3,291.3976,-22.532099,81.03788,
916774993898,3,290.87207,-22.123722,80.877014,
916784973146,3,290.32785,-21.741356,80.72886,
916795013429,3,289.82132,-21.410881,80.60384,
916805023195,3,289.5067,-21.26236,80.46517,
916815032960,3,289.3853,-21.282757,80.30568,
916825042726,3,289.31793,-21.338535,80.12458,
916835083009,3,289.2441,-21.399137,79.9227,
916845092775,3,289.15967,-21.483166,79.723656,
916855133058,3,288.9519,-21.486288,79.53668,
916865142824,3,288.68576,-21.475645,79.387505,
916875152590,3,288.4021,-21.474361,79.26312,
916885162355,3,288.0986,-21.455633,79.17603,
916895202638,3,287.7806,-21.4053,79.13121,
916905212404,3,287.4679,-21.331087,79.1371,
916915222170,3,287.2172,-21.287254,79.198265,
916925231935,3,287.0086,-21.252962,79.284676,
916935272218,3,286.8473,-21.242863,79.387375,
916945281984,3,286.74017,-21.268375,79.49642,
916955291750,3,286.6667,-21.317757,79.59543,
916965332033,3,286.66638,-21.445545,79.667854,
916975341798,3,286.67322,-21.583118,79.72257,
916985382082,3,286.6803,-21.728014,79.75806,
916995391847,3,286.73483,-21.926897,79.792404,
917005401613,3,286.88782,-22.222982,79.82423,
917015411378,3,287.14938,-22.619293,79.85487,
917025451662,3,287.3927,-22.99291,79.87055,
917035491945,3,287.72653,-23.449575,79.88034,
917045471193,3,288.0693,-23.909637,79.87603,
917055511476,3,288.4593,-24.415382,79.87035,
917065521242,3,288.84903,-24.92108,79.88652,
917075531007,3,289.26407,-25.445059,79.93385,
917085540773,3,289.68707,-25.949446,80.0096,
917095550539,3,290.08136,-26.378483,80.11853,
917105590822,3,290.3264,-26.601582,80.22063,
917115600587,3,290.5145,-26.719223,80.30118,
917125610353,3,290.67307,-26.774078,80.32968,
917135650636,3,290.91443,-26.911598,80.301094,
917145660402,3,291.22696,-27.154737,80.21807,
917155670167,3,291.61597,-27.538843,80.09099,
917165710451,3,291.99313,-27.98493,79.93702,
917175720216,3,292.44885,-28.575657,79.77345,
917185729982,3,292.84247,-29.138397,79.62396,
917195739748,3,293.08792,-29.54493,79.50063,
917205780031,3,293.07837,-29.642622,79.38696,
917215820314,3,292.78455,-29.352947,79.28224,
917225830079,3,292.11,-28.555218,79.207726,
917235839845,3,291.2422,-27.446976,79.17742,
917245849611,3,290.15106,-26.024181,79.18318,
917255859376,3,289.03354,-24.540745,79.20118,
917265869142,3,287.87872,-23.05285,79.23354,
917275909425,3,286.7875,-21.713264,79.30732,
917285919191,3,285.8186,-20.598148,79.42966,
917295928956,3,285.0475,-19.76372,79.56478,
917305938722,3,284.49634,-19.190207,79.65769,
917316009523,3,284.0407,-18.718697,79.64597,
917325988771,3,283.65097,-18.31636,79.51835,
917335998537,3,283.43036,-18.104336,79.2888,
917346008302,3,283.25766,-17.98369,79.00234,
917356079103,3,283.03354,-17.865345,78.72345,
917366088868,3,282.71478,-17.69665,78.496704,
917376129152,3,282.32477,-17.477482,78.3409,
917386138917,3,281.87103,-17.176996,78.265434,
917396148683,3,281.4495,-16.853518,78.23223,
917406158449,3,281.04556,-16.467583,78.21963,
917416168214,3,280.7627,-16.124987,78.18475,
917426208498,3,280.56076,-15.799857,78.116196,
917436187745,3,280.47012,-15.558611,78.02395,
917446197511,3,280.51035,-15.456492,77.89364,
917456237794,3,280.68307,-15.523896,77.745834,
917466247560,3,280.91324,-15.697162,77.59567,
917476257325,3,281.2123,-15.997639,77.45494,
917486297609,3,281.57806,-16.418167,77.34248,
917496337892,3,281.97452,-16.905806,77.265564,
917506347658,3,282.3924,-17.438452,77.22124,
917516357423,3,282.83682,-18.005402,77.2107,
917526367189,3,283.312,-18.60705,77.23616,
917536376955,3,283.77563,-19.185179,77.286156,
917546417238,3,284.21985,-19.727135,77.33725,
917556427004,3,284.67337,-20.259497,77.38744,
917566436769,3,285.08102,-20.727621,77.42313,
917576446535,3,285.4759,-21.175087,77.44513,
917586456300,3,285.84772,-21.604856,77.45067,
917596527101,3,286.13794,-21.98084,77.44895,
917606536867,3,286.323,-22.282158,77.45706,
917616577150,3,286.43683,-22.54975,77.471695,
917626586916,3,286.49622,-22.793596,77.52136,
917636596681,3,286.56982,-23.069138,77.5922,
917646606447,3,286.5976,-23.298582,77.67134,
917656616213,3,286.5549,-23.435339,77.74232,
917666687013,3,286.46768,-23.491665,77.760635,
917676696779,3,286.3543,-23.49549,77.718056,
917686706544,3,286.21207,-23.46262,77.64979,
917696716310,3,285.9756,-23.343353,77.56046,
917706756593,3,285.6788,-23.189844,77.48037,
917716766359,3,285.3559,-23.051313,77.4336,
917726776125,3,285.06107,-22.986652,77.45044,
917736785890,3,284.81006,-23.013111,77.52969,
917746795656,3,284.69748,-23.20604,77.66305,
917756805421,3,284.7729,-23.594336,77.83308,
917766815187,3,285.0387,-24.147947,77.98839,
917776855470,3,285.52316,-24.874088,78.08999,
917786865236,3,285.961,-25.502405,78.10771,
917796936037,3,286.19827,-25.875061,78.01556,
917806915285,3,286.17856,-25.934423,77.84572,
917816925050,3,285.96454,-25.767786,77.57557,
917826934816,3,285.59088,-25.428085,77.28294,
917836975099,3,285.10095,-24.98796,77.01508,
917846984865,3,284.5986,-24.578226,76.79833,
917857025148,3,284.06384,-24.184174,76.59937,
917867034913,3,283.49185,-23.785925,76.41765,
917877044679,3,282.8443,-23.336687,76.25233,
917887054445,3,282.2166,-22.917469,76.11458,
917897094728,3,281.5674,-22.473427,75.9993,
917907104494,3,280.87497,-21.980341,75.90664,
917917144777,3,280.19943,-21.488405,75.84051,
917927154542,3,279.5072,-20.957228,75.782745,
917937164308,3,278.8512,-20.428484,75.73884,
917947174074,3,278.22897,-19.897291,75.719345,
917957183839,3,277.6972,-19.443798,75.74631,
917967193605,3,277.2757,-19.099516,75.81738,
917977233888,3,276.952,-18.85933,75.91296,
917987243654,3,276.8045,-18.82168,76.043365,
917997283937,3,276.7799,-18.932728,76.19123,
918007263185,3,276.8594,-19.176245,76.3432,
918017303468,3,277.01086,-19.518908,76.49058,
918027313234,3,277.24524,-19.9686,76.621574,
918037322999,3,277.57147,-20.526,76.758286,
918047363283,3,277.95026,-21.14043,76.89215,
918057373048,3,278.36755,-21.782755,77.02933,
918067382814,3,278.79636,-22.414366,77.165634,
918077392579,3,279.1781,-22.959894,77.299385,
918087432863,3,279.52957,-23.42603,77.43505,
918097442628,3,279.75174,-23.698511,77.550545,
918107452394,3,279.94876,-23.881996,77.651764,
918117492677,3,280.10184,-23.957651,77.7466,
918127502443,3,280.18732,-23.920525,77.84354,
918137542726,3,280.22107,-23.799006,77.95849,
918147552492,3,280.21423,-23.62604,78.09234,
918157562257,3,280.15646,-23.402592,78.23666,
918167572023,3,280.15497,-23.243814,78.37575,
918177612306,3,280.2088,-23.147715,78.51285,
918187622072,3,280.28412,-23.072721,78.66002,
918197631837,3,280.38416,-23.017374,78.82241,
918207641603,3,280.4828,-22.956326,78.99056,
918217681886,3,280.59058,-22.901745,79.156105,
918227691652,3,280.7623,-22.917238,79.31235,
918237731935,3,281.05624,-23.06981,79.4738,
918247711183,3,281.47974,-23.378952,79.62607,
918257751466,3,282.03094,-23.84717,79.800896,
918267791750,3,282.59076,-24.34019,80.03755,
918277770998,3,283.21722,-24.901333,80.32163,
918287811281,3,283.79413,-25.411556,80.57569,
918297821047,3,284.28024,-25.835766,80.74815,
918307830812,3,284.6435,-26.13533,80.81675,
918317871095,3,284.7243,-26.14843,80.75771,
918327880861,3,284.4426,-25.804077,80.61556,
918337921144,3,283.7991,-25.120468,80.45756,
918347930910,3,282.87494,-24.201885,80.32228,
918357940675,3,281.78152,-23.157965,80.22175,
918367950441,3,280.58026,-22.038399,80.144135,
918377990724,3,279.38223,-20.92856,80.06577,
918388000490,3,278.312,-19.928413,79.9935,
918398040773,3,277.33893,-18.97234,79.888275,
918408050539,3,276.42743,-18.011515,79.75366,
918418060304,3,275.45602,-16.957466,79.55227,
918428070070,3,274.3848,-15.789271,79.32374,
918438110353,3,273.37833,-14.702957,79.069824,
918448120119,3,272.4465,-13.7093,78.81681,
918458160402,3,271.6412,-12.860019,78.57854,
918468170167,3,271.01657,-12.202375,78.3568,
918478179933,3,270.58615,-11.7634,78.15557,
918488159181,3,270.26434,-11.475298,77.95628,
918498229982,3,269.98517,-11.297854,77.75608,
918508239748,3,269.78647,-11.264232,77.567184,
918518249513,3,269.69296,-11.392971,77.36648,
918528259279,3,269.73846,-11.694584,77.179726,
918538269044,3,269.8664,-12.090491,77.01596,
