1394397856193,$GPGSV,5,1,18,14,28,115,,16,21,198,,20,36,288,,23,16,303,*79
1394397856193,$GPGSV,5,2,18,25,21,043,,29,16,077,,31,69,025,,32,52,233,*76
1394397856194,$GPGSV,5,3,18,78,59,014,,70,00,000,,86,02,002,,77,14,047,*7F
1394397856194,$GPGSV,5,4,18,79,47,261,,69,49,312,,88,05,098,,87,12,052,*74
1394397856194,$GPGSV,5,5,18,67,12,164,,68,61,195,*75
1394397856195,$GPGSA,A,1,,,,,,,,,,,,,,,*1E
1394397856195,$GPVTG,,T,,M,,N,,K,N*2C
1394397856195,$GPRMC,,V,,,,,,,,,,N*53
1394397856195,$GPGGA,,,,,,0,,,,,,,,*66
1394397856439,$GPGSA,A,1,,,,,,,,,,,,,,,*1E
1394397856439,$GPVTG,,T,,M,,N,,K,N*2C
1394397856439,$GPRMC,,V,,,,,,,,,,N*53
1394397856440,$GPGGA,,,,,,0,,,,,,,,*66
1394397857195,$GPGSV,5,1,19,14,28,115,,16,21,198,,20,36,288,,23,16,303,*78
1394397857195,$GPGSV,5,2,19,25,21,043,,29,16,077,,31,69,025,,32,52,233,*77
1394397857195,$GPGSV,5,3,19,78,59,014,,70,00,000,,86,02,002,,77,13,047,*79
1394397857195,$GPGSV,5,4,19,80,00,000,,79,47,262,,69,49,312,,88,05,098,*75
1394397857195,$GPGSV,5,5,19,87,12,052,,67,12,164,,68,61,195,*4F
1394397857196,$GPGSA,A,1,,,,,,,,,,,,,,,*1E
1394397857197,$GPVTG,,T,,M,,N,,K,N*2C
1394397857197,$GPRMC,,V,,,,,,,,,,N*53
1394397857197,$GPGGA,,,,,,0,,,,,,,,*66
1394397857439,$GPGSA,A,1,,,,,,,,,,,,,,,*1E
1394397857440,$GPVTG,,T,,M,,N,,K,N*2C
1394397857440,$GPRMC,,V,,,,,,,,,,N*53
1394397857440,$GPGGA,,,,,,0,,,,,,,,*66
1394397858194,$GPGSV,5,1,19,14,28,115,,16,21,198,,20,36,288,,23,16,303,*78
1394397858195,$GPGSV,5,2,19,25,21,043,,29,16,077,,31,69,025,,32,52,233,*77
1394397858196,$GPGSV,5,3,19,78,59,014,,70,00,000,,86,02,002,,77,13,047,*79
1394397858196,$GPGSV,5,4,19,80,00,000,,79,47,262,,69,49,312,,88,05,098,*75
1394397858196,$GPGSV,5,5,19,87,12,052,,67,12,164,,68,61,195,*4F
1394397858196,$GPGSA,A,1,,,,,,,,,,,,,,,*1E
1394397858196,$GPVTG,,T,,M,,N,,K,N*2C
1394397858199,$GPRMC,,V,,,,,,,,,,N*53
1394397858200,$GPGGA,,,,,,0,,,,,,,,*66
1394397858439,$GPGSA,A,1,,,,,,,,,,,,,,,*1E
1394397858439,$GPVTG,,T,,M,,N,,K,N*2C
1394397858439,$GPRMC,,V,,,,,,,,,,N*53
1394397858440,$GPGGA,,,,,,0,,,,,,,,*66
1394397859193,$GPGSV,5,1,19,14,28,115,,16,21,198,,20,36,288,,23,16,303,*78
1394397859193,$GPGSV,5,2,19,25,21,043,,29,16,077,,31,69,025,,32,52,233,*77
1394397859194,$GPGSV,5,3,19,78,59,014,,70,00,000,,86,02,002,,77,13,047,*79
1394397859194,$GPGSV,5,4,19,80,00,000,,79,47,262,,69,49,312,,88,05,098,*75
1394397859194,$GPGSV,5,5,19,87,12,052,,67,12,164,,68,61,195,*4F
1394397859194,$GPGSA,A,1,,,,,,,,,,,,,,,*1E
1394397859194,$GPVTG,,T,,M,,N,,K,N*2C
1394397859194,$GPRMC,,V,,,,,,,,,,N*53
1394397859194,$GPGGA,,,,,,0,,,,,,,,*66
1394397859439,$GPGSA,A,1,,,,,,,,,,,,,,,*1E
1394397859440,$GPVTG,,T,,M,,N,,K,N*2C
1394397859440,$GPRMC,,V,,,,,,,,,,N*53
1394397859440,$GPGGA,,,,,,0,,,,,,,,*66
1394397860194,$GPGSV,5,1,19,14,28,115,,16,21,198,,20,36,288,,23,16,303,*78
1394397860194,$GPGSV,5,2,19,25,21,043,,29,16,077,,31,69,025,,32,52,233,*77
1394397860194,$GPGSV,5,3,19,78,59,014,,70,00,000,,86,02,002,,77,13,047,*79
1394397860194,$GPGSV,5,4,19,80,00,000,,79,47,262,,69,49,312,,88,05,098,*75
1394397860194,$GPGSV,5,5,19,87,12,052,,67,12,164,,68,61,195,*4F
1394397860195,$GPGSA,A,1,,,,,,,,,,,,,,,*1E
1394397860195,$GPVTG,,T,,M,,N,,K,N*2C
1394397860195,$GPRMC,,V,,,,,,,,,,N*53
1394397860196,$GPGGA,,,,,,0,,,,,,,,*66
1394397860439,$GPGSA,A,1,,,,,,,,,,,,,,,*1E
1394397860440,$GPVTG,,T,,M,,N,,K,N*2C
1394397860440,$GPRMC,,V,,,,,,,,,,N*53
1394397860440,$GPGGA,,,,,,0,,,,,,,,*66
1394397861193,$GPGSV,5,1,19,14,28,115,,16,21,198,,20,36,288,,23,16,303,*78
1394397861194,$GPGSV,5,2,19,25,21,043,,29,16,077,,31,69,025,,32,52,233,*77
1394397861194,$GPGSV,5,3,19,78,59,014,,70,00,000,,86,02,002,,77,13,047,*79
1394397861196,$GPGSV,5,4,19,80,00,000,,79,47,262,,69,49,312,,88,05,098,*75
1394397861197,$GPGSV,5,5,19,87,12,052,,67,12,164,,68,61,195,*4F
1394397861197,$GPGSA,A,1,,,,,,,,,,,,,,,*1E
1394397861197,$GPVTG,,T,,M,,N,,K,N*2C
1394397861197,$GPRMC,,V,,,,,,,,,,N*53
1394397861197,$GPGGA,,,,,,0,,,,,,,,*66
1394397861440,$GPGSA,A,1,,,,,,,,,,,,,,,*1E
1394397861440,$GPVTG,,T,,M,,N,,K,N*2C
1394397861440,$GPRMC,,V,,,,,,,,,,N*53
1394397861440,$GPGGA,,,,,,0,,,,,,,,*66
1394397862194,$GPGSV,5,1,19,14,28,115,,16,21,198,,20,36,288,,23,16,303,*78
1394397862194,$GPGSV,5,2,19,25,21,043,,29,16,077,,31,69,025,,32,52,233,*77
1394397862195,$GPGSV,5,3,19,78,59,014,,70,00,000,,86,02,002,,77,13,047,*79
1394397862196,$GPGSV,5,4,19,80,00,000,,79,47,262,,69,49,312,,88,05,098,*75
1394397862196,$GPGSV,5,5,19,87,12,052,,67,12,164,,68,61,195,*4F
1394397862197,$GPGSA,A,1,,,,,,,,,,,,,,,*1E
1394397862197,$GPVTG,,T,,M,,N,,K,N*2C
1394397862197,$GPRMC,,V,,,,,,,,,,N*53
1394397862198,$GPGGA,,,,,,0,,,,,,,,*66
1394397862440,$GPGSA,A,1,,,,,,,,,,,,,,,*1E
1394397862441,$GPVTG,,T,,M,,N,,K,N*2C
1394397862441,$GPRMC,,V,,,,,,,,,,N*53
1394397862441,$GPGGA,,,,,,0,,,,,,,,*66
1394397863196,$GPGSV,5,1,19,14,28,115,,16,21,198,,20,36,288,,23,16,303,*78
1394397863196,$GPGSV,5,2,19,25,21,043,,29,16,077,,31,69,025,,32,52,233,*77
1394397863197,$GPGSV,5,3,19,78,59,014,,70,00,000,,86,02,002,,77,13,047,*79
1394397863199,$GPGSV,5,4,19,80,00,000,,79,47,262,,69,49,312,,88,05,098,*75
1394397863199,$GPGSV,5,5,19,87,12,052,,67,12,164,,68,61,195,*4F
1394397863199,$GPGSA,A,1,,,,,,,,,,,,,,,*1E
1394397863199,$GPVTG,,T,,M,,N,,K,N*2C
1394397863201,$GPRMC,,V,,,,,,,,,,N*53
1394397863202,$GPGGA,,,,,,0,,,,,,,,*66
1394397863440,$GPGSA,A,1,,,,,,,,,,,,,,,*1E
1394397863440,$GPVTG,,T,,M,,N,,K,N*2C
1394397863440,$GPRMC,,V,,,,,,,,,,N*53
1394397863440,$GPGGA,,,,,,0,,,,,,,,*66
1394397864194,$GPGSV,5,1,19,14,28,115,,16,21,198,,20,36,288,,23,16,303,*78
1394397864194,$GPGSV,5,2,19,25,21,043,,29,16,077,,31,69,025,,32,52,233,*77
1394397864195,$GPGSV,5,3,19,78,59,014,,70,00,000,,86,02,002,,77,13,047,*79
1394397864196,$GPGSV,5,4,19,80,00,000,,79,47,262,,69,49,312,,88,05,098,*75
1394397864196,$GPGSV,5,5,19,87,12,052,,67,12,164,,68,61,195,*4F
1394397864197,$GPGSA,A,1,,,,,,,,,,,,,,,*1E
1394397864197,$GPVTG,,T,,M,,N,,K,N*2C
1394397864198,$GPRMC,,V,,,,,,,,,,N*53
1394397864198,$GPGGA,,,,,,0,,,,,,,,*66
1394397864440,$GPGSA,A,1,,,,,,,,,,,,,,,*1E
1394397864440,$GPVTG,,T,,M,,N,,K,N*2C
1394397864441,$GPRMC,,V,,,,,,,,,,N*53
1394397864441,$GPGGA,,,,,,0,,,,,,,,*66
