1396206137754269270,3,-0.30751204,-0.109399796,-0.09634256,
1396206137774410872,3,0.29226786,0.08909893,-0.12955809,
1396206137794491438,3,0.61748993,0.16527367,0.30817676,
1396206137814755110,3,0.28832513,0.009819031,0.31135082,
1396206137834835676,3,-0.15950704,-0.07482529,-0.008559704,
1396206137854977278,3,0.032880664,0.08152676,-0.70438147,
1396206137875118880,3,0.28666234,0.18385506,-0.67805576,
1396206137895229964,3,0.32745707,0.106040955,-0.5521865,
1396206137915463118,3,0.31446826,0.15291023,-0.4282353,
1396206137935543684,3,0.30835348,0.14403057,-0.38632655,
1396206137955685286,3,0.26654333,0.061839104,-0.19749808,
1396206137975826887,3,0.24314547,-0.0018758774,-0.027088404,
1396206137995999007,3,0.3265623,0.07411289,-0.060599327,
1396206138016171126,3,0.24091947,0.054121017,-0.5712483,
1396206138036221175,3,0.17673635,0.06811714,-0.7121699,
1396206138056454329,3,0.1935029,0.02508068,-0.4493823,
1396206138076534895,3,0.15396053,0.03919506,-0.29434967,
1396206138096676497,3,0.23136854,0.09967995,-0.47840357,
1396206138116879133,3,-0.010479212,0.010860443,-0.24204898,
1396206138136959700,3,-0.3607042,-0.0071496964,0.39495015,
1396206138157131819,3,0.19745535,0.22492313,0.292269,
1396206138177273421,3,0.35594973,0.30966377,-0.40483427,
1396206138197415022,3,0.10867378,0.18463707,-0.7884743,
1396206138217587141,3,-0.0068116486,0.28201866,-0.5151448,
1396206138237667708,3,0.116906464,0.48443985,-0.09042072,
1396206138257839827,3,0.055395633,0.42399025,0.101599455,
1396206138277950911,3,-0.08247909,0.34391212,0.15816689,
1396206138298092512,3,-0.26149973,0.10284042,0.10143995,
1396206138318295149,3,-0.24945182,0.003159523,0.20005918,
1396206138338583392,3,-0.19130152,-0.050940514,-0.055237055,
1396206138358816546,3,-0.26009497,-0.15853119,-0.18184066,
1396206138378866595,3,-0.5642745,-0.22809505,-0.08027911,
1396206138399008196,3,-0.8269961,-0.37607098,0.28529358,
1396206138419180315,3,-0.53320014,-0.28759098,0.46930933,
1396206138439260882,3,-0.061071992,-0.14439678,0.38446093,
1396206138459555071,3,0.19051573,-0.01931858,-0.12413788,
1396206138479574602,3,0.49465925,0.17702103,-0.49648905,
1396206138499716204,3,0.35686672,0.15182877,-0.79066205,
1396206138519918841,3,-0.26854926,0.036616325,-0.5737016,
1396206138539999407,3,-0.6750195,-0.21144867,0.5325136,
1396206138560110491,3,-0.5107587,-0.21509075,1.0668409,
1396206138580313128,3,-0.100320876,-0.05096054,0.43805528,
1396206138600454729,3,0.19747633,0.1567421,-0.30605507,
1396206138620657366,3,0.1433025,0.15525627,-0.8140745,
1396206138640707415,3,-0.13035983,-0.043489456,-0.9906521,
1396206138661032122,3,-0.15998313,-0.13902378,-0.72663116,
1396206138681021136,3,-0.0039375722,-0.08513832,-0.24384522,
1396206138701162737,3,0.21728233,-0.06585789,-0.09716964,
1396206138721304339,3,0.04941258,-0.098893166,-0.25758648,
1396206138741445940,3,-0.16992012,-0.18703175,-0.6656666,
1396206138761801165,3,-0.35001868,-0.26045418,-0.8466816,
1396206138781729143,3,-0.28208393,-0.18553638,-0.5471153,
1396206138801870745,3,-0.29473957,-0.18824005,-0.16086888,
1396206138822073382,3,-0.4312436,-0.20792103,9.2077255E-4,
1396206138842153948,3,-0.23679897,-0.08839512,-0.13394403,
1396206138862295550,3,-0.10664633,0.008890152,-0.5822978,
1396206138882437151,3,-0.06979221,0.08787346,-0.77973604,
1396206138902578753,3,0.0015623868,0.3708477,-0.7556851,
1396206138922720354,3,0.11202273,0.42420292,-0.67307234,
1396206138942861956,3,-0.0153592825,0.3596773,-0.6618676,
1396206139003256243,3,0.31644246,0.4888525,-0.6896055,
1396206139023458880,3,-0.17187226,0.23582649,-0.63626266,
1396206139043569964,3,-0.592104,0.07883644,-0.7149706,
1396206139063711565,3,-0.74267197,0.12689304,-0.9031496,
1396206139083822649,3,-0.7880671,0.19353676,-0.93094087,
1396206139103994768,3,-0.8653117,0.10084438,-0.6031754,
1396206139124197405,3,-0.80210626,0.17738914,-0.02898693,
1396206139144290983,3,-0.35994983,0.28053856,-0.065770626,
1396206139164402067,3,0.086100996,0.44563198,-0.16328526,
1396206139184543668,3,0.21085593,0.4132309,-0.17722368,
1396206139204685270,3,0.34457088,0.31124306,-0.068532944,
1396206139224887906,3,0.27483684,0.26725483,-0.2949171,
1396206139244937955,3,0.08960849,0.21592808,-0.88568044,
1396206139265110074,3,-0.22059292,0.028282166,-1.3180342,
1396206139285251676,3,-0.48990816,-0.2477026,-1.0765746,
1396206139305393278,3,-0.34667188,-0.28825855,-0.12336421,
1396206139325595914,3,0.33718538,-0.1624527,1.0254953,
1396206139345676481,3,0.412377,-0.23069096,1.5532799,
1396206139365848600,3,0.034409106,-0.36739445,1.1927717,
1396206139385959684,3,-0.074073255,-0.27966118,0.5783222,
1396206139406131803,3,0.2620265,-0.07104111,0.6897721,
1396206139426334440,3,0.52647877,0.0742197,1.0113695,
1396206139446415006,3,0.18046683,0.0726881,0.45897484,
1396206139466526090,3,-0.18843448,-0.030919075,-0.53288484,
1396206139486637174,3,-0.281873,-0.1660595,-1.1622028,
1396206139506839811,3,-0.052637815,-0.3400936,-0.8759599,
1396206139526981412,3,0.39473885,-0.43789005,0.16731668,
1396206139547123014,3,0.7591626,-0.47624397,0.9632087,
1396206139567234098,3,0.56920576,-0.60156155,0.84129286,
1396206139587345182,3,0.008345276,-0.8153124,0.06834197,
1396206139607517301,3,-0.16699466,-0.9224491,-0.3690803,
1396206139627719938,3,0.019759059,-0.5884037,-0.50925636,
1396206139647861539,3,0.44631168,-0.22079754,-0.5452962,
1396206139667942106,3,0.7708053,0.0335083,-0.49897337,
1396206139688053190,3,0.4239048,-0.041056633,-0.40849304,
1396206139708225309,3,-0.049441308,-0.24627495,-0.39265466,
1396206139728397428,3,-0.037946522,-0.23971367,-0.18810582,
1396206139748447477,3,0.39570636,-0.052099228,-0.14590144,
1396206139768924772,3,0.32774,0.008341789,-0.31765413,
1396206139788761197,3,-0.13931581,0.007966042,-0.3012569,
1396206139808933317,3,-0.3453258,-0.07115078,0.2983563,
1396206139829166471,3,-0.13819608,0.0736351,0.7395973,
1396206139849155485,3,0.111106604,0.36104298,0.59540296,
1396206139869693815,3,0.01686129,0.5339155,0.4516847,
1396206139889469205,3,-0.22684115,0.47069168,0.5154259,
1396206139909671842,3,-0.24740008,0.5431814,0.86807394,
1396206139929813444,3,0.124182016,0.52919483,0.7281785,
1396206139949955045,3,0.19034106,0.4868908,0.30653405,
1396206139970096647,3,0.075991094,0.32160473,0.58309484,
1396206139990207731,3,0.27705926,0.1972332,1.1414158,
1396206140010349332,3,0.28593147,-0.024589539,0.81892633,
1396206140030582487,3,0.083125114,-0.32227135,-0.389421,
1396206140050632535,3,-0.033011854,-0.21058178,-1.0907869,
1396206140070804654,3,0.078301966,-0.12633991,-1.0612721,
1396206140090946256,3,0.32115746,-0.06043911,-0.49353433,
1396206140111087858,3,0.516901,-0.1970501,0.082520485,
1396206140131290494,3,0.4223416,-0.2901678,0.6192565,
1396206140151371061,3,0.041089952,-0.5040693,1.0837004,
1396206140171848356,3,-0.4043452,-0.65793324,1.2563639,
1396206140191623746,3,-0.4268939,-0.8311558,1.1575875,
1396206140211765348,3,-0.42681307,-0.82277393,0.07429123,
1396206140252048551,3,-0.1913243,-0.6985588,-0.7664447,
1396206140272190153,3,-0.2564062,-0.71797943,-0.4308195,
1396206140292331754,3,-0.42967278,-0.80357647,-0.16106534,
1396206140312473356,3,-0.5471344,-0.76291084,0.2523961,
1396206140332675992,3,-0.008776009,-0.43300247,0.64117956,
1396206140352756559,3,0.28836375,-0.24034595,0.37876296,
1396206140372928678,3,-0.09325725,-0.1762495,-0.36659765,
1396206140393070279,3,-0.07305622,-0.1513815,-0.5456784,
1396206140413211881,3,-0.062565565,-0.14831924,-0.36198425,
1396206140433353483,3,-0.18652362,-0.19716454,-0.32545257,
1396206140453495084,3,-0.38945925,-0.16949558,-0.73964214,
1396206140473636686,3,-0.39475024,0.06755352,-1.0865097,
1396206140493778287,3,-0.22494239,0.32645226,-0.51444864,
1396206140513919889,3,-0.3485163,0.5658655,0.2980137,
1396206140534122526,3,-0.52452,0.67803955,0.9242046,
1396206140554203092,3,-0.34243113,0.84457874,1.1210034,
1396206140574283658,3,0.07988936,0.91608906,0.38850474,
1396206140594455778,3,0.19723505,0.9029951,-0.48534322,
1396206140614597379,3,0.27249908,0.9384527,-0.77768826,
1396206140634800016,3,0.11665881,0.7209501,-0.2890997,
1396206140654880582,3,-0.31837702,0.46132946,0.36688542,
1396206140674991666,3,-0.7239,0.37585545,0.6429293,
1396206140695163785,3,-0.34581035,0.35793686,0.8545871,
1396206140715274869,3,0.15249074,0.361125,1.1193919,
1396206140735508024,3,0.32173157,0.1664629,1.2507825,
1396206140755796888,3,0.27642173,-0.236063,1.0640023,
1396206140775938490,3,-0.068663,-0.61150837,0.46377873,
1396206140796080091,3,0.17619264,-0.5753145,0.09549904,
1396206140816160658,3,0.95060605,-0.33650398,0.5108104,
1396206140856535413,3,0.9502391,-0.566802,-0.26521492,
1396206140876646497,3,0.06480992,-0.9753399,-0.7687435,
1396206140896788099,3,-0.3947782,-1.2202454,-0.286155,
1396206140916899183,3,0.2360794,-0.9413004,0.47141457,
1396206140937132337,3,0.48409688,-0.7366524,0.20384717,
1396206140957243421,3,0.17589474,-0.66683006,-0.6747329,
1396206140977385023,3,-0.049126446,-0.6101303,-0.8489344,
1396206140997526624,3,0.076381,-0.5742111,-0.07347536,
1396206141017607191,3,0.27679655,-0.4451208,0.76264215,
1396206141037840345,3,0.3897747,-0.27387333,0.753391,
1396206141057920911,3,0.3368441,-0.28309822,0.4492147,
1396206141078306654,3,0.35773122,-0.16880798,0.68544054,
1396206141098204115,3,0.636783,0.065971375,0.6167176,
1396206141118315199,3,1.0551877,0.29921627,-0.16774368,
1396206141138548353,3,1.1723251,0.51332664,-0.8668344,
1396206141158628919,3,1.1108495,0.8165159,-0.86166096,
1396206141178770521,3,0.6205684,0.8341007,-0.24412751,
1396206141198912122,3,-0.5823793,0.831213,0.3573115,
1396206141219053724,3,-1.4883239,0.6530733,0.19229388,
1396206141239225843,3,-1.7655017,0.65669155,0.24104571,
1396206141259336927,3,-1.0941252,0.6464758,0.8296704,
1396206141279600599,3,-0.20222956,0.5457716,1.1274619,
1396206141299589613,3,0.4307987,0.49983978,0.6084418,
1396206141319761732,3,0.28611946,0.432189,-0.13090587,
1396206141339964368,3,0.14069891,0.4294834,-0.3907876,
1396206141360075452,3,0.19229293,0.33859253,-0.26166534,
1396206141380217054,3,-0.2131604,-0.01091671,0.1485784,
1396206141400358656,3,-0.4502744,-0.36754608,0.5849292,
1396206141420469740,3,-0.46484822,-0.6491022,0.44054484,
1396206141440702894,3,-0.62402654,-1.0259323,-0.61435103,
1396206141460752943,3,-0.9137519,-1.2104177,-1.4874701,
1396206141480894544,3,-0.72052234,-1.0227051,-0.58046985,
1396206141501005628,3,-0.621535,-0.8387089,0.6811948,
1396206141561473783,3,-0.27123857,-0.36100197,-0.30731153,
1396206141581615384,3,0.133789,-0.16096973,-0.35820413,
1396206141601726468,3,0.035952568,-0.14265442,0.36566997,
1396206141621898587,3,-0.5986666,-0.35183716,0.7059119,
1396206141642040189,3,-0.7790227,-0.28661442,0.5731728,
1396206141662181790,3,-0.4490645,-0.13401413,0.122223616,
1396206141682323392,3,-0.0840652,-0.089811325,-0.22339296,
1396206141702403958,3,0.13504255,0.08245182,0.25034547,
1396206141722606595,3,-0.14784187,0.08111191,0.36066508,
1396206141743572171,3,-0.7617201,-0.057444572,0.14509869,
1396206141762920316,3,-1.0745107,-0.16793823,0.01543355,
1396206141783061917,3,-0.7487816,-0.06675339,0.40488863,
1396206141803111966,3,-0.39564306,0.15084743,0.7095034,
1396206141823314603,3,-0.16644686,0.25280857,0.59746504,
1396206141844219144,3,0.055650353,0.57102203,0.10146165,
1396206141863597806,3,0.16890192,0.75683117,-0.2022748,
1396206141883739408,3,0.017081201,0.6197138,-0.2650175,
1396206141903881009,3,0.014944375,0.68495464,0.48707533,
1396206141924022611,3,0.11770201,0.7392874,1.0344129,
1396206141944896634,3,-0.16302621,0.6631155,0.38123846,
1396206141964305814,3,-0.3545096,0.5553379,-0.13993645,
1396206141984447415,3,0.02214539,0.4741249,-0.4117453,
1396206142004589017,3,0.36165434,0.14025402,-0.162997,
1396206142024730618,3,0.09458858,-0.22104454,-0.089650154,
1396206142044902738,3,-0.18197763,-0.40084934,0.08431506,
1396206142064983304,3,-0.27903128,-0.494421,0.92312956,
1396206142085155423,3,-0.16349524,-0.5851488,1.678391,
1396206142105297025,3,0.027768433,-0.5661278,1.3977499,
1396206142125438626,3,0.44302619,-0.5687542,0.63200426,
1396206142145610745,3,0.5089181,-0.739831,-0.29013896,
1396206142165752347,3,0.52586794,-0.80553627,-0.9430661,
1396206142185893949,3,0.6304771,-0.6414137,-1.0604203,
1396206142206035550,3,0.40838045,-0.6681261,-0.6824229,
1396206142226177152,3,-0.09139252,-0.7005501,-0.41994524,
1396206142246288236,3,-0.28044325,-0.6516247,-0.30604267,
1396206142266460355,3,-0.24741566,-0.52427673,-0.08819461,
1396206142286601956,3,0.06653124,-0.4385481,0.24344444,
1396206142306743558,3,0.31656176,-0.37580776,0.52768064,
1396206142326885159,3,0.7599304,-0.3380146,0.7139399,
1396206142347026761,3,0.72978055,-0.29819202,0.6401279,
1396206142367137845,3,0.65670294,0.0024089813,0.20318961,
1396206142387432034,3,0.5078211,0.07386398,-0.24808478,
1396206142407390531,3,0.2006867,0.04809475,-0.3700769,
1396206142427562650,3,0.31854013,0.17167091,-0.097322464,
1396206142447734769,3,0.3581135,0.3476591,0.4285314,
1396206142467845853,3,-0.18797791,0.4580469,0.8553021,
1396206142487987454,3,-0.8653895,0.33123112,0.6203377,
1396206142508129056,3,-1.0501367,0.35732746,0.0043678284,
1396206142528270658,3,-0.4618669,0.729331,-0.4229207,
1396206142548381742,3,0.25226167,1.0288572,-0.15104485,
1396206142568553861,3,1.1013927,1.2883329,1.3266621,
1396206142588695462,3,1.3838782,1.2027187,2.601351,
1396206142608837064,3,0.5273907,0.7819166,2.2902565,
1396206142628917630,3,-0.47688484,-0.03589058,0.36476898,
1396206142649120267,3,-1.0952662,-0.41188717,-0.99370575,
1396206142669261868,3,-1.0937841,-0.6091633,-0.9729459,
1396206142689403470,3,-0.55878234,-0.55278873,-0.0791533,
1396206142709545072,3,-0.092102975,-0.5304518,0.185529,
1396206142729686673,3,-0.22687617,-0.588253,-0.13325834,
1396206142749828275,3,-0.51913095,-0.70356274,-0.18539906,
1396206142769939359,3,-0.670946,-0.69489956,0.2834692,
1396206142790111478,3,-0.31622836,-0.500267,0.88306904,
1396206142870677884,3,-0.3318979,-0.6384754,-0.35118222,
1396206142890819486,3,-0.43126422,-0.6773968,-0.73587537,
1396206142910961087,3,-0.4799053,-0.6140995,-0.70920324,
1396206142931102689,3,-0.17948085,-0.40618038,-0.19866967,
1396206142951244290,3,-0.008572578,-0.1819706,0.21769929,
1396206142971355374,3,-0.10604006,-0.1809864,0.22162795,
1396206142991985257,3,-0.54741794,-0.3194704,-0.40818405,
1396206143011699613,3,-0.7604603,-0.35621357,-0.78412795,
1396206143031841214,3,-0.7061088,-0.25867558,-0.7523961,
1396206143051982816,3,-0.54845303,-0.024302483,-0.2484088,
1396206143072063382,3,-0.28421742,0.37413025,0.4346702,
1396206143092601712,3,-0.13355672,0.91773796,0.6363113,
1396206143112407620,3,0.13316256,1.2702446,-0.011880875,
1396206143132549222,3,-0.026015162,1.0992584,-0.9956105,
1396206143152745791,3,-0.5771923,0.83740616,-0.7361615,
1396206143172826357,3,-0.41476774,0.6296673,0.15289474,
1396206143193395205,3,-0.045808673,0.49691582,0.6350372,
1396206143213170595,3,0.33436048,0.7235384,0.76683044,
1396206143233220644,3,0.19816196,0.72713375,0.93119526,
1396206143253453798,3,0.46517402,0.5661974,0.83532,
1396206143273534365,3,0.72556615,0.22254944,-1.3232231E-4,
1396206143294164248,3,0.6485801,0.06344128,-0.56935453,
1396206143313848085,3,0.4931922,-0.115202904,-0.15680194,
1396206143333989687,3,0.13757616,-0.43723774,0.57540154,
1396206143354222841,3,-0.24502015,-0.6707382,1.0560069,
1396206143374242373,3,-0.057523668,-0.7696667,0.59024143,
1396206143394719667,3,0.46632665,-0.6661558,-0.7334707,
1396206143414556093,3,0.5769227,-0.593174,-1.7603216,
1396206143434697695,3,0.7495248,-0.47001457,-0.89730096,
1396206143455022402,3,0.49709046,-0.4757576,0.69485855,
1396206143474950380,3,0.16776967,-0.7067814,1.4692817,
1396206143495488710,3,0.25909114,-0.6533451,0.8799386,
1396206143515264101,3,0.51805854,-0.36611748,0.14318824,
1396206143535405703,3,0.47769195,-0.16127491,-0.41927123,
1396206143555486269,3,0.19192868,-0.22159958,-0.32790136,
1396206143575658388,3,-0.12895429,-0.36880302,0.044410944,
1396206143596227236,3,-0.24017024,-0.27516174,0.32175255,
1396206143616033144,3,0.03099215,-0.09979057,0.084095955,
1396206143636113710,3,0.57298744,0.20742702,-0.23495173,
1396206143656194277,3,0.9904269,0.39493847,-0.33306217,
1396206143676366396,3,1.1236932,0.39798355,-0.14345527,
1396206143696874209,3,0.6632147,0.40498066,0.5759444,
1396206143716680117,3,-0.47472665,0.11703777,1.0696428,
1396206143736791201,3,-1.2203312,0.08029652,1.2386575,
1396206143756963320,3,-1.1661615,0.23525524,0.4725132,
1396206143777104921,3,-0.80861384,0.5655937,-0.44825673,
1396206143797246523,3,-0.22935686,0.80749226,-0.6741154,
1396206143817388125,3,0.23242953,0.81020546,-0.6251352,
1396206143837468691,3,0.4618454,0.7087469,0.22794056,
1396206143857671328,3,0.7599614,0.6478996,1.307086,
1396206143877812929,3,1.072274,0.64926434,1.8326991,
1396206143897954531,3,0.51402265,0.33555603,1.2917824,
1396206143918096132,3,-0.33185744,0.022021294,-0.1948669,
1396206143938237734,3,-0.7099743,-0.19267082,-0.98947906,
1396206143958409853,3,-0.8335482,-0.4700079,-0.48847175,
1396206143978551455,3,-0.59608275,-0.66616726,0.92031384,
1396206143998693056,3,-0.40979302,-0.69319916,1.5239396,
1396206144018834658,3,-0.46358234,-0.57567215,0.5255439,
1396206144038884707,3,-0.65321803,-0.49306297,-0.6887803,
1396206144059087343,3,-0.54771394,-0.26728058,-0.64753747,
1396206144079228945,3,-0.16704053,-0.16666508,0.6550262,
1396206144099370546,3,0.20347214,-0.16604328,1.4221921,
1396206144159795351,3,-0.23709667,-0.33726215,-0.62345505,
1396206144179936953,3,0.04517442,-0.28917313,-0.39619613,
1396206144200048037,3,-0.02887994,-0.3960495,0.15311623,
1396206144220220156,3,-0.38496566,-0.5633888,0.44233847,
1396206144240361757,3,-0.87224376,-0.76811314,0.2662487,
1396206144260564394,3,-1.0419998,-0.7482128,0.123564005,
1396206144280644960,3,-0.65666515,-0.5188837,-0.0034115314,
1396206144300756044,3,-0.12861788,-0.2740097,-0.043894768,
1396206144320928164,3,0.020641088,-0.11369419,-0.09737897,
1396206144341069765,3,-0.50575835,-0.1888895,0.07761145,
1396206144361211367,3,-0.8822401,-0.16450214,0.5651226,
1396206144381383486,3,-0.81823826,0.085084915,0.98651266,
1396206144401464052,3,-0.40293247,0.5764799,1.0982585,
1396206144421636171,3,-0.16610259,0.87470245,0.123319864,
1396206144441716738,3,-0.21134162,0.9950304,-0.7347064,
1396206144461888857,3,-0.14603835,1.0958328,-0.7834017,
1396206144482060976,3,-0.77322817,0.6902876,-0.30583644,
1396206144502172060,3,-1.0872672,0.43744946,0.709326,
1396206144522344179,3,-0.7587575,0.24408817,1.7139926,
1396206144542455263,3,0.20490587,0.26962376,2.459815,
1396206144562627382,3,0.76106244,0.21185398,1.7668066,
1396206144582768984,3,0.6730441,0.08918953,-0.052572012,
1396206144602880068,3,0.22497231,-0.014658928,-0.78130174,
1396206144623052187,3,0.13099074,-0.2914791,0.31609058,
1396206144643193789,3,0.14888954,-0.48882484,1.3878899,
1396206144663304873,3,0.032888412,-0.50245476,1.8522232,
1396206144683476992,3,-0.0017041564,-0.38385582,0.879668,
1396206144703801699,3,0.038164556,-0.28065014,0.16000581,
1396206144723760195,3,0.095724106,-0.30924034,0.09043622,
1396206144743901796,3,0.21189159,-0.5358143,0.38208532,
1396206144764043398,3,0.14668727,-0.6997299,0.8119035,
1396206144784185000,3,0.22706735,-0.68313694,1.0564768,
1396206144804509707,3,0.23155016,-0.7494736,0.5035956,
1396206144824437685,3,-0.08545792,-0.7220726,-0.15548158,
1396206144844579287,3,-0.24310744,-0.6358595,-1.3694005,
1396206144864751406,3,-0.23988748,-0.7879753,-0.8585315,
1396206144884893007,3,0.34285086,-0.5306883,0.812938,
1396206144905004091,3,0.62508965,-0.282938,1.7381604,
