1396205998966008552,3,-0.051956177,0.03956604,-0.039733887,
1396205998966008552,0,-0.06378174,0.047531128,-0.031921387,-0.012359619,0.012771606,0.005142212,
1396205998986089119,3,-0.06477356,-0.02772522,-0.02104187,
1396205998986089119,0,-0.07659912,-0.019760132,-0.01322937,-0.0038146973,0.02986145,0.0024719238,
1396205999006230720,3,-0.09094238,-0.06777954,0.015274048,
1396205999027165779,3,-0.04928589,-0.023986816,0.03717041,
1396205999027165779,0,-0.06111145,-0.016021729,0.04498291,-0.03425598,-0.009124756,0.0072784424,
1396205999046513923,3,0.043640137,0.0053863525,0.014205933,
1396205999046513923,0,0.031814575,0.01335144,0.022018433,-0.031051636,0.010635376,0.018493652,
1396205999066930183,3,0.08476257,-0.010635376,-0.014633179,
1396205999066930183,0,0.07293701,-0.002670288,-0.0068206787,-0.012359619,0.006362915,0.013153076,
1396205999086827644,3,0.059661865,-0.014373779,-0.021575928,
1396205999086827644,0,0.047836304,-0.0064086914,-0.013763428,9.918213E-4,0.007965088,0.009414673,
1396205999106969246,3,-0.007095337,-4.8828125E-4,-0.03012085,
1396205999106969246,0,-0.018920898,0.0074768066,-0.02230835,0.0036621094,4.8828125E-4,0.009414673,
1396205999127171882,3,-0.037002563,0.00592041,-0.027450562,
1396205999127171882,0,-0.048828125,0.013885498,-0.019638062,-0.013427734,0.011169434,0.0024719238,
1396205999147252449,3,-0.005493164,-0.02078247,0.0072631836,
1396205999147252449,0,-0.017318726,-0.012817383,0.015075684,-0.02784729,0.012237549,-0.0023345947,
1396205999167394050,3,0.058059692,-0.03466797,0.02381897,
1396205999167394050,0,0.04623413,-0.02670288,0.03163147,-0.024108887,0.0058288574,0.008880615,
1396205999187535652,3,0.05859375,-0.033065796,0.009399414,
1396205999187535652,0,0.04676819,-0.025100708,0.017211914,-0.0022125244,0.013839722,0.013687134,
1396205999207677253,3,0.0030517578,-0.028259277,-0.0135650635,
1396205999207677253,0,-0.008773804,-0.02029419,-0.0057525635,0.0063323975,-0.004852295,0.014221191,
1396205999228551277,3,-0.049819946,0.03048706,-0.019439697,
1396205999228551277,0,-0.061645508,0.03845215,-0.011627197,-0.008087158,-0.0037841797,0.006210327,
1396205999247899421,3,-0.032196045,0.022476196,-0.015167236,
1396205999247899421,0,-0.044021606,0.030441284,-0.0073547363,-0.022506714,0.019180298,0.005142212,
1396205999268163093,3,0.027618408,-0.02558899,8.544922E-4,
1396205999268163093,0,0.015792847,-0.017623901,0.008666992,-0.02784729,0.020248413,0.0040740967,
1396205999288213142,3,0.06500244,-0.05870056,0.01687622,
1396205999288213142,0,0.05317688,-0.050735474,0.02468872,-0.013961792,0.009567261,0.006210327,
1396205999308385261,3,0.034561157,-0.017044067,0.011001587,
1396205999308385261,0,0.022735596,-0.0090789795,0.018814087,0.0036621094,-0.008590698,0.0099487305,
1396205999328557380,3,-0.00869751,0.009124756,0.010467529,
1396205999328557380,0,-0.020523071,0.017089844,0.01828003,-0.009689331,0.014373779,0.0072784424,
1396205999348668464,3,-0.0060272217,-0.033599854,0.0115356445,
1396205999348668464,0,-0.017852783,-0.025634766,0.019348145,-0.013427734,0.019714355,0.009414673,
1396205999369115242,3,-0.0065612793,-0.04748535,0.01473999,
1396205999369115242,0,-0.01838684,-0.039520264,0.02255249,-0.010757446,0.0058288574,0.005142212,
1396205999388921150,3,-0.014572144,-0.035202026,0.02809143,
1396205999388921150,0,-0.026397705,-0.027236938,0.03590393,-0.010223389,0.0042266846,0.0078125,
1396205999409123787,3,-0.012435913,-0.023986816,0.016342163,
1396205999409123787,0,-0.024261475,-0.016021729,0.024154663,-0.013427734,0.009033203,0.011016846,
1396205999429473944,3,-0.0119018555,-0.029327393,0.006729126,
1396205999429473944,0,-0.023727417,-0.021362305,0.014541626,-0.010757446,0.007965088,0.011016846,
1396205999449493476,3,-0.018310547,-0.011703491,-0.013031006,
1396205999449493476,0,-0.030136108,-0.0037384033,-0.005218506,-0.0118255615,-0.0043182373,0.010482788,
1396205999469635077,3,-0.007095337,0.013397217,-0.017303467,
1396205999469635077,0,-0.018920898,0.021362305,-0.009490967,-0.01663208,0.0068969727,0.0072784424,
1396205999489776679,3,0.0035858154,-0.0068969727,-0.0135650635,
1396205999489776679,0,-0.008239746,0.0010681152,-0.0057525635,-0.011291504,0.02078247,0.0067443848,
1396205999509918280,3,-0.0076293945,-0.030929565,-0.009292603,
1396205999509918280,0,-0.019454956,-0.022964478,-0.0014801025,-0.0064849854,0.0074310303,0.0067443848,
1396205999530120917,3,-0.022583008,-0.015975952,-7.4768066E-4,
1396205999530120917,0,-0.03440857,-0.008010864,0.0070648193,-0.013961792,-0.0021820068,0.0067443848,
1396205999550232001,3,-0.012435913,0.03315735,-0.009292603,
1396205999550232001,0,-0.024261475,0.041122437,-0.0014801025,-0.01449585,-4.5776367E-5,0.0099487305,
1396205999570373602,3,0.014801025,0.03529358,-0.012496948,
1396205999570373602,0,0.0029754639,0.043258667,-0.0046844482,-0.022506714,0.020248413,0.0067443848,
1396205999590484686,3,0.042037964,-0.011703491,-0.0023498535,
1396205999590484686,0,0.030212402,-0.0037384033,0.0054626465,-0.013427734,0.014907837,0.005142212,
1396205999610687323,3,0.034561157,-0.004760742,-0.0018157959,
1396205999610687323,0,0.022735596,0.0032043457,0.005996704,-0.0059509277,0.003692627,0.008880615,
1396205999630828925,3,0.0025177002,-0.0084991455,-0.0135650635,
1396205999630828925,0,-0.009307861,-5.340576E-4,-0.0057525635,-0.0038146973,0.013839722,0.0099487305,
1396205999650970526,3,-0.023651123,-0.019180298,-0.01676941,
1396205999650970526,0,-0.035476685,-0.01121521,-0.008956909,-0.0032806396,0.006362915,0.008880615,
1396205999671112128,3,-0.054092407,0.007522583,-0.019439697,
1396205999671112128,0,-0.06591797,0.015487671,-0.011627197,-0.009155273,-0.0043182373,0.008346558,
1396205999691192694,3,-0.030059814,0.03475952,-0.031723022,
1396205999691192694,0,-0.041885376,0.04272461,-0.023910522,-0.02357483,0.012237549,0.011016846,
1396205999711334296,3,9.1552734E-4,-0.0042266846,-0.029052734,
1396205999711334296,0,-0.010910034,0.0037384033,-0.021240234,-0.016098022,0.019180298,0.005142212,
1396205999731475897,3,0.014266968,-0.015975952,-0.017303467,
1396205999731475897,0,0.0024414063,-0.008010864,-0.009490967,-0.015563965,0.006362915,0.005142212,
1396205999751678534,3,0.02281189,-0.0031585693,-0.01676941,
1396205999751678534,0,0.010986328,0.0048065186,-0.008956909,-0.011291504,0.0074310303,0.012084961,
1396205999772094794,3,-1.5258789E-4,-0.009033203,-0.027450562,
1396205999772094794,0,-0.011978149,-0.0010681152,-0.019638062,-0.0022125244,0.0068969727,0.011016846,
1396205999791961737,3,-0.037002563,-0.0068969727,-0.035995483,
1396205999791961737,0,-0.048828125,0.0010681152,-0.028182983,-0.0048828125,0.010101318,0.0078125,
1396205999812103339,3,-0.037002563,-0.027191162,-0.019439697,
1396205999812103339,0,-0.048828125,-0.019226074,-0.011627197,-0.017700195,0.009033203,-0.00340271,
1396205999832305976,3,-1.5258789E-4,-0.025054932,0.03236389,
1396205999832305976,0,-0.011978149,-0.017089844,0.04017639,-0.02357483,0.0068969727,-0.0039367676,
1396205999852386542,3,0.046844482,-0.020248413,0.067611694,
1396205999852386542,0,0.03501892,-0.012283325,0.075424194,-0.02571106,0.009567261,0.0024719238,
1396205999872528143,3,0.06286621,-0.024520874,0.047317505,
1396205999872528143,0,0.05104065,-0.016555786,0.055130005,-0.0064849854,0.0031585693,0.019561768,
1396205999892669745,3,0.01159668,-0.003692627,-0.015167236,
1396205999892669745,0,-2.2888184E-4,0.004272461,-0.0073547363,0.0074005127,0.007965088,0.026504517,
1396205999912811347,3,-0.07171631,-0.003692627,-0.071243286,
1396205999912811347,0,-0.08354187,0.004272461,-0.063430786,0.0063323975,0.0068969727,0.017425537,
1396205999932952948,3,-0.09841919,0.016067505,-0.09527588,
1396205999932952948,0,-0.11024475,0.024032593,-0.08746338,-0.013961792,-0.0011138916,0.009414673,
1396205999953002997,3,-0.090408325,0.03048706,-0.08299255,
1396205999953002997,0,-0.10223389,0.03845215,-0.07518005,-0.012359619,0.012237549,-7.324219E-4,
1396205999973114081,3,-0.05996704,0.010726929,-0.011962891,
1396205999973114081,0,-0.0717926,0.018692017,-0.0041503906,-0.02571106,0.012771606,-0.018356323,
1396205999993316718,3,0.042037964,-0.042678833,0.12742615,
1396205999993316718,0,0.030212402,-0.034713745,0.13523865,-0.023040771,0.014907837,-0.0018005371,
1396206000013519354,3,0.056991577,-0.025054932,0.11941528,
1396206000013519354,0,0.045166016,-0.017089844,0.12722778,-0.011291504,-0.010192871,0.022232056,
1396206000033721991,3,0.064468384,0.076416016,0.026489258,
1396206000033721991,0,0.052642822,0.0843811,0.034301758,-0.01449585,-0.020874023,0.03718567,
1396206000053772040,3,0.042037964,0.17948914,-0.069107056,
1396206000053772040,0,0.030212402,0.18745422,-0.061294556,0.0036621094,-0.010726929,0.022766113,
1396206000073913642,3,-0.06744385,0.215271,-0.07337952,
1396206000073913642,0,-0.07926941,0.22323608,-0.06556702,0.024490356,0.012237549,-0.0082092285,
1396206000094024726,3,-0.17745972,0.12181091,0.02168274,
1396206000094024726,0,-0.18928528,0.129776,0.02949524,0.010604858,0.04588318,-0.024230957,
1396206000114166327,3,-0.26504517,-0.02772522,0.13917542,
1396206000114166327,0,-0.27687073,-0.019760132,0.14698792,0.012741089,0.040542603,-0.01461792,
1396206000134399481,3,-0.33180237,-0.044815063,0.20166016,
1396206000134399481,0,-0.34362793,-0.036849976,0.20947266,-0.009155273,-0.01713562,8.69751E-4,
1396206000154480048,3,-0.24047852,0.08656311,0.17655945,
1396206000154480048,0,-0.25230408,0.0945282,0.18437195,-0.055618286,-0.024612427,0.025970459,
1396206000194732733,3,0.17501831,0.16720581,0.14932251,
1396206000194732733,0,0.16319275,0.1751709,0.15713501,-0.06309509,0.0058288574,-0.0023345947,
1396206000214874335,3,0.25886536,0.19818115,0.13490295,
1396206000214874335,0,0.2470398,0.20614624,0.14271545,0.0015258789,-0.008056641,0.023834229,
1396206000235974767,3,0.09223938,0.24838257,0.08203125,
1396206000235974767,0,0.08041382,0.25634766,0.08984375,0.047454834,0.007965088,0.010482788,
1396206000255292394,3,-0.15235901,0.15492249,0.06440735,
1396206000255292394,0,-0.16418457,0.16288757,0.07221985,0.042114258,0.04588318,0.012084961,
1396206000275433995,3,-0.28640747,0.018203735,0.059066772,
1396206000275433995,0,-0.29823303,0.026168823,0.06687927,-7.6293945E-5,0.030929565,0.0046081543,
1396206000295484044,3,-0.2709198,-0.0031585693,0.065475464,
1396206000295484044,0,-0.28274536,0.0048065186,0.073287964,-0.027313232,-0.0053863525,0.008880615,
1396206000315717198,3,-0.22659302,0.04597473,0.03717041,
1396206000315717198,0,-0.23841858,0.05393982,0.04498291,-0.008621216,-0.0011138916,0.022232056,
1396206000335919835,3,-0.3366089,0.021942139,-0.030654907,
1396206000335919835,0,-0.34843445,0.029907227,-0.022842407,0.040512085,0.027191162,0.024902344,
1396206000356030919,3,-0.64476013,-0.071517944,-0.062698364,
1396206000356030919,0,-0.6565857,-0.06355286,-0.054885864,0.08483887,0.030929565,0.0078125,
1396206000376172521,3,-0.9550476,-0.122787476,-0.031188965,
1396206000376172521,0,-0.96687317,-0.11482239,-0.023376465,0.029830933,0.006362915,-0.008743286,
1396206000396222569,3,-0.8076477,-0.014373779,0.0927124,
1396206000396222569,0,-0.81947327,-0.0064086914,0.1005249,-0.12184143,-0.035827637,-0.033309937,
1396206000416394689,3,-0.27038574,0.1282196,0.23316956,
1396206000416394689,0,-0.2822113,0.13618469,0.24098206,-0.15815735,-0.023544312,-0.019958496,
1396206000436505772,3,0.17341614,0.17521667,0.26574707,
1396206000436505772,0,0.16159058,0.18318176,0.27355957,-0.0743103,0.022384644,0.024368286,
1396206000456708409,3,0.23857117,0.10151672,0.12956238,
1396206000456708409,0,0.2267456,0.10948181,0.13737488,0.015411377,0.023452759,0.05053711,
1396206000476819493,3,0.05859375,0.08602905,-0.052017212,
1396206000476819493,0,0.04676819,0.09399414,-0.044204712,0.040512085,0.0026245117,0.060150146,
1396206000496961095,3,-0.11817932,0.039031982,-0.2197113,
1396206000496961095,0,-0.13000488,0.04699707,-0.2118988,0.02609253,0.031463623,0.031311035,
1396206000517102696,3,-0.23353577,-0.038406372,-0.20689392,
1396206000517102696,0,-0.24536133,-0.030441284,-0.19908142,4.5776367E-4,0.02772522,-0.015686035,
1396206000537335851,3,-0.19454956,-0.13613892,-0.10542297,
1396206000537335851,0,-0.20637512,-0.12817383,-0.09761047,-0.039596558,0.029327393,-0.017822266,
1396206000557416417,3,-0.05836487,-0.17352295,-0.013031006,
1396206000557416417,0,-0.07019043,-0.16555786,-0.005218506,-0.049743652,0.010101318,-0.011947632,
1396206000577558019,3,0.070877075,-0.14949036,0.026489258,
1396206000577558019,0,0.059051514,-0.14152527,0.034301758,-0.037994385,-0.0011138916,0.0072784424,
1396206000597730138,3,0.13336182,-0.127594,0.0035247803,
1396206000597730138,0,0.121536255,-0.119628906,0.01133728,-0.016098022,0.003692627,0.017425537,
1396206000617780187,3,0.12908936,-0.1211853,-0.026382446,
1396206000617780187,0,0.117263794,-0.113220215,-0.018569946,-0.008621216,0.014373779,0.016357422,
1396206000638019620,3,0.07675171,-0.18527222,-0.048812866,
1396206000638019620,0,0.06492615,-0.17730713,-0.041000366,0.013809204,0.028259277,0.0099487305,
1396206000658100186,3,0.025482178,-0.23173523,-0.078186035,
1396206000658100186,0,0.013656616,-0.22377014,-0.070373535,-0.018234253,0.018112183,0.01689148,
1396206000678302823,3,0.11039734,-0.26057434,-0.08779907,
1396206000678302823,0,0.09857178,-0.25260925,-0.07998657,-0.0390625,0.0084991455,0.0019378662,
1396206000698383389,3,0.19744873,-0.24401855,-0.046142578,
1396206000698383389,0,0.18562317,-0.23605347,-0.038330078,-0.026779175,4.8828125E-4,-0.0023345947,
1396206000718524991,3,0.20759583,-0.21517944,-0.019439697,
1396206000718524991,0,0.19577026,-0.20721436,-0.011627197,-0.0038146973,0.004760742,0.0030059814,
1396206000738727628,3,0.14404297,-0.25683594,0.0115356445,
1396206000738727628,0,0.1322174,-0.24887085,0.019348145,0.011672974,0.029327393,-0.0055389404,
1396206000758869229,3,0.046844482,-0.33267212,0.074020386,
1396206000758869229,0,0.03501892,-0.32470703,0.081832886,0.009536743,0.01864624,-0.0071411133,
1396206000779010831,3,-0.045013428,-0.3919525,0.11354065,
1396206000779010831,0,-0.05683899,-0.38398743,0.12135315,0.018081665,0.02986145,0.0046081543,
1396206000799152432,3,-0.12084961,-0.45710754,0.12635803,
1396206000799152432,0,-0.13267517,-0.44914246,0.13417053,-0.010757446,0.013839722,0.0056762695,
1396206000819232999,3,-0.0049591064,-0.39302063,0.1279602,
1396206000819232999,0,-0.016784668,-0.38505554,0.1357727,-0.07003784,-0.022476196,0.0072784424,
1396206000839466153,3,0.29304504,-0.27392578,0.123687744,
1396206000839466153,0,0.28121948,-0.2659607,0.13150024,-0.09353638,-0.03048706,0.010482788,
1396206000859546719,3,0.5328369,-0.19328308,0.09378052,
1396206000859546719,0,0.52101135,-0.185318,0.10159302,-0.039596558,0.0084991455,0.026504517,
1396206000879688321,3,0.4575348,-0.15803528,-0.02798462,
1396206000879688321,0,0.44570923,-0.15007019,-0.02017212,0.051727295,-0.012863159,0.051071167,
1396206000899799405,3,0.1387024,-0.029327393,-0.22238159,
1396206000899799405,0,0.12687683,-0.021362305,-0.21456909,0.07255554,-0.0262146,0.05747986,
1396206000919941007,3,-0.17158508,0.05291748,-0.3772583,
1396206000919941007,0,-0.18341064,0.06088257,-0.3694458,0.05706787,0.0015563965,0.025436401,
1396206000940052091,3,-0.3627777,0.01499939,-0.3446808,
1396206000940052091,0,-0.37460327,0.022964478,-0.3368683,0.006866455,0.02986145,-0.019958496,
1396206000960285245,3,-0.3061676,-0.064575195,-0.24053955,
1396206000960285245,0,-0.31799316,-0.056610107,-0.23272705,-0.05508423,0.019714355,-0.013015747,
1396206000980426846,3,-0.1272583,-0.07632446,-0.19300842,
1396206000980426846,0,-0.13908386,-0.068359375,-0.18519592,-0.04814148,0.0026245117,-0.0018005371,
1396206001000568448,3,-0.043945313,-0.048553467,-0.12197876,
1396206001000568448,0,-0.055770874,-0.04058838,-0.11416626,-0.02357483,-0.0016479492,-0.018356323,
1396206001020710050,3,-0.018310547,0.013931274,-0.020507813,
1396206001020710050,0,-0.030136108,0.021896362,-0.0126953125,-0.010757446,-0.008590698,-0.015151978,
1396206001040912686,3,-0.012969971,0.09136963,0.05960083,
1396206001040912686,0,-0.024795532,0.09933472,0.06741333,-0.02571106,-0.010192871,-0.0066070557,
1396206001060962735,3,0.11413574,0.09083557,0.07562256,
1396206001060962735,0,0.10231018,0.09880066,0.08343506,-0.05882263,0.022384644,0.013687134,
1396206001081134854,3,0.28022766,0.027282715,0.03236389,
1396206001081134854,0,0.2684021,0.035247803,0.04017639,-0.03479004,0.022918701,0.024902344,
1396206001101276456,3,0.26634216,0.031021118,-0.04827881,
1396206001101276456,0,0.2545166,0.038986206,-0.04046631,0.012207031,-0.013931274,0.032913208,
1396206001121418057,3,0.18569946,0.13569641,-0.16096497,
1396206001121418057,0,0.1738739,0.1436615,-0.15315247,0.008468628,-0.023544312,0.040924072,
1396206001141498624,3,0.11413574,0.2291565,-0.24801636,
1396206001141498624,0,0.10231018,0.23712158,-0.24020386,-7.6293945E-5,0.003692627,0.01689148,
1396206001161640225,3,0.12802124,0.19017029,-0.21116638,
1396206001161640225,0,0.11619568,0.19813538,-0.20335388,-0.028915405,0.02986145,-0.01675415,
1396206001181751309,3,0.21240234,0.072143555,-0.10862732,
1396206001181751309,0,0.20057678,0.08010864,-0.10081482,-0.037460327,0.04107666,-0.015686035,
1396206001201984464,3,0.2962494,0.059326172,-0.06163025,
1396206001201984464,0,0.28442383,0.06729126,-0.05381775,-0.01876831,-0.017669678,0.0067443848,
1396206001222126065,3,0.27755737,0.21687317,-0.05682373,
1396206001222126065,0,0.2657318,0.22483826,-0.04901123,-0.0075531006,-0.036361694,0.008346558,
1396206001242328702,3,0.32348633,0.31246948,-0.07658386,
1396206001242328702,0,0.31166077,0.32043457,-0.06877136,-0.03425598,0.0015563965,0.013153076,
1396206001262409268,3,0.33042908,0.3284912,-0.07978821,
1396206001262409268,0,0.31860352,0.3364563,-0.07197571,0.0132751465,0.004760742,0.0024719238,
1396206001282520352,3,0.14457703,0.37922668,-0.015167236,
1396206001282520352,0,0.13275146,0.38719177,-0.0073547363,0.06454468,-0.020339966,-0.02583313,
1396206001302692471,3,-0.029525757,0.3701477,0.06227112,
1396206001302692471,0,-0.04135132,0.3781128,0.07008362,0.017547607,0.026123047,-0.005004883,
1396206001322834073,3,-0.10429382,0.3097992,0.08470154,
1396206001322834073,0,-0.116119385,0.31776428,0.09251404,-0.0048828125,0.023452759,0.008880615,
1396206001342975675,3,-0.10322571,0.25105286,0.08950806,
1396206001342975675,0,-0.11505127,0.25901794,0.09732056,-0.01876831,0.011703491,-0.0023345947,
1396206001363117276,3,0.034561157,0.23236084,0.20166016,
1396206001363117276,0,0.022735596,0.24032593,0.20947266,-0.07858276,0.01864624,-0.03224182,
1396206001383197843,3,0.385437,0.09350586,0.31755066,
1396206001383197843,0,0.37361145,0.10147095,0.32536316,-0.10688782,0.06991577,-0.010345459,
1396206001403339444,3,0.61027527,-0.1452179,0.3511963,
1396206001403339444,0,0.5984497,-0.13725281,0.3590088,-0.019836426,0.051223755,0.009414673,
1396206001423481046,3,0.43670654,-0.20610046,0.29244995,
1396206001423481046,0,0.42488098,-0.19813538,0.30026245,0.08003235,-0.0011138916,0.03718567,
1396206001444428883,3,-0.045013428,-0.033065796,0.11941528,
1396206001444428883,0,-0.05683899,-0.025100708,0.12722778,0.12702942,-0.060928345,0.06388855,
1396206001463838063,3,-0.4888153,0.2051239,-0.0899353,
1396206001504121266,3,-0.2922821,0.08816528,-0.13372803,
1396206001504121266,0,-0.30410767,0.09613037,-0.12591553,-0.09140015,0.056030273,-0.0055389404,
1396206001524293385,3,-0.08293152,-0.053894043,-0.053085327,
1396206001524293385,0,-0.09475708,-0.045928955,-0.045272827,-0.03692627,0.025054932,-0.021026611,
1396206001545258961,3,-0.055160522,-0.05496216,0.059066772,
1396206001545258961,0,-0.066986084,-0.04699707,0.06687927,-0.010223389,-0.008056641,-0.019958496,
1396206001564546071,3,-0.025787354,-0.0074310303,0.12849426,
1396206001564546071,0,-0.037612915,5.340576E-4,0.13630676,-0.02998352,-0.0011138916,-7.324219E-4,
1396206001584718190,3,0.08155823,0.013931274,0.14611816,
1396206001584718190,0,0.069732666,0.021896362,0.15393066,-0.04333496,0.010635376,0.0019378662,
1396206001604859791,3,0.2129364,-0.026123047,0.1418457,
1396206001604859791,0,0.20111084,-0.018157959,0.1496582,-0.04333496,0.021850586,0.01689148,
1396206001625001393,3,0.27008057,-0.064575195,0.074020386,
1396206001625001393,0,0.258255,-0.056610107,0.081832886,-0.0032806396,0.01864624,0.03451538,
1396206001645875416,3,0.1461792,-0.069381714,-0.029052734,
1396206001645875416,0,0.13435364,-0.061416626,-0.021240234,0.03730774,-0.006454468,0.028640747,
1396206001665223561,3,-0.04714966,0.031555176,-0.060562134,
1396206001665223561,0,-0.05897522,0.039520264,-0.052749634,0.027694702,-0.03048706,0.0078125,
1396206001685670338,3,-0.11550903,0.13035583,-0.03012085,
1396206001685670338,0,-0.1273346,0.13832092,-0.02230835,-0.017166138,0.011703491,-0.008743286,
1396206001705567799,3,-0.020446777,-0.0010223389,0.07455444,
1396206001705567799,0,-0.03227234,0.006942749,0.08236694,-0.05241394,0.059768677,-0.02583313,
1396206001725709401,3,0.15899658,-0.20770264,0.18937683,
1396206001725709401,0,0.14717102,-0.19973755,0.19718933,-0.0566864,0.06137085,-0.0082092285,
1396206001745820485,3,0.25886536,-0.29475403,0.12475586,
1396206001745820485,0,0.2470398,-0.28678894,0.13256836,-0.007019043,-0.011795044,0.046798706,
1396206001765992604,3,0.10345459,-0.07846069,-0.064834595,
1396206001765992604,0,0.09162903,-0.070495605,-0.057022095,0.053329468,-0.06359863,0.05908203,
1396206001786164723,3,-0.15342712,0.11326599,-0.20796204,
1396206001786164723,0,-0.16525269,0.12123108,-0.20014954,0.047454834,-0.021408081,0.022766113,
1396206001806306324,3,-0.28427124,0.13356018,-0.17111206,
1396206001806306324,0,-0.2960968,0.14152527,-0.16329956,-0.0118255615,0.030929565,-0.022628784,
1396206001826447926,3,-0.16464233,-0.026657104,-0.005554199,
1396206001826447926,0,-0.1764679,-0.018692017,0.0022583008,-0.062026978,0.06510925,-0.039718628,
1396206001846589528,3,-0.067977905,-0.31077576,0.19845581,
1396206001846589528,0,-0.07980347,-0.30281067,0.20626831,-6.1035156E-4,0.0821991,-0.04826355,
1396206001866670094,3,-0.19348145,-0.46939087,0.31808472,
1396206001866670094,0,-0.205307,-0.46142578,0.32589722,0.030899048,0.0068969727,0.010482788,
1396206001886811696,3,-0.30456543,-0.25683594,0.19311523,
1396206001886811696,0,-0.316391,-0.24887085,0.20092773,-0.010757446,-0.09350586,0.05747986,
1396206001906953297,3,-0.08453369,0.11433411,0.04144287,
1396206001906953297,0,-0.09635925,0.122299194,0.04925537,-0.114364624,-0.053451538,0.032913208,
1396206001927094899,3,0.23910522,0.13996887,0.0013885498,
1396206001927094899,0,0.22727966,0.14793396,0.00920105,-0.05455017,0.053359985,0.0046081543,
1396206001947358571,3,0.2519226,-0.082733154,0.045181274,
1396206001947358571,0,0.24009705,-0.07476807,0.052993774,0.018081665,0.062438965,-0.0082092285,
1396206001967439137,3,3.8146973E-4,-0.23013306,0.029693604,
1396206001967439137,0,-0.011444092,-0.22216797,0.037506104,0.08590698,0.022918701,0.029708862,
1396206001987580739,3,-0.4156494,-0.16711426,-0.054153442,
1396206001987580739,0,-0.42747498,-0.15914917,-0.046340942,0.08216858,-0.04437256,0.020629883,
1396206002007691823,3,-0.5961609,0.06199646,-0.04133606,
1396206002007691823,0,-0.60798645,0.06996155,-0.03352356,-0.020370483,-0.027816772,-0.011413574,
1396206002027833424,3,-0.40550232,0.04597473,0.058532715,
1396206002027833424,0,-0.41732788,0.05393982,0.066345215,-0.08605957,0.04374695,-0.0236969,
1396206002048066578,3,-0.11177063,-0.08113098,0.16694641,
1396206002048066578,0,-0.12359619,-0.07316589,0.17475891,-0.07751465,0.030929565,-0.009277344,
1396206002068116627,3,0.043640137,-0.12332153,0.15039063,
1396206002068116627,0,0.031814575,-0.115356445,0.15820313,-0.022506714,4.8828125E-4,0.031845093,
1396206002088258229,3,0.028152466,-0.04588318,0.03289795,
1396206002088258229,0,0.016326904,-0.03791809,0.04071045,0.0025939941,-0.023544312,0.038253784,
1396206002108369313,3,-0.037002563,0.08229065,-0.068573,
1396206002108369313,0,-0.048828125,0.09025574,-0.060760498,4.5776367E-4,-0.013931274,0.027572632,
1396206002128510914,3,-0.06210327,0.10845947,-0.12411499,
1396206002128510914,0,-0.07392883,0.11642456,-0.11630249,-0.0075531006,0.017578125,0.01902771,
1396206002149445973,3,-0.03807068,0.021942139,-0.13212585,
1396206002149445973,0,-0.04989624,0.029907227,-0.124313354,-0.033721924,0.04321289,0.0014038086,
1396206002168824635,3,0.09651184,-0.1035614,-0.089401245,
1396206002168824635,0,0.08468628,-0.09559631,-0.081588745,-0.046539307,0.022384644,-0.005004883,
1396206002188996754,3,0.18249512,-0.06724548,-0.050949097,
1396206002188996754,0,0.17066956,-0.059280396,-0.043136597,-0.020370483,-0.012863159,0.003540039,
1396206002209138356,3,0.1915741,-0.02772522,-0.062164307,
1396206002209138356,0,0.17974854,-0.019760132,-0.054351807,-0.0059509277,0.0074310303,0.017959595,
1396206002229249440,3,0.17288208,-0.018112183,-0.09260559,
1396206002229249440,0,0.16105652,-0.010147095,-0.08479309,-0.015029907,0.0042266846,0.0067443848,
1396206002249299489,3,0.22201538,0.0037841797,-0.07551575,
1396206002249299489,0,0.21018982,0.011749268,-0.06770325,-0.028915405,-0.004852295,0.0024719238,
1396206002269563160,3,0.2508545,0.07748413,-0.05895996,
1396206002269563160,0,0.23902893,0.08544922,-0.05114746,-0.0064849854,-0.020874023,0.005142212,
1396206002289704762,3,0.16433716,0.20726013,-0.046676636,
1396206002289704762,0,0.1525116,0.21522522,-0.038864136,0.024490356,-0.012863159,0.0056762695,
1396206002309846364,3,0.046844482,0.2441101,-0.029586792,
1396206002309846364,0,0.03501892,0.2520752,-0.021774292,0.005264282,0.012237549,0.0056762695,
1396206002329957448,3,0.0025177002,0.22702026,-0.03492737,
1396206002329957448,0,-0.009307861,0.23498535,-0.027114868,0.0036621094,0.010101318,0.008880615,
1396206002350038014,3,-0.083999634,0.28736877,0.002456665,
1396206002350038014,0,-0.095825195,0.29533386,0.010269165,0.00579834,-0.01713562,-0.0071411133,
1396206002370271168,3,-0.14915466,0.3562622,0.05052185,
1396206002370271168,0,-0.16098022,0.3642273,0.05833435,0.0132751465,4.8828125E-4,-0.0071411133,
1396206002390412770,3,-0.26931763,0.28149414,0.12635803,
1396206002390412770,0,-0.2811432,0.28945923,0.13417053,0.005264282,0.04748535,-0.011413574,
1396206002410554371,3,-0.14221191,0.12181091,0.16694641,
1396206002410554371,0,-0.15403748,0.129776,0.17475891,-0.08552551,0.04374695,0.003540039,
1396206002430695973,3,0.1739502,0.02835083,0.19311523,
1396206002430695973,0,0.16212463,0.036315918,0.20092773,-0.08232117,0.0154418945,-0.0023345947,
1396206002450898610,3,0.3501892,0.03475952,0.22943115,
1396206002450898610,0,0.33836365,0.04272461,0.23724365,-0.02784729,0.0058288574,0.0040740967,
1396206002470979176,3,0.26901245,0.023544312,0.20753479,
1396206002470979176,0,0.2571869,0.0315094,0.21534729,0.0415802,0.014907837,0.023834229,
1396206002491120778,3,-0.026855469,0.008590698,0.11941528,
1396206002491120778,0,-0.03868103,0.016555786,0.12722778,0.07789612,0.009567261,0.033981323,
1396206002511262379,3,-0.38414,0.008590698,-0.014099121,
1396206002511262379,0,-0.39596558,0.016555786,-0.006286621,0.069885254,0.0042266846,0.044662476,
1396206002531403981,3,-0.5860138,0.022476196,-0.12251282,
1396206002531403981,0,-0.59783936,0.030441284,-0.11470032,0.0015258789,0.0052948,0.023834229,
1396206002551545582,3,-0.5080414,0.040100098,-0.12731934,
1396206002551545582,0,-0.51986694,0.048065186,-0.119506836,-0.058288574,0.0058288574,-0.0012664795,
1396206002571656666,3,-0.32165527,0.02835083,-0.076049805,
1396206002571656666,0,-0.33348083,0.036315918,-0.068237305,-0.05027771,0.011169434,-0.007675171,
1396206002591828785,3,-0.21324158,0.004852295,-0.0018157959,
1396206002591828785,0,-0.22506714,0.012817383,0.005996704,-0.044403076,0.030395508,-0.019958496,
1396206002611939869,3,-0.1235199,-0.058166504,0.0435791,
1396206002611939869,0,-0.13534546,-0.050201416,0.0513916,-0.033721924,0.014373779,0.008346558,
1396206002632081471,3,0.016937256,-0.03253174,0.020614624,
1396206002632081471,0,0.0051116943,-0.02456665,0.028427124,-0.05882263,-0.00592041,0.015289307,
1396206002652284108,3,0.16807556,0.0037841797,0.0061950684,
1396206002652284108,0,0.15625,0.011749268,0.014007568,-0.0390625,0.0026245117,0.010482788,
1396206002672334157,3,0.21560669,-0.004760742,-0.02798462,
1396206002672334157,0,0.20378113,0.0032043457,-0.02017212,-0.010757446,0.01864624,0.02330017,
1396206002692750416,3,0.18409729,-0.049621582,-0.1000824,
1396206002692750416,0,0.17227173,-0.041656494,-0.0922699,0.0015258789,0.022918701,0.025970459,
1396206002712617360,3,0.10185242,-0.13079834,-0.13853455,
1396206002712617360,0,0.090026855,-0.12283325,-0.13072205,0.014343262,0.026123047,0.0078125,
1396206002732789479,3,0.059127808,-0.17619324,-0.10328674,
1396206002732789479,0,0.047302246,-0.16822815,-0.09547424,-0.019836426,0.012771606,-0.005004883,
1396206002752992115,3,0.09437561,-0.17886353,-0.062698364,
1396206002752992115,0,0.08255005,-0.17089844,-0.054885864,-0.01876831,0.0026245117,3.3569336E-4,
1396206002773103199,3,0.14404297,-0.118515015,-0.0231781,
1396206002773103199,0,0.1322174,-0.11054993,-0.015365601,-0.031051636,-0.007522583,-0.0018005371,
1396206002793214283,3,0.21774292,-0.10462952,-0.025314331,
1396206002793214283,0,0.20591736,-0.09666443,-0.017501831,-0.02784729,0.017044067,0.016357422,
1396206002813386403,3,0.24497986,-0.13400269,-0.082458496,
1396206002813386403,0,0.2331543,-0.1260376,-0.074645996,-0.0048828125,0.0058288574,0.026504517,
1396206002833528004,3,0.117874146,-0.10676575,-0.13853455,
1396206002833528004,0,0.106048584,-0.09880066,-0.13072205,0.038909912,-0.0011138916,0.013153076,
1396206002853730641,3,-0.04928589,-0.072052,-0.096343994,
1396206002853730641,0,-0.06111145,-0.064086914,-0.088531494,0.018081665,0.0068969727,-0.019424438,
1396206002873750172,3,-0.088272095,-0.102493286,0.018478394,
1396206002873750172,0,-0.100097656,-0.0945282,0.026290894,-0.017700195,0.020248413,-0.019958496,
1396206002893922291,3,-0.11230469,-0.14361572,0.09591675,
1396206002893922291,0,-0.12413025,-0.13565063,0.10372925,9.918213E-4,0.010101318,-0.0066070557,
1396206002914063893,3,-0.07865906,-0.18901062,0.10820007,
1396206002914063893,0,-0.09048462,-0.18104553,0.11601257,-0.044403076,0.022384644,0.017425537,
1396206002934205494,3,0.13069153,-0.12599182,0.07722473,
1396206002934205494,0,0.11886597,-0.11802673,0.08503723,-0.0743103,-0.029953003,0.012084961,
1396206002954408131,3,0.25512695,-0.02558899,0.08149719,
1396206002954408131,0,0.24330139,-0.017623901,0.08930969,-0.0064849854,-0.0011138916,0.0056762695,
1396206002974458180,3,0.093307495,-0.030929565,0.06333923,
1396206002974458180,0,0.08148193,-0.022964478,0.07115173,0.05706787,0.014907837,0.017425537,
1396206002994996510,3,-0.2004242,-0.061904907,-0.005554199,
1396206002994996510,0,-0.21224976,-0.05393982,0.0022583008,0.060272217,0.013839722,0.032913208,
1396206003014802418,3,-0.44128418,-0.021316528,-0.10221863,
1396206003014802418,0,-0.45310974,-0.01335144,-0.09440613,0.029830933,-0.020339966,0.023834229,
1396206003034944020,3,-0.47065735,0.06680298,-0.089401245,
1396206003034944020,0,-0.4824829,0.07476807,-0.081588745,-0.04119873,0.003692627,-0.01461792,
1396206003055233159,3,-0.26184082,0.010726929,0.04144287,
1396206003055233159,0,-0.27366638,0.018692017,0.04925537,-0.078048706,0.038406372,-0.03224182,
1396206003075313726,3,-0.070114136,-0.073654175,0.17655945,
1396206003075313726,0,-0.0819397,-0.06568909,0.18437195,-0.0390625,0.015975952,-0.015686035,
1396206003095821538,3,-0.04447937,-0.075790405,0.17816162,
1396206003095821538,0,-0.05630493,-0.06782532,0.18597412,0.0015258789,-4.5776367E-5,0.030776978,
1396206003115657964,3,-0.11604309,0.0016479492,0.06867981,
1396206003115657964,0,-0.12786865,0.009613037,0.07649231,4.5776367E-4,-0.017669678,0.03665161,
1396206003135799566,3,-0.10055542,0.08442688,-0.031723022,
1396206003135799566,0,-0.11238098,0.09239197,-0.023910522,-0.028915405,-0.006454468,0.03024292,
1396206003155941167,3,0.0073242188,0.12608337,-0.1214447,
1396206003155941167,0,-0.004501343,0.13404846,-0.1136322,-0.05027771,0.002090454,0.03024292,
1396206003176021734,3,0.19210815,0.061462402,-0.18499756,
1396206003176021734,0,0.1802826,0.06942749,-0.17718506,-0.062026978,0.046417236,0.01689148,
1396206003196560064,3,0.3555298,-0.04801941,-0.18286133,
1396206003196560064,0,0.34370422,-0.04005432,-0.17504883,-0.036392212,0.021316528,-0.008743286,
1396206003216365972,3,0.38116455,-0.06777954,-0.09474182,
1396206003216365972,0,0.369339,-0.059814453,-0.08692932,-7.6293945E-5,0.004760742,-0.015686035,
1396206003236507573,3,0.23963928,-0.03894043,-0.03012085,
1396206003236507573,0,0.22781372,-0.030975342,-0.02230835,0.041046143,0.0015563965,0.0030059814,
1396206003256649175,3,0.070877075,-0.017044067,-0.08085632,
1396206003256649175,0,0.059051514,-0.0090789795,-0.07304382,0.012207031,-0.0011138916,0.033447266,
1396206003276729741,3,0.106658936,0.015533447,-0.15135193,
1396206003276729741,0,0.094833374,0.023498535,-0.14353943,-0.053482056,0.004760742,0.016357422,
1396206003297268071,3,0.33950806,0.023544312,-0.13265991,
1396206003297268071,0,0.3276825,0.0315094,-0.12484741,-0.073776245,0.002090454,-0.010879517,
1396206003317073980,3,0.49812317,0.07267761,-0.03225708,
1396206003317073980,0,0.4862976,0.0806427,-0.02444458,-0.028381348,-0.007522583,-0.019424438,
1396206003337185064,3,0.4537964,0.09030151,0.027023315,
1396206003337185064,0,0.44197083,0.0982666,0.034835815,0.03303528,0.011169434,0.003540039,
1396206003357357183,3,0.17501831,0.12554932,-0.02798462,
1396206003357357183,0,0.16319275,0.1335144,-0.02017212,0.08003235,-0.016601563,0.0393219,
1396206003377437749,3,-0.20576477,0.25265503,-0.13853455,
1396206003377437749,0,-0.21759033,0.26062012,-0.13072205,0.0730896,-0.021942139,0.024902344,
1396206003397640386,3,-0.40122986,0.31941223,-0.098480225,
1396206003397640386,0,-0.41305542,0.32737732,-0.090667725,-0.0016784668,0.0052948,-0.026901245,
1396206003417781987,3,-0.34835815,0.26867676,0.08470154,
1396206003417781987,0,-0.36018372,0.27664185,0.09251404,-0.042800903,0.040008545,-0.04559326,
1396206003437923589,3,-0.19134521,0.063064575,0.28123474,
1396206003437923589,0,-0.20317078,0.07102966,0.28904724,-0.060958862,0.07044983,-0.03277588,
1396206003458034673,3,0.048980713,-0.13026428,0.3736267,
1396206003458034673,0,0.03715515,-0.122299194,0.3814392,-0.08018494,0.037338257,0.006210327,
1396206003478145757,3,0.2129364,-0.08807373,0.28604126,
1396206003478145757,0,0.20111084,-0.08010864,0.29385376,-0.012359619,-0.039031982,0.046798706,
1396206003498531499,3,0.04524231,0.09564209,0.16107178,
1396206003498531499,0,0.033416748,0.10360718,0.16888428,0.060272217,-0.025146484,0.029708862,
1396206003518459478,3,-0.22285461,0.12020874,0.10713196,
1396206003518459478,0,-0.23468018,0.12817383,0.11494446,0.04425049,0.026123047,0.012084961,
1396206003538601079,3,-0.33073425,0.027816772,0.10926819,
1396206003538601079,0,-0.3425598,0.03578186,0.11708069,-0.015563965,0.028793335,0.0046081543,
1396206003558742681,3,-0.23834229,-0.026123047,0.1065979,
1396206003558742681,0,-0.25016785,-0.018157959,0.1144104,-0.047073364,0.017578125,0.011550903,
1396206003578853765,3,-0.12084961,-0.051223755,0.07936096,
1396206003578853765,0,-0.13267517,-0.043258667,0.08717346,-0.026779175,0.0084991455,0.016357422,
1396206003599117437,3,-0.14328003,-0.0084991455,0.047851563,
1396206003599117437,0,-0.15510559,-5.340576E-4,0.055664063,0.011672974,-0.013931274,0.017959595,
1396206003619167486,3,-0.22605896,0.053985596,0.0029907227,
1396206003619167486,0,-0.23788452,0.061950684,0.010803223,0.0036621094,-0.0016479492,0.020095825,
1396206003659450689,3,0.079422,0.047042847,-0.05949402,
1396206003659450689,0,0.067596436,0.055007935,-0.05168152,-0.084991455,0.017044067,0.012084961,
1396206003679592290,3,0.28289795,0.027282715,-0.05682373,
1396206003679592290,0,0.2710724,0.035247803,-0.04901123,-0.037460327,-0.0016479492,0.005142212,
1396206003699733892,3,0.2898407,0.10205078,-0.053619385,
1396206003699733892,0,0.27801514,0.11001587,-0.045806885,0.006866455,-0.016601563,0.009414673,
1396206003719844976,3,0.19317627,0.17628479,-0.09260559,
1396206003719844976,0,0.18135071,0.18424988,-0.08479309,0.01914978,0.0052948,0.03024292,
1396206003740017095,3,0.093307495,0.11540222,-0.18553162,
1396206003740017095,0,0.08148193,0.12336731,-0.17771912,0.0047302246,0.03413391,0.025970459,
1396206003760189214,3,0.04524231,-0.007965088,-0.19354248,
1396206003760189214,0,0.033416748,0.0,-0.18572998,-0.002746582,0.042144775,-0.0066070557,
1396206003780330816,3,0.050048828,-0.09501648,-0.11557007,
1396206003780330816,0,0.038223267,-0.08705139,-0.10775757,-0.026779175,0.022384644,-0.009811401,
1396206003800472417,3,0.13442993,-0.1174469,-0.03225708,
1396206003800472417,0,0.12260437,-0.10948181,-0.02444458,-0.036392212,-0.0011138916,-0.010879517,
1396206003820614019,3,0.21347046,-0.059768677,0.036636353,
1396206003820614019,0,0.2016449,-0.05180359,0.044448853,-0.020370483,-0.0021820068,-0.0039367676,
1396206003840755620,3,0.23483276,-0.10195923,0.018478394,
1396206003840755620,0,0.2230072,-0.09399414,0.026290894,-0.0118255615,0.007965088,0.0078125,
1396206003860940456,3,0.2268219,-0.18473816,-0.031188965,
1396206003860940456,0,0.21499634,-0.17677307,-0.023376465,0.0036621094,0.03199768,0.024368286,
1396206003881082058,3,0.124816895,-0.17779541,-0.09207153,
1396206003881082058,0,0.11299133,-0.16983032,-0.08425903,0.020217896,-0.018737793,0.02116394,
1396206003901223659,3,0.0340271,-0.06510925,-0.10862732,
1396206003901223659,0,0.022201538,-0.057144165,-0.10081482,-0.010757446,-0.01499939,-0.0039367676,
1396206003921334743,3,0.20973206,-0.1350708,-0.010894775,
1396206003921334743,0,0.1979065,-0.12710571,-0.0030822754,-0.08605957,0.046417236,-0.02583313,
1396206003941506863,3,0.37475586,-0.2611084,0.10018921,
1396206003941506863,0,0.3629303,-0.2531433,0.10800171,-0.010757446,0.027191162,-0.011947632,
1396206003961709499,3,0.2796936,-0.23547363,0.10232544,
1396206003961709499,0,0.26786804,-0.22750854,0.11013794,0.023422241,-0.023010254,0.028640747,
1396206003981790066,3,0.10986328,-0.06350708,0.002456665,
1396206003981790066,0,0.09803772,-0.055541992,0.010269165,0.03303528,-0.05078125,0.02810669,
1396206004001901150,3,0.04310608,0.08656311,-0.057891846,
1396206004001901150,0,0.031280518,0.0945282,-0.050079346,-0.023040771,0.006362915,0.02116394,
1396206004022073269,3,0.075149536,0.02407837,-0.066970825,
1396206004022073269,0,0.063323975,0.032043457,-0.059158325,-0.007019043,0.028259277,-0.0018005371,
1396206004062417507,3,-0.24101257,-0.04321289,-0.06803894,
1396206004062417507,0,-0.25283813,-0.035247803,-0.06022644,0.062408447,0.004760742,0.015289307,
1396206004082498073,3,-0.504303,5.79834E-4,-0.054153442,
1396206004082498073,0,-0.51612854,0.008544922,-0.046340942,0.036239624,-0.009124756,-0.0082092285,
1396206004102548122,3,-0.559845,0.0262146,0.008331299,
1396206004102548122,0,-0.57167053,0.034179688,0.016143799,-0.02784729,0.004760742,-0.004470825,
1396206004122781277,3,-0.46051025,0.019805908,0.047851563,
1396206004122781277,0,-0.47233582,0.027770996,0.055664063,-0.042800903,0.02078247,0.0030059814,
1396206004142922878,3,-0.2997589,-0.06617737,0.030761719,
1396206004142922878,0,-0.31158447,-0.05821228,0.03857422,-0.060424805,0.03413391,0.02116394,
1396206004163125515,3,-0.119781494,-0.12171936,-0.019973755,
1396206004163125515,0,-0.13160706,-0.11375427,-0.012161255,-0.044937134,-0.0021820068,0.014221191,
1396206004183236599,3,-0.06530762,-0.033599854,-0.062698364,
1396206004183236599,0,-0.07713318,-0.025634766,-0.054885864,-0.012893677,-0.017669678,0.024902344,
1396206004203256130,3,-0.053024292,0.049179077,-0.1038208,
1396206004203256130,0,-0.06484985,0.057144165,-0.0960083,-0.023040771,-0.0011138916,0.010482788,
1396206004223519802,3,0.042037964,0.020874023,-0.098480225,
1396206004223519802,0,0.030212402,0.028839111,-0.090667725,-0.044403076,0.023986816,-1.9836426E-4,
1396206004243661404,3,0.13389587,-0.03253174,-0.050949097,
1396206004243661404,0,0.12207031,-0.02456665,-0.043136597,-0.021972656,0.01864624,-0.0082092285,
1396206004263803005,3,0.11947632,-0.0368042,-0.023712158,
1396206004263803005,0,0.10765076,-0.028839111,-0.015899658,0.0074005127,0.0026245117,0.01689148,
1396206004283944607,3,0.009460449,-0.009567261,-0.08139038,
1396206004283944607,0,-0.0023651123,-0.0016021729,-0.07357788,0.018081665,-0.0021820068,0.02330017,
1396206004303933620,3,-0.054626465,0.029418945,-0.12731934,
1396206004303933620,0,-0.06645203,0.037384033,-0.119506836,-0.010757446,0.013305664,0.012619019,
1396206004324227810,3,-0.029525757,-0.015975952,-0.11503601,
1396206004324227810,0,-0.04135132,-0.008010864,-0.10722351,-0.027313232,0.009567261,-0.005004883,
1396206004344369411,3,0.08262634,0.016067505,-0.056289673,
1396206004344369411,0,0.07080078,0.024032593,-0.048477173,-0.047607422,-4.5776367E-5,-0.0082092285,
1396206004364572048,3,0.18463135,0.03315735,0.012069702,
1396206004364572048,0,0.17280579,0.041122437,0.019882202,-0.026779175,0.0010223389,-0.013549805,
1396206004384652614,3,0.23643494,0.037963867,0.07829285,
1396206004384652614,0,0.22460938,0.045928955,0.08610535,-0.024108887,0.012237549,-0.0039367676,
1396206004404672146,3,0.2620697,0.0262146,0.09538269,
1396206004404672146,0,0.25024414,0.034179688,0.10319519,-0.008087158,0.013305664,0.012084961,
1396206004424935818,3,0.181427,0.006454468,0.052124023,
1396206004424935818,0,0.16960144,0.014419556,0.059936523,0.02128601,-4.5776367E-5,0.022232056,
1396206004445077419,3,0.044174194,0.053985596,-0.024780273,
1396206004445077419,0,0.032348633,0.061950684,-0.016967773,0.020751953,-0.0069885254,0.03718567,
1396206004465249538,3,-0.08506775,0.15171814,-0.1251831,
1396206004465249538,0,-0.09689331,0.15968323,-0.117370605,0.021820068,-0.021408081,0.02116394,
1396206004485330105,3,-0.18440247,0.2579956,-0.102752686,
1396206004485330105,0,-0.19622803,0.2659607,-0.094940186,-0.0038146973,-0.015533447,-0.014083862,
1396206004505441189,3,-0.13793945,0.2846985,0.009933472,
1396206004505441189,0,-0.14976501,0.29266357,0.017745972,-0.039596558,0.009033203,-0.028503418,
1396206004525613308,3,-0.037002563,0.22702026,0.16000366,
1396206004525613308,0,-0.048828125,0.23498535,0.16781616,-0.027313232,0.044281006,-0.031173706,
1396206004545754909,3,-0.043945313,0.07962036,0.28710938,
1396206004545754909,0,-0.055770874,0.08758545,0.29492188,-0.0011444092,0.0368042,-0.010879517,
1396206004565988064,3,-0.056762695,0.023544312,0.2529297,
1396206004565988064,0,-0.06858826,0.0315094,0.2607422,-0.013961792,0.0052948,0.038253784,
1396206004586068630,3,-0.0642395,0.08816528,0.14344788,
1396206004586068630,0,-0.07606506,0.09613037,0.15126038,-0.0075531006,-0.013397217,0.02810669,
1396206004606179714,3,-0.06744385,0.11593628,0.09965515,
1396206004606179714,0,-0.07926941,0.12390137,0.10746765,-0.018234253,0.004760742,0.0056762695,
1396206004626351833,3,-0.010299683,0.07962036,0.1343689,
1396206004626351833,0,-0.022125244,0.08758545,0.1421814,-0.026245117,0.037872314,-0.0012664795,
1396206004646493435,3,-0.033798218,-0.033599854,0.16481018,
1396206004646493435,0,-0.04562378,-0.025634766,0.17262268,0.015411377,0.029327393,0.0046081543,
1396206004666635036,3,-0.19882202,-0.05656433,0.11994934,
1396206004666635036,0,-0.21064758,-0.048599243,0.12776184,0.038375854,-0.0043182373,0.03024292,
1396206004686776638,3,-0.35636902,0.054519653,0.0056610107,
1396206004686776638,0,-0.36819458,0.06248474,0.013473511,0.009002686,-0.029953003,0.033447266,
1396206004706918239,3,-0.32058716,0.13943481,-0.03012085,
1396206004706918239,0,-0.33241272,0.1473999,-0.02230835,-0.05027771,0.009033203,-0.0023345947,
1396206004727059841,3,-0.12138367,0.06680298,0.06387329,
1396206004727059841,0,-0.13320923,0.07476807,0.07168579,-0.066833496,0.03253174,-0.026901245,
1396206004747201443,3,0.05378723,0.027816772,0.16854858,
1396206004747201443,0,0.04196167,0.03578186,0.17636108,-0.04119873,0.002090454,-0.00340271,
1396206004767404079,3,0.113601685,0.067337036,0.14985657,
1396206004767404079,0,0.10177612,0.075302124,0.15766907,-0.011291504,-0.006454468,0.027038574,
1396206004787484646,3,0.077819824,0.085494995,0.06814575,
1396206004787484646,0,0.06599426,0.09346008,0.07595825,0.0031280518,0.018112183,0.024368286,
1396206004807595730,3,-0.0065612793,0.010726929,0.015274048,
1396206004807595730,0,-0.01838684,0.018692017,0.023086548,0.015945435,0.02986145,0.019561768,
1396206004827767849,3,-0.09628296,0.0011138916,-0.03919983,
1396206004827767849,0,-0.10810852,0.0090789795,-0.03138733,-0.0032806396,-0.008590698,0.025970459,
1396206004847909450,3,-0.05142212,0.051849365,-0.093673706,
1396206004847909450,0,-0.06324768,0.059814453,-0.085861206,-0.036392212,0.010101318,0.017425537,
1396206004868051052,3,0.044174194,0.0021820068,-0.1038208,
1396206004868051052,0,0.032348633,0.010147095,-0.0960083,-0.030517578,0.028793335,0.0019378662,
1396206004888192654,3,0.05378723,-0.05229187,-0.050949097,
1396206004888192654,0,0.04196167,-0.044326782,-0.043136597,0.0015258789,0.011703491,-0.010345459,
1396206004908303738,3,0.01159668,-0.11691284,-0.011962891,
1396206004908303738,0,-2.2888184E-4,-0.108947754,-0.0041503906,-0.0064849854,0.031463623,0.008346558,
1396206004928445339,3,0.007858276,-0.16337585,-0.025848389,
1396206004928445339,0,-0.003967285,-0.15541077,-0.018035889,-0.01663208,0.0052948,0.014755249,
1396206004948617458,3,0.04096985,-0.1350708,-0.06536865,
1396206004948617458,0,0.029144287,-0.12710571,-0.057556152,-0.021972656,-5.79834E-4,0.015823364,
1396206004968820095,3,0.079956055,-0.12438965,-0.07444763,
1396206004968820095,0,0.06813049,-0.11642456,-0.06663513,-0.020370483,0.01651001,0.0046081543,
1396206004988900661,3,0.11734009,-0.16070557,-0.04774475,
1396206004988900661,0,0.10551453,-0.15274048,-0.03993225,-0.022506714,0.007965088,-0.006072998,
1396206005009042263,3,0.13069153,-0.19274902,0.040908813,
1396206005009042263,0,0.11886597,-0.18478394,0.048721313,-0.0059509277,0.029327393,-0.021026611,
1396206005029183864,3,0.084228516,-0.27766418,0.1204834,
1396206005029183864,0,0.072402954,-0.2696991,0.1282959,0.004196167,0.015975952,-0.0023345947,
1396206005049325466,3,0.044708252,-0.2397461,0.13009644,
1396206005049325466,0,0.03288269,-0.231781,0.13790894,-0.012893677,-0.012329102,0.011550903,
1396206005069467068,3,0.059127808,-0.17085266,0.11834717,
1396206005069467068,0,0.047302246,-0.16288757,0.12615967,-0.010223389,0.002090454,0.010482788,
1396206005089608669,3,0.0035858154,-0.17832947,0.090042114,
1396206005089608669,0,-0.008239746,-0.17036438,0.097854614,0.00793457,0.0084991455,0.021697998,
1396206005109750271,3,-0.07385254,-0.11691284,0.018478394,
1396206005109750271,0,-0.0856781,-0.108947754,0.026290894,0.0063323975,-0.016601563,0.023834229,
1396206005129891872,3,-0.12245178,-0.07632446,-0.013031006,
1396206005129891872,0,-0.13427734,-0.068359375,-0.005218506,-0.013427734,0.0154418945,0.012619019,
1396206005150002956,3,-0.03807068,-0.10623169,-0.015167236,
1396206005150002956,0,-0.04989624,-0.0982666,-0.0073547363,-0.046539307,0.0068969727,0.0072784424,
1396206005170236111,3,0.059127808,-0.13346863,-0.010894775,
1396206005170236111,0,0.047302246,-0.12550354,-0.0030822754,-0.027313232,0.02772522,0.006210327,
1396206005190286159,3,0.0073242188,-0.24401855,0.019546509,
1396206005190286159,0,-0.004501343,-0.23605347,0.027359009,-0.0032806396,-5.79834E-4,0.0046081543,
1396206005210427761,3,0.08529663,-0.18206787,-0.1353302,
1396206005210427761,0,0.07347107,-0.17410278,-0.1275177,-0.031051636,-0.009124756,0.049468994,
1396206005230569363,3,0.0340271,-0.18847656,-0.28379822,
1396206005230569363,0,0.022201538,-0.18051147,-0.27598572,0.036239624,0.014373779,0.033447266,
1396206005250710964,3,-0.1550293,-0.09234619,-0.38206482,
1396206005250710964,0,-0.16685486,-0.0843811,-0.37425232,0.03944397,-0.016601563,0.024902344,
1396206005331246853,3,0.10719299,-0.34709167,-0.028518677,
1396206005331246853,0,0.09536743,-0.3391266,-0.020706177,-0.030517578,-0.003250122,-0.029571533,
1396206005351418972,3,0.16273499,-0.26324463,0.052124023,
1396206005351418972,0,0.15090942,-0.25527954,0.059936523,-0.024108887,-0.020874023,-0.00340271,
